2023.03.28 (087) 00:00:05.000
Station name: BOULDER
URSI code: BC840
Ionosonde model: DGS-256
  Freq  Range Pol MPA Amp Doppler    Az    Zn  PGH
 1.700  105.0  90  54  66  -0.781   0.0   0.0
 1.700  110.0  90  54  72  -0.781   0.0   0.0
 1.750  105.0  90  54  66   0.781   0.0   0.0
 1.750  110.0  90  54  66  -0.781   0.0   0.0
 1.850  120.0  90  48  60  -0.781   0.0   0.0
 1.850  125.0  90  48  60  -0.781   0.0   0.0
 1.900  120.0  90  54  66  -0.781   0.0   0.0
 1.900  125.0  90  54  66  -0.781   0.0   0.0
 1.950  120.0  90  48  60  -0.781   0.0   0.0
 1.950  125.0  90  48  66  -0.781   0.0   0.0
 2.000  120.0  90  48  66  -0.781   0.0   0.0
 2.000  125.0  90  48  72  -0.781   0.0   0.0
 2.000  130.0  90  48  60   0.781   0.0   0.0
 2.050   65.0  90  48  60   0.781   0.0   0.0
 2.050  125.0  90  48  66   0.781   0.0   0.0
 2.050  130.0  90  48  60  -0.781   0.0   0.0
 2.050   60.0 -90  48  72   0.781   0.0   0.0
 2.100   65.0  90  54  66   0.781   0.0   0.0
 2.100  125.0  90  54  72   0.781   0.0   0.0
 2.100  130.0  90  54  66  -0.781   0.0   0.0
 2.100   60.0 -90  54  78   0.781   0.0   0.0
 2.150  125.0  90  48  66  -0.781   0.0   0.0
 2.150  130.0  90  48  66  -0.781   0.0   0.0
 2.200  125.0  90  54  66  -0.781   0.0   0.0
 2.200  130.0  90  54  72  -0.781   0.0   0.0
 2.250  125.0  90  48  60  -0.781   0.0   0.0
 2.250  130.0  90  48  72  -0.781   0.0   0.0
 2.250  135.0  90  48  60  -0.781   0.0   0.0
 2.300  130.0  90  48  66  -0.781   0.0   0.0
 2.300  135.0  90  48  66  -0.781   0.0   0.0
 2.350  130.0  90  48  60   0.781   0.0   0.0
 2.350  135.0  90  48  66  -0.781   0.0   0.0
 2.400  130.0  90  54  72  -0.781   0.0   0.0
 2.400  135.0  90  54  72  -0.781   0.0   0.0
 2.800  265.0  90  54  66  -0.781   0.0   0.0
 2.800  270.0  90  54  66  -0.781   0.0   0.0
 2.850  260.0  90  54  66  -0.781   0.0   0.0
 2.850  265.0  90  54  72  -0.781   0.0   0.0
 2.850  270.0  90  54  66  -0.781   0.0   0.0
 2.900  255.0  90  54  72  -0.781   0.0   0.0
 2.900  265.0  90  54  72  -0.781   0.0   0.0
 2.900  270.0  90  54  72  -0.781   0.0   0.0
 2.900  275.0  90  54  72  -0.781   0.0   0.0
 2.950  250.0  90  48  66  -0.781   0.0   0.0
 2.950  255.0  90  48  66  -0.781   0.0   0.0
 3.000  250.0  90  48  72  -0.781   0.0   0.0
 3.000  255.0  90  48  66  -0.781   0.0   0.0
 3.050  245.0  90  48  60  -0.781   0.0   0.0
 3.050  250.0  90  48  72  -0.781   0.0   0.0
 3.050  255.0  90  48  66  -0.781   0.0   0.0
 3.100  245.0  90  54  72  -0.781   0.0   0.0
 3.100  250.0  90  54  78  -0.781   0.0   0.0
 3.100  255.0  90  54  66  -0.781   0.0   0.0
 3.150  240.0  90  48  60  -0.781   0.0   0.0
 3.150  245.0  90  48  78  -0.781   0.0   0.0
 3.150  250.0  90  48  72  -0.781   0.0   0.0
 3.150  485.0  90  48  60  -0.781   0.0   0.0
 3.200  240.0  90  54  72  -0.781   0.0   0.0
 3.200  245.0  90  54  84  -0.781   0.0   0.0
 3.200  250.0  90  54  78  -0.781   0.0   0.0
 3.250  240.0  90  54  72  -0.781   0.0   0.0
 3.250  245.0  90  54  84  -0.781   0.0   0.0
 3.250  250.0  90  54  72  -0.781   0.0   0.0
 3.250  495.0  90  54  66  -0.781   0.0   0.0
 3.300  240.0  90  54  66  -0.781   0.0   0.0
 3.300  245.0  90  54  84  -0.781   0.0   0.0
 3.300  250.0  90  54  78  -0.781   0.0   0.0
 3.300  495.0  90  54  66  -0.781   0.0   0.0
 3.300  500.0  90  54  66  -0.781   0.0   0.0
 3.350  245.0  90  60  84  -0.781   0.0   0.0
 3.350  250.0  90  60  78  -0.781   0.0   0.0
 3.400  245.0  90  54  78  -0.781   0.0   0.0
 3.400  250.0  90  54  78  -0.781   0.0   0.0
 3.400  255.0  90  54  66  -0.781   0.0   0.0
 3.400  485.0  90  54  66  -0.781   0.0   0.0
 3.400  500.0  90  54  66  -0.781   0.0   0.0
 3.450  245.0  90  54  78  -0.781   0.0   0.0
 3.450  250.0  90  54  78  -0.781   0.0   0.0
 3.450  255.0  90  54  66  -0.781   0.0   0.0
 3.450  495.0  90  54  66  -0.781   0.0   0.0
 3.450  500.0  90  54  66  -0.781   0.0   0.0
 3.500  245.0  90  54  72  -0.781   0.0   0.0
 3.500  250.0  90  54  78  -0.781   0.0   0.0
 3.500  255.0  90  54  72  -0.781   0.0   0.0
 3.500  495.0  90  54  66  -0.781   0.0   0.0
 3.500  500.0  90  54  66  -0.781   0.0   0.0
 3.550  245.0  90  48  72  -0.781   0.0   0.0
 3.550  250.0  90  48  78  -0.781   0.0   0.0
 3.550  255.0  90  48  66  -0.781   0.0   0.0
 3.550  485.0  90  48  66  -0.781   0.0   0.0
 3.550  490.0  90  48  60  -0.781   0.0   0.0
 3.600  245.0  90  54  66  -0.781   0.0   0.0
 3.600  250.0  90  54  78  -0.781   0.0   0.0
 3.600  255.0  90  54  72  -0.781   0.0   0.0
 3.650  250.0  90  48  72  -0.781   0.0   0.0
 3.650  255.0  90  48  66  -0.781   0.0   0.0
 3.700  250.0  90  54  78  -0.781   0.0   0.0
 3.700  255.0  90  54  72  -0.781   0.0   0.0
 3.750  250.0  90  54  72  -0.781   0.0   0.0
 3.750  255.0  90  54  72  -0.781   0.0   0.0
 3.800  250.0  90  54  72  -0.781   0.0   0.0
 3.800  255.0  90  54  72  -0.781   0.0   0.0
 3.850  250.0  90  54  72  -0.781   0.0   0.0
 3.850  255.0  90  54  72  -0.781   0.0   0.0
 3.900  250.0  90  48  72  -0.781   0.0   0.0
 3.900  255.0  90  48  72  -0.781   0.0   0.0
 3.900  260.0  90  48  60  -0.781   0.0   0.0
 3.950  250.0  90  48  66  -0.781   0.0   0.0
 3.950  255.0  90  48  66  -0.781   0.0   0.0
 4.000  250.0  90  54  72  -0.781   0.0   0.0
 4.000  255.0  90  54  72  -0.781   0.0   0.0
 4.050  250.0  90  54  72  -0.781   0.0   0.0
 4.050  255.0  90  54  72  -0.781   0.0   0.0
 4.100  250.0  90  54  66  -0.781   0.0   0.0
 4.100  255.0  90  54  72  -0.781   0.0   0.0
 4.150  250.0  90  54  66  -0.781   0.0   0.0
 4.150  255.0  90  54  66  -0.781   0.0   0.0
 4.200  275.0 -90  54  66  -0.781   0.0   0.0
 4.250  250.0  90  54  66  -0.781   0.0   0.0
 4.250  255.0  90  54  72  -0.781   0.0   0.0
 4.250  270.0 -90  54  66  -0.781   0.0   0.0
 4.250  275.0 -90  54  66  -0.781   0.0   0.0
 4.300  250.0  90  54  72  -0.781   0.0   0.0
 4.300  255.0  90  54  72  -0.781   0.0   0.0
 4.300  260.0  90  54  66  -0.781   0.0   0.0
 4.300  270.0 -90  54  66  -0.781   0.0   0.0
 4.300  275.0 -90  54  66  -0.781   0.0   0.0
 4.350  250.0  90  54  66  -0.781   0.0   0.0
 4.350  255.0  90  54  72  -0.781   0.0   0.0
 4.350  260.0  90  54  66  -0.781   0.0   0.0
 4.350  270.0 -90  54  66  -0.781   0.0   0.0
 4.350  275.0 -90  54  66  -0.781   0.0   0.0
 4.400  250.0  90  54  72  -0.781   0.0   0.0
 4.400  255.0  90  54  72  -0.781   0.0   0.0
 4.400  260.0  90  54  66  -0.781   0.0   0.0
 4.400  270.0 -90  54  66  -0.781   0.0   0.0
 4.400  275.0 -90  54  66  -0.781   0.0   0.0
 4.450  250.0  90  48  66  -0.781   0.0   0.0
 4.450  255.0  90  48  72  -0.781   0.0   0.0
 4.450  260.0  90  48  66   0.781   0.0   0.0
 4.450  495.0  90  48  60  -0.781   0.0   0.0
 4.450  500.0  90  48  60  -0.781   0.0   0.0
 4.450  505.0  90  48  60  -0.781   0.0   0.0
 4.450  270.0 -90  48  66  -0.781   0.0   0.0
 4.450  275.0 -90  48  66  -0.781   0.0   0.0
 4.500  250.0  90  48  66  -0.781   0.0   0.0
 4.500  255.0  90  48  72  -0.781   0.0   0.0
 4.500  260.0  90  48  66  -0.781   0.0   0.0
 4.500  500.0  90  48  60  -0.781   0.0   0.0
 4.500  270.0 -90  48  66  -0.781   0.0   0.0
 4.500  275.0 -90  48  60  -0.781   0.0   0.0
 4.550  250.0  90  48  66  -0.781   0.0   0.0
 4.550  255.0  90  48  78  -0.781   0.0   0.0
 4.550  260.0  90  48  66  -0.781   0.0   0.0
 4.550  270.0 -90  48  66  -0.781   0.0   0.0
 4.550  275.0 -90  48  66  -0.781   0.0   0.0
 4.600  250.0  90  48  66  -0.781   0.0   0.0
 4.600  255.0  90  48  78  -0.781   0.0   0.0
 4.600  260.0  90  48  72  -0.781   0.0   0.0
 4.600  505.0  90  48  60  -0.781   0.0   0.0
 4.600  270.0 -90  48  66  -0.781   0.0   0.0
 4.600  275.0 -90  48  60  -0.781   0.0   0.0
 4.650  250.0  90  54  66  -0.781   0.0   0.0
 4.650  255.0  90  54  78  -0.781   0.0   0.0
 4.650  260.0  90  54  72  -0.781   0.0   0.0
 4.650  270.0 -90  54  66  -0.781   0.0   0.0
 4.650  275.0 -90  54  66  -0.781   0.0   0.0
 4.700  250.0  90  54  66  -0.781   0.0   0.0
 4.700  255.0  90  54  78  -0.781   0.0   0.0
 4.700  260.0  90  54  72  -0.781   0.0   0.0
 4.700  270.0 -90  54  72  -0.781   0.0   0.0
 4.700  275.0 -90  54  66  -0.781   0.0   0.0
 4.750  250.0  90  54  66  -0.781   0.0   0.0
 4.750  255.0  90  54  78  -0.781   0.0   0.0
 4.750  260.0  90  54  72  -0.781   0.0   0.0
 4.750  270.0 -90  54  72  -0.781   0.0   0.0
 4.750  275.0 -90  54  66  -0.781   0.0   0.0
 4.800  255.0  90  54  84  -0.781   0.0   0.0
 4.800  260.0  90  54  78  -0.781   0.0   0.0
 4.800  270.0 -90  54  72  -0.781   0.0   0.0
 4.800  275.0 -90  54  66  -0.781   0.0   0.0
 4.850  255.0  90  54  78  -0.781   0.0   0.0
 4.850  260.0  90  54  78  -0.781   0.0   0.0
 4.850  265.0  90  54  66  -0.781   0.0   0.0
 4.850  270.0 -90  54  72  -0.781   0.0   0.0
 4.850  275.0 -90  54  66  -0.781   0.0   0.0
 4.900  255.0  90  54  84  -0.781   0.0   0.0
 4.900  260.0  90  54  78  -0.781   0.0   0.0
 4.900  265.0  90  54  66  -0.781   0.0   0.0
 4.900  270.0 -90  54  72  -0.781   0.0   0.0
 4.900  275.0 -90  54  66  -0.781   0.0   0.0
 5.100  255.0  90  48  78  -0.781   0.0   0.0
 5.100  260.0  90  48  84  -0.781   0.0   0.0
 5.100  265.0  90  48  72  -0.781   0.0   0.0
 5.100  515.0  90  48  60  -0.781   0.0   0.0
 5.100  530.0  90  48  60  -0.781   0.0   0.0
 5.100  535.0  90  48  60  -0.781   0.0   0.0
 5.100  545.0  90  48  60  -0.781   0.0   0.0
 5.100  270.0 -90  48  78  -0.781   0.0   0.0
 5.100  275.0 -90  48  72  -0.781   0.0   0.0
 5.100  540.0 -90  48  60  -0.781   0.0   0.0
 5.150  255.0  90  48  78  -0.781   0.0   0.0
 5.150  260.0  90  48  84  -0.781   0.0   0.0
 5.150  265.0  90  48  72  -0.781   0.0   0.0
 5.150  505.0  90  48  66  -0.781   0.0   0.0
 5.150  510.0  90  48  60  -0.781   0.0   0.0
 5.150  515.0  90  48  60  -0.781   0.0   0.0
 5.150  535.0  90  48  60  -0.781   0.0   0.0
 5.150  540.0  90  48  60  -0.781   0.0   0.0
 5.150  560.0  90  48  60  -0.781   0.0   0.0
 5.150  565.0  90  48  60  -0.781   0.0   0.0
 5.150  270.0 -90  48  78  -0.781   0.0   0.0
 5.150  275.0 -90  48  66  -0.781   0.0   0.0
 5.200  255.0  90  48  78  -0.781   0.0   0.0
 5.200  260.0  90  48  84  -0.781   0.0   0.0
 5.200  265.0  90  48  72  -0.781   0.0   0.0
 5.200  505.0  90  48  60  -0.781   0.0   0.0
 5.200  510.0  90  48  66  -0.781   0.0   0.0
 5.200  515.0  90  48  60  -0.781   0.0   0.0
 5.200  535.0  90  48  60  -0.781   0.0   0.0
 5.200  540.0  90  48  60  -0.781   0.0   0.0
 5.200  270.0 -90  48  78  -0.781   0.0   0.0
 5.200  275.0 -90  48  66  -0.781   0.0   0.0
 5.250  255.0  90  48  72  -0.781   0.0   0.0
 5.250  260.0  90  48  84  -0.781   0.0   0.0
 5.250  265.0  90  48  78  -0.781   0.0   0.0
 5.250  510.0  90  48  66  -0.781   0.0   0.0
 5.250  515.0  90  48  60  -0.781   0.0   0.0
 5.250  520.0  90  48  60  -0.781   0.0   0.0
 5.250  540.0  90  48  60  -0.781   0.0   0.0
 5.250  545.0  90  48  60  -0.781   0.0   0.0
 5.250  550.0  90  48  60  -0.781   0.0   0.0
 5.250  560.0  90  48  60   0.781   0.0   0.0
 5.250  600.0  90  48  60  -0.781   0.0   0.0
 5.250  605.0  90  48  60  -0.781   0.0   0.0
 5.250  270.0 -90  48  72  -0.781   0.0   0.0
 5.250  275.0 -90  48  66  -0.781   0.0   0.0
 5.300  255.0  90  48  66  -0.781   0.0   0.0
 5.300  260.0  90  48  84  -0.781   0.0   0.0
 5.300  265.0  90  48  78  -0.781   0.0   0.0
 5.300  505.0  90  48  60  -0.781   0.0   0.0
 5.300  510.0  90  48  66  -0.781   0.0   0.0
 5.300  515.0  90  48  72  -0.781   0.0   0.0
 5.300  520.0  90  48  66  -0.781   0.0   0.0
 5.300  525.0  90  48  66  -0.781   0.0   0.0
 5.300  565.0  90  48  60  -0.781   0.0   0.0
 5.300  270.0 -90  48  78  -0.781   0.0   0.0
 5.300  275.0 -90  48  72  -0.781   0.0   0.0
 5.350  255.0  90  48  66  -0.781   0.0   0.0
 5.350  260.0  90  48  84  -0.781   0.0   0.0
 5.350  265.0  90  48  78  -0.781   0.0   0.0
 5.350  510.0  90  48  66  -0.781   0.0   0.0
 5.350  515.0  90  48  66  -0.781   0.0   0.0
 5.350  535.0  90  48  60  -0.781   0.0   0.0
 5.350  540.0  90  48  60  -0.781   0.0   0.0
 5.350  270.0 -90  48  78  -0.781   0.0   0.0
 5.350  275.0 -90  48  72  -0.781   0.0   0.0
 5.400  255.0  90  48  66  -0.781   0.0   0.0
 5.400  260.0  90  48  90  -0.781   0.0   0.0
 5.400  265.0  90  48  90  -0.781   0.0   0.0
 5.400  510.0  90  48  72  -0.781   0.0   0.0
 5.400  515.0  90  48  72  -0.781   0.0   0.0
 5.400  520.0  90  48  72  -0.781   0.0   0.0
 5.400  525.0  90  48  72  -0.781   0.0   0.0
 5.400  530.0  90  48  72  -0.781   0.0   0.0
 5.400  565.0  90  48  60  -0.781   0.0   0.0
 5.400  270.0 -90  48  84  -0.781   0.0   0.0
 5.400  275.0 -90  48  78  -0.781   0.0   0.0
 5.400  280.0 -90  48  60  -0.781   0.0   0.0
 5.400  540.0 -90  48  60  -0.781   0.0   0.0
 5.400  545.0 -90  48  60  -0.781   0.0   0.0
 5.450  255.0  90  48  60  -0.781   0.0   0.0
 5.450  260.0  90  48  90  -0.781   0.0   0.0
 5.450  265.0  90  48  90  -0.781   0.0   0.0
 5.450  510.0  90  48  66  -0.781   0.0   0.0
 5.450  515.0  90  48  72  -0.781   0.0   0.0
 5.450  520.0  90  48  72  -0.781   0.0   0.0
 5.450  525.0  90  48  72  -0.781   0.0   0.0
 5.450  530.0  90  48  60  -0.781   0.0   0.0
 5.450  540.0  90  48  66  -0.781   0.0   0.0
 5.450  550.0  90  48  60  -0.781   0.0   0.0
 5.450  605.0  90  48  60  -0.781   0.0   0.0
 5.450  270.0 -90  48  84  -0.781   0.0   0.0
 5.450  275.0 -90  48  72  -0.781   0.0   0.0
 5.450  280.0 -90  48  60  -0.781   0.0   0.0
 5.500  255.0  90  48  60  -0.781   0.0   0.0
 5.500  260.0  90  48  84  -0.781   0.0   0.0
 5.500  265.0  90  48  84  -0.781   0.0   0.0
 5.500  510.0  90  48  60  -0.781   0.0   0.0
 5.500  515.0  90  48  72  -0.781   0.0   0.0
 5.500  520.0  90  48  72  -0.781   0.0   0.0
 5.500  525.0  90  48  72  -0.781   0.0   0.0
 5.500  530.0  90  48  66  -0.781   0.0   0.0
 5.500  535.0  90  48  60  -0.781   0.0   0.0
 5.500  540.0  90  48  60  -0.781   0.0   0.0
 5.500  565.0  90  48  60  -0.781   0.0   0.0
 5.500  570.0  90  48  60  -0.781   0.0   0.0
 5.500  575.0  90  48  60  -0.781   0.0   0.0
 5.500  270.0 -90  48  78  -0.781   0.0   0.0
 5.500  275.0 -90  48  72  -0.781   0.0   0.0
 5.500  280.0 -90  48  60  -0.781   0.0   0.0
 5.500  545.0 -90  48  60  -0.781   0.0   0.0
 5.550  260.0  90  48  84  -0.781   0.0   0.0
 5.550  265.0  90  48  84  -0.781   0.0   0.0
 5.550  515.0  90  48  60  -0.781   0.0   0.0
 5.550  520.0  90  48  66  -0.781   0.0   0.0
 5.550  525.0  90  48  66  -0.781   0.0   0.0
 5.550  530.0  90  48  72  -0.781   0.0   0.0
 5.550  535.0  90  48  66  -0.781   0.0   0.0
 5.550  565.0  90  48  60  -0.781   0.0   0.0
 5.550  570.0  90  48  60  -0.781   0.0   0.0
 5.550  270.0 -90  48  78  -0.781   0.0   0.0
 5.550  275.0 -90  48  72  -0.781   0.0   0.0
 5.550  280.0 -90  48  60  -0.781   0.0   0.0
 5.550  545.0 -90  48  60  -0.781   0.0   0.0
 5.600  260.0  90  48  84  -0.781   0.0   0.0
 5.600  265.0  90  48  90  -0.781   0.0   0.0
 5.600  515.0  90  48  60   0.781   0.0   0.0
 5.600  520.0  90  48  66   0.781   0.0   0.0
 5.600  525.0  90  48  60  -0.781   0.0   0.0
 5.600  530.0  90  48  66  -0.781   0.0   0.0
 5.600  535.0  90  48  66  -0.781   0.0   0.0
 5.600  550.0  90  48  60  -0.781   0.0   0.0
 5.600  555.0  90  48  60  -0.781   0.0   0.0
 5.600  560.0  90  48  60  -0.781   0.0   0.0
 5.600  565.0  90  48  60  -0.781   0.0   0.0
 5.600  270.0 -90  48  84  -0.781   0.0   0.0
 5.600  275.0 -90  48  78  -0.781   0.0   0.0
 5.600  280.0 -90  48  60  -0.781   0.0   0.0
 5.600  545.0 -90  48  60  -0.781   0.0   0.0
 5.650  260.0  90  48  78  -0.781   0.0   0.0
 5.650  265.0  90  48  90  -0.781   0.0   0.0
 5.650  510.0  90  48  60  -0.781   0.0   0.0
 5.650  515.0  90  48  66   0.781   0.0   0.0
 5.650  520.0  90  48  66  -0.781   0.0   0.0
 5.650  525.0  90  48  60   0.781   0.0   0.0
 5.650  530.0  90  48  60  -0.781   0.0   0.0
 5.650  535.0  90  48  66  -0.781   0.0   0.0
 5.650  545.0  90  48  60  -0.781   0.0   0.0
 5.650  565.0  90  48  60  -0.781   0.0   0.0
 5.650  270.0 -90  48  84  -0.781   0.0   0.0
 5.650  275.0 -90  48  78  -0.781   0.0   0.0
 5.650  280.0 -90  48  60  -0.781   0.0   0.0
 5.700  260.0  90  48  78  -0.781   0.0   0.0
 5.700  265.0  90  48  90  -0.781   0.0   0.0
 5.700  520.0  90  48  66  -0.781   0.0   0.0
 5.700  525.0  90  48  66  -0.781   0.0   0.0
 5.700  530.0  90  48  66  -0.781   0.0   0.0
 5.700  540.0  90  48  60  -0.781   0.0   0.0
 5.700  545.0  90  48  60   0.781   0.0   0.0
 5.700  550.0  90  48  60  -0.781   0.0   0.0
 5.700  555.0  90  48  60  -0.781   0.0   0.0
 5.700  580.0  90  48  60  -0.781   0.0   0.0
 5.700  270.0 -90  48  84  -0.781   0.0   0.0
 5.700  275.0 -90  48  78  -0.781   0.0   0.0
 5.700  280.0 -90  48  60  -0.781   0.0   0.0
 5.700  535.0 -90  48  60  -0.781   0.0   0.0
 5.750  260.0  90  48  72  -0.781   0.0   0.0
 5.750  265.0  90  48  90  -0.781   0.0   0.0
 5.750  515.0  90  48  60  -0.781   0.0   0.0
 5.750  520.0  90  48  66  -0.781   0.0   0.0
 5.750  525.0  90  48  66  -0.781   0.0   0.0
 5.750  530.0  90  48  66  -0.781   0.0   0.0
 5.750  535.0  90  48  60  -0.781   0.0   0.0
 5.750  540.0  90  48  66  -0.781   0.0   0.0
 5.750  560.0  90  48  60  -0.781   0.0   0.0
 5.750  565.0  90  48  60  -0.781   0.0   0.0
 5.750  270.0 -90  48  84  -0.781   0.0   0.0
 5.750  275.0 -90  48  78  -0.781   0.0   0.0
 5.750  280.0 -90  48  60  -0.781   0.0   0.0
 5.750  545.0 -90  48  60  -0.781   0.0   0.0
 5.800  260.0  90  48  66  -0.781   0.0   0.0
 5.800  265.0  90  48  84  -0.781   0.0   0.0
 5.800  520.0  90  48  66  -0.781   0.0   0.0
 5.800  525.0  90  48  66  -0.781   0.0   0.0
 5.800  535.0  90  48  66  -0.781   0.0   0.0
 5.800  540.0  90  48  66  -0.781   0.0   0.0
 5.800  550.0  90  48  60  -0.781   0.0   0.0
 5.800  555.0  90  48  60  -0.781   0.0   0.0
 5.800  560.0  90  48  60  -0.781   0.0   0.0
 5.800  585.0  90  48  60   0.781   0.0   0.0
 5.800  590.0  90  48  60  -0.781   0.0   0.0
 5.800  595.0  90  48  60  -0.781   0.0   0.0
 5.800  270.0 -90  48  84  -0.781   0.0   0.0
 5.800  275.0 -90  48  78  -0.781   0.0   0.0
 5.800  280.0 -90  48  60  -0.781   0.0   0.0
 5.800  530.0 -90  48  60  -0.781   0.0   0.0
 5.800  545.0 -90  48  60  -0.781   0.0   0.0
 5.850  260.0  90  48  60  -0.781   0.0   0.0
 5.850  265.0  90  48  84  -0.781   0.0   0.0
 5.850  270.0  90  48  84  -0.781   0.0   0.0
 5.850  520.0  90  48  66  -0.781   0.0   0.0
 5.850  525.0  90  48  72  -0.781   0.0   0.0
 5.850  530.0  90  48  72  -0.781   0.0   0.0
 5.850  535.0  90  48  72  -0.781   0.0   0.0
 5.850  540.0  90  48  66  -0.781   0.0   0.0
 5.850  545.0  90  48  66  -0.781   0.0   0.0
 5.850  550.0  90  48  60  -0.781   0.0   0.0
 5.850  565.0  90  48  60   0.781   0.0   0.0
 5.850  570.0  90  48  60   0.781   0.0   0.0
 5.850  275.0 -90  48  78  -0.781   0.0   0.0
 5.850  280.0 -90  48  66  -0.781   0.0   0.0
 5.900  265.0  90  48  84  -0.781   0.0   0.0
 5.900  270.0  90  48  84  -0.781   0.0   0.0
 5.900  520.0  90  48  66   0.781   0.0   0.0
 5.900  525.0  90  48  72  -0.781   0.0   0.0
 5.900  530.0  90  48  72  -0.781   0.0   0.0
 5.900  535.0  90  48  66  -0.781   0.0   0.0
 5.900  545.0  90  48  60  -0.781   0.0   0.0
 5.900  555.0  90  48  60  -0.781   0.0   0.0
 5.900  565.0  90  48  66  -0.781   0.0   0.0
 5.900  570.0  90  48  60   0.781   0.0   0.0
 5.900  615.0  90  48  60  -0.781   0.0   0.0
 5.900  275.0 -90  48  78  -0.781   0.0   0.0
 5.900  280.0 -90  48  66  -0.781   0.0   0.0
 5.900  540.0 -90  48  60  -0.781   0.0   0.0
 5.950  265.0  90  66  84  -0.781   0.0   0.0
 5.950  270.0  90  66  84  -0.781   0.0   0.0
 5.950  275.0 -90  66  78  -0.781   0.0   0.0
 6.000  265.0  90  48  78  -0.781   0.0   0.0
 6.000  270.0  90  48  84  -0.781   0.0   0.0
 6.000  525.0  90  48  60  -0.781   0.0   0.0
 6.000  530.0  90  48  60   0.781   0.0   0.0
 6.000  535.0  90  48  66  -0.781   0.0   0.0
 6.000  560.0  90  48  60  -0.781   0.0   0.0
 6.000  275.0 -90  48  84  -0.781   0.0   0.0
 6.000  280.0 -90  48  66  -0.781   0.0   0.0
 6.000  540.0 -90  48  60  -0.781   0.0   0.0
 6.000  545.0 -90  48  60  -0.781   0.0   0.0
 6.000  565.0 -90  48  60  -0.781   0.0   0.0
 6.050  265.0  90  48  78  -0.781   0.0   0.0
 6.050  270.0  90  48  84  -0.781   0.0   0.0
 6.050  525.0  90  48  66   0.781   0.0   0.0
 6.050  530.0  90  48  72  -0.781   0.0   0.0
 6.050  535.0  90  48  66  -0.781   0.0   0.0
 6.050  540.0  90  48  66  -0.781   0.0   0.0
 6.050  555.0  90  48  60  -0.781   0.0   0.0
 6.050  275.0 -90  48  84  -0.781   0.0   0.0
 6.050  280.0 -90  48  66  -0.781   0.0   0.0
 6.050  545.0 -90  48  60  -0.781   0.0   0.0
 6.100  265.0  90  48  72  -0.781   0.0   0.0
 6.100  270.0  90  48  84  -0.781   0.0   0.0
 6.100  525.0  90  48  60   0.781   0.0   0.0
 6.100  530.0  90  48  66  -0.781   0.0   0.0
 6.100  540.0  90  48  60  -0.781   0.0   0.0
 6.100  550.0  90  48  60  -0.781   0.0   0.0
 6.100  570.0  90  48  60  -0.781   0.0   0.0
 6.100  275.0 -90  48  84  -0.781   0.0   0.0
 6.100  280.0 -90  48  72  -0.781   0.0   0.0
 6.150  265.0  90  48  66  -0.781   0.0   0.0
 6.150  270.0  90  48  84  -0.781   0.0   0.0
 6.150  525.0  90  48  60  -0.781   0.0   0.0
 6.150  530.0  90  48  60   0.781   0.0   0.0
 6.150  540.0  90  48  60  -0.781   0.0   0.0
 6.150  555.0  90  48  60  -0.781   0.0   0.0
 6.150  560.0  90  48  60  -0.781   0.0   0.0
 6.150  565.0  90  48  66  -0.781   0.0   0.0
 6.150  570.0  90  48  60  -0.781   0.0   0.0
 6.150  275.0 -90  48  84  -0.781   0.0   0.0
 6.150  280.0 -90  48  72  -0.781   0.0   0.0
 6.200  265.0  90  48  60  -0.781   0.0   0.0
 6.200  270.0  90  48  84  -0.781   0.0   0.0
 6.200  535.0  90  48  66  -0.781   0.0   0.0
 6.200  560.0  90  48  60  -0.781   0.0   0.0
 6.200  595.0  90  48  60  -0.781   0.0   0.0
 6.200  600.0  90  48  60  -0.781   0.0   0.0
 6.200  275.0 -90  48  84  -0.781   0.0   0.0
 6.200  280.0 -90  48  72  -0.781   0.0   0.0
 6.200  530.0 -90  48  60  -0.781   0.0   0.0
 6.200  540.0 -90  48  60   0.781   0.0   0.0
 6.200  545.0 -90  48  66  -0.781   0.0   0.0
 6.200  550.0 -90  48  60  -0.781   0.0   0.0
 6.200  555.0 -90  48  60  -0.781   0.0   0.0
 6.200  570.0 -90  48  60  -0.781   0.0   0.0
 6.200  575.0 -90  48  60  -0.781   0.0   0.0
 6.250  265.0  90  48  60  -0.781   0.0   0.0
 6.250  270.0  90  48  84  -0.781   0.0   0.0
 6.250  275.0  90  48  84  -0.781   0.0   0.0
 6.250  530.0  90  48  60  -0.781   0.0   0.0
 6.250  535.0  90  48  66  -0.781   0.0   0.0
 6.250  540.0  90  48  66  -0.781   0.0   0.0
 6.250  545.0  90  48  66  -0.781   0.0   0.0
 6.250  550.0  90  48  66  -0.781   0.0   0.0
 6.250  555.0  90  48  60  -0.781   0.0   0.0
 6.250  565.0  90  48  60  -0.781   0.0   0.0
 6.250  570.0  90  48  60  -0.781   0.0   0.0
 6.250  575.0  90  48  60  -0.781   0.0   0.0
 6.250  280.0 -90  48  72  -0.781   0.0   0.0
 6.300  270.0  90  48  84  -0.781   0.0   0.0
 6.300  535.0  90  48  60  -0.781   0.0   0.0
 6.300  540.0  90  48  66  -0.781   0.0   0.0
 6.300  550.0  90  48  60  -0.781   0.0   0.0
 6.300  275.0 -90  48  84  -0.781   0.0   0.0
 6.300  280.0 -90  48  72  -0.781   0.0   0.0
 6.300  545.0 -90  48  60  -0.781   0.0   0.0
 6.350  270.0  90  48  78  -0.781   0.0   0.0
 6.350  275.0  90  48  84  -0.781   0.0   0.0
 6.350  280.0  90  48  72  -0.781   0.0   0.0
 6.350  285.0  90  48  60  -0.781   0.0   0.0
 6.350  530.0  90  48  66  -0.781   0.0   0.0
 6.350  535.0  90  48  72  -0.781   0.0   0.0
 6.350  540.0  90  48  72  -0.781   0.0   0.0
 6.350  545.0  90  48  60  -0.781   0.0   0.0
 6.350  575.0  90  48  60  -0.781   0.0   0.0
 6.350  580.0  90  48  60  -0.781   0.0   0.0
 6.350  555.0 -90  48  60  -0.781   0.0   0.0
 6.400  270.0  90  48  78  -0.781   0.0   0.0
 6.400  275.0  90  48  84  -0.781   0.0   0.0
 6.400  530.0  90  48  60   0.781   0.0   0.0
 6.400  535.0  90  48  66  -0.781   0.0   0.0
 6.400  540.0  90  48  66  -0.781   0.0   0.0
 6.400  280.0 -90  48  78  -0.781   0.0   0.0
 6.400  285.0 -90  48  60  -0.781   0.0   0.0
 6.400  545.0 -90  48  60  -0.781   0.0   0.0
 6.400  550.0 -90  48  60  -0.781   0.0   0.0
 6.400  555.0 -90  48  60  -0.781   0.0   0.0
 6.450  270.0  90  48  72  -0.781   0.0   0.0
 6.450  535.0  90  48  60   0.781   0.0   0.0
 6.450  540.0  90  48  60  -0.781   0.0   0.0
 6.450  550.0  90  48  60  -0.781   0.0   0.0
 6.450  565.0  90  48  60  -0.781   0.0   0.0
 6.450  570.0  90  48  60  -0.781   0.0   0.0
 6.450  575.0  90  48  60  -0.781   0.0   0.0
 6.450  275.0 -90  48  84  -0.781   0.0   0.0
 6.450  280.0 -90  48  78  -0.781   0.0   0.0
 6.450  285.0 -90  48  60  -0.781   0.0   0.0
 6.450  555.0 -90  48  60  -0.781   0.0   0.0
 6.450  560.0 -90  48  60  -0.781   0.0   0.0
 6.500  280.0  90  48  78  -0.781   0.0   0.0
 6.500  285.0  90  48  60  -0.781   0.0   0.0
 6.500  535.0  90  48  60  -0.781   0.0   0.0
 6.500  540.0  90  48  60   0.781   0.0   0.0
 6.500  545.0  90  48  66  -0.781   0.0   0.0
 6.500  550.0  90  48  66  -0.781   0.0   0.0
 6.500  555.0  90  48  60  -0.781   0.0   0.0
 6.500  270.0 -90  48  66  -0.781   0.0   0.0
 6.500  275.0 -90  48  84  -0.781   0.0   0.0
 6.500  570.0 -90  48  60  -0.781   0.0   0.0
 6.550  540.0  90  48  60  -0.781   0.0   0.0
 6.550  550.0  90  48  60  -0.781   0.0   0.0
 6.550  560.0  90  48  60  -0.781   0.0   0.0
 6.550  270.0 -90  48  60  -0.781   0.0   0.0
 6.550  275.0 -90  48  84  -0.781   0.0   0.0
 6.550  280.0 -90  48  78  -0.781   0.0   0.0
 6.550  285.0 -90  48  66  -0.781   0.0   0.0
 6.550  545.0 -90  48  60  -0.781   0.0   0.0
 6.550  595.0 -90  48  60  -0.781   0.0   0.0
 6.600  285.0  90  48  66  -0.781   0.0   0.0
 6.600  540.0  90  48  60  -0.781   0.0   0.0
 6.600  545.0  90  48  60  -0.781   0.0   0.0
 6.600  555.0  90  48  60  -0.781   0.0   0.0
 6.600  560.0  90  48  60   0.781   0.0   0.0
 6.600  570.0  90  48  60  -0.781   0.0   0.0
 6.600  275.0 -90  48  84  -0.781   0.0   0.0
 6.600  280.0 -90  48  78  -0.781   0.0   0.0
 6.600  550.0 -90  48  60  -0.781   0.0   0.0
 6.650  280.0  90  48  84  -0.781   0.0   0.0
 6.650  285.0  90  48  72  -0.781   0.0   0.0
 6.650  540.0  90  48  60  -0.781   0.0   0.0
 6.650  545.0  90  48  66  -0.781   0.0   0.0
 6.650  550.0  90  48  60  -0.781   0.0   0.0
 6.650  555.0  90  48  60  -0.781   0.0   0.0
 6.650  560.0  90  48  66  -0.781   0.0   0.0
 6.650  565.0  90  48  60  -0.781   0.0   0.0
 6.650  275.0 -90  48  78  -0.781   0.0   0.0
 6.700  280.0  90  48  84  -0.781   0.0   0.0
 6.700  285.0  90  48  72  -0.781   0.0   0.0
 6.700  550.0  90  48  66  -0.781   0.0   0.0
 6.700  555.0  90  48  60  -0.781   0.0   0.0
 6.700  565.0  90  48  60  -0.781   0.0   0.0
 6.700  600.0  90  48  60  -0.781   0.0   0.0
 6.700  275.0 -90  48  78  -0.781   0.0   0.0
 6.700  545.0 -90  48  60  -0.781   0.0   0.0
 6.750  280.0  90  48  84  -0.781   0.0   0.0
 6.750  285.0  90  48  78  -0.781   0.0   0.0
 6.750  290.0  90  48  60  -0.781   0.0   0.0
 6.750  550.0  90  48  66  -0.781   0.0   0.0
 6.750  555.0  90  48  60  -0.781   0.0   0.0
 6.750  585.0  90  48  60  -0.781   0.0   0.0
 6.750  275.0 -90  48  78  -0.781   0.0   0.0
 6.750  545.0 -90  48  66  -0.781   0.0   0.0
 6.750  560.0 -90  48  60  -0.781   0.0   0.0
 6.750  565.0 -90  48  60  -0.781   0.0   0.0
 6.800  280.0  90  48  84  -0.781   0.0   0.0
 6.800  285.0  90  48  78  -0.781   0.0   0.0
 6.800  290.0  90  48  66  -0.781   0.0   0.0
 6.800  550.0  90  48  60  -0.781   0.0   0.0
 6.800  580.0  90  48  60   0.781   0.0   0.0
 6.800  585.0  90  48  60   0.781   0.0   0.0
 6.800  275.0 -90  48  78  -0.781   0.0   0.0
 6.800  555.0 -90  48  60  -0.781   0.0   0.0
 6.850  285.0  90  48  78  -0.781   0.0   0.0
 6.850  290.0  90  48  60  -0.781   0.0   0.0
 6.850  550.0  90  48  66  -0.781   0.0   0.0
 6.850  555.0  90  48  66  -0.781   0.0   0.0
 6.850  560.0  90  48  60  -0.781   0.0   0.0
 6.850  575.0  90  48  60  -0.781   0.0   0.0
 6.850  585.0  90  48  60  -0.781   0.0   0.0
 6.850  275.0 -90  48  72  -0.781   0.0   0.0
 6.850  280.0 -90  48  84  -0.781   0.0   0.0
 6.850  545.0 -90  48  60  -0.781   0.0   0.0
 6.900  285.0  90  48  78  -0.781   0.0   0.0
 6.900  290.0  90  48  66  -0.781   0.0   0.0
 6.900  550.0  90  48  66  -0.781   0.0   0.0
 6.900  555.0  90  48  66  -0.781   0.0   0.0
 6.900  565.0  90  48  60  -0.781   0.0   0.0
 6.900  570.0  90  48  60  -0.781   0.0   0.0
 6.900  275.0 -90  48  72  -0.781   0.0   0.0
 6.900  280.0 -90  48  84  -0.781   0.0   0.0
 6.900  545.0 -90  48  60  -0.781   0.0   0.0
 6.900  575.0 -90  48  60  -0.781   0.0   0.0
 6.900  580.0 -90  48  60  -0.781   0.0   0.0
 6.950  285.0  90  48  78  -0.781   0.0   0.0
 6.950  290.0  90  48  72  -0.781   0.0   0.0
 6.950  555.0  90  48  66  -0.781   0.0   0.0
 6.950  560.0  90  48  60  -0.781   0.0   0.0
 6.950  565.0  90  48  60  -0.781   0.0   0.0
 6.950  275.0 -90  48  60  -0.781   0.0   0.0
 6.950  280.0 -90  48  78  -0.781   0.0   0.0
 7.000  285.0  90  48  84  -0.781   0.0   0.0
 7.000  290.0  90  48  72  -0.781   0.0   0.0
 7.000  560.0  90  48  60  -0.781   0.0   0.0
 7.000  610.0  90  48  60  -0.781   0.0   0.0
 7.000  275.0 -90  48  60  -0.781   0.0   0.0
 7.000  280.0 -90  48  78  -0.781   0.0   0.0
 7.000  545.0 -90  48  60  -0.781   0.0   0.0
 7.000  550.0 -90  48  66  -0.781   0.0   0.0
 7.000  555.0 -90  48  60  -0.781   0.0   0.0
 7.050  285.0  90  48  78  -0.781   0.0   0.0
 7.050  290.0  90  48  72  -0.781   0.0   0.0
 7.050  295.0  90  48  60  -0.781   0.0   0.0
 7.050  560.0  90  48  60  -0.781   0.0   0.0
 7.050  570.0  90  48  60  -0.781   0.0   0.0
 7.050  280.0 -90  48  78  -0.781   0.0   0.0
 7.050  550.0 -90  48  60  -0.781   0.0   0.0
 7.050  555.0 -90  48  60  -0.781   0.0   0.0
 7.100  285.0  90  48  78  -0.781   0.0   0.0
 7.100  290.0  90  48  78  -0.781   0.0   0.0
 7.100  295.0  90  48  60  -0.781   0.0   0.0
 7.100  555.0  90  48  60  -0.781   0.0   0.0
 7.100  560.0  90  48  60  -0.781   0.0   0.0
 7.100  580.0  90  48  60  -0.781   0.0   0.0
 7.100  595.0  90  48  60   0.781   0.0   0.0
 7.100  280.0 -90  48  78  -0.781   0.0   0.0
 7.150  285.0  90  48  78  -0.781   0.0   0.0
 7.150  290.0  90  48  72  -0.781   0.0   0.0
 7.150  295.0  90  48  60  -0.781   0.0   0.0
 7.150  610.0  90  48  60  -0.781   0.0   0.0
 7.150  280.0 -90  48  72  -0.781   0.0   0.0
 7.150  550.0 -90  48  60  -0.781   0.0   0.0
 7.150  555.0 -90  48  66  -0.781   0.0   0.0
 7.200  290.0  90  54  72  -0.781   0.0   0.0
 7.200  280.0 -90  54  72  -0.781   0.0   0.0
 7.200  285.0 -90  54  78  -0.781   0.0   0.0
 7.200  555.0 -90  54  66  -0.781   0.0   0.0
 7.250  290.0  90  54  78  -0.781   0.0   0.0
 7.250  295.0  90  54  66  -0.781   0.0   0.0
 7.250  280.0 -90  54  66  -0.781   0.0   0.0
 7.250  285.0 -90  54  78  -0.781   0.0   0.0
 7.250  560.0 -90  54  66  -0.781   0.0   0.0
 7.300  290.0  90  48  78  -0.781   0.0   0.0
 7.300  295.0  90  48  66  -0.781   0.0   0.0
 7.300  565.0  90  48  60  -0.781   0.0   0.0
 7.300  570.0  90  48  60  -0.781   0.0   0.0
 7.300  580.0  90  48  60  -0.781   0.0   0.0
 7.300  585.0  90  48  60  -0.781   0.0   0.0
 7.300  590.0  90  48  60  -0.781   0.0   0.0
 7.300  280.0 -90  48  66  -0.781   0.0   0.0
 7.300  285.0 -90  48  78  -0.781   0.0   0.0
 7.300  555.0 -90  48  60  -0.781   0.0   0.0
 7.300  560.0 -90  48  66  -0.781   0.0   0.0
 7.350  290.0  90  48  78  -0.781   0.0   0.0
 7.350  295.0  90  48  72  -0.781   0.0   0.0
 7.350  565.0  90  48  60  -0.781   0.0   0.0
 7.350  570.0  90  48  66  -0.781   0.0   0.0
 7.350  575.0  90  48  66  -0.781   0.0   0.0
 7.350  600.0  90  48  60  -0.781   0.0   0.0
 7.350  280.0 -90  48  66  -0.781   0.0   0.0
 7.350  285.0 -90  48  78  -0.781   0.0   0.0
 7.350  560.0 -90  48  60  -0.781   0.0   0.0
 7.400  290.0  90  48  78  -0.781   0.0   0.0
 7.400  295.0  90  48  72  -0.781   0.0   0.0
 7.400  300.0  90  48  60  -0.781   0.0   0.0
 7.400  570.0  90  48  66  -0.781   0.0   0.0
 7.400  575.0  90  48  66  -0.781   0.0   0.0
 7.400  580.0  90  48  60   0.781   0.0   0.0
 7.400  280.0 -90  48  60  -0.781   0.0   0.0
 7.400  285.0 -90  48  78  -0.781   0.0   0.0
 7.400  560.0 -90  48  60  -0.781   0.0   0.0
 7.400  565.0 -90  48  60  -0.781   0.0   0.0
 7.450  290.0  90  48  78  -0.781   0.0   0.0
 7.450  295.0  90  48  72  -0.781   0.0   0.0
 7.450  300.0  90  48  60  -0.781   0.0   0.0
 7.450  580.0  90  48  60  -0.781   0.0   0.0
 7.450  585.0  90  48  60  -0.781   0.0   0.0
 7.450  590.0  90  48  60  -0.781   0.0   0.0
 7.450  285.0 -90  48  78  -0.781   0.0   0.0
 7.450  560.0 -90  48  66  -0.781   0.0   0.0
 7.450  565.0 -90  48  60  -0.781   0.0   0.0
 7.500  295.0  90  54  78  -0.781   0.0   0.0
 7.500  300.0  90  54  72  -0.781   0.0   0.0
 7.500  285.0 -90  54  78  -0.781   0.0   0.0
 7.500  290.0 -90  54  78  -0.781   0.0   0.0
 7.550  295.0  90  48  78  -0.781   0.0   0.0
 7.550  300.0  90  48  72  -0.781   0.0   0.0
 7.550  305.0  90  48  60  -0.781   0.0   0.0
 7.550  575.0  90  48  66  -0.781   0.0   0.0
 7.550  580.0  90  48  66  -0.781   0.0   0.0
 7.550  585.0  90  48  60  -0.781   0.0   0.0
 7.550  595.0  90  48  60   0.781   0.0   0.0
 7.550  600.0  90  48  60   0.781   0.0   0.0
 7.550  285.0 -90  48  72  -0.781   0.0   0.0
 7.550  290.0 -90  48  78  -0.781   0.0   0.0
 7.550  570.0 -90  48  60  -0.781   0.0   0.0
 7.600  295.0  90  48  78  -0.781   0.0   0.0
 7.600  300.0  90  48  72  -0.781   0.0   0.0
 7.600  305.0  90  48  60  -0.781   0.0   0.0
 7.600  575.0  90  48  66  -0.781   0.0   0.0
 7.600  580.0  90  48  66  -0.781   0.0   0.0
 7.600  630.0  90  48  60  -0.781   0.0   0.0
 7.600  645.0  90  48  60  -0.781   0.0   0.0
 7.600  650.0  90  48  60  -0.781   0.0   0.0
 7.600  285.0 -90  48  72  -0.781   0.0   0.0
 7.600  290.0 -90  48  78  -0.781   0.0   0.0
 7.600  565.0 -90  48  60  -0.781   0.0   0.0
 7.650  295.0  90  48  78  -0.781   0.0   0.0
 7.650  300.0  90  48  78  -0.781   0.0   0.0
 7.650  305.0  90  48  60  -0.781   0.0   0.0
 7.650  575.0  90  48  60  -0.781   0.0   0.0
 7.650  580.0  90  48  66  -0.781   0.0   0.0
 7.650  590.0  90  48  60   0.781   0.0   0.0
 7.650  595.0  90  48  60  -0.781   0.0   0.0
 7.650  630.0  90  48  60  -0.781   0.0   0.0
 7.650  285.0 -90  48  66  -0.781   0.0   0.0
 7.650  290.0 -90  48  78  -0.781   0.0   0.0
 7.700  295.0  90  48  78  -0.781   0.0   0.0
 7.700  300.0  90  48  78  -0.781   0.0   0.0
 7.700  305.0  90  48  66  -0.781   0.0   0.0
 7.700  585.0  90  48  66  -0.781   0.0   0.0
 7.700  590.0  90  48  60  -0.781   0.0   0.0
 7.700  595.0  90  48  66  -0.781   0.0   0.0
 7.700  605.0  90  48  60  -0.781   0.0   0.0
 7.700  610.0  90  48  60  -0.781   0.0   0.0
 7.700  625.0  90  48  60  -0.781   0.0   0.0
 7.700  630.0  90  48  60  -0.781   0.0   0.0
 7.700  290.0 -90  48  72  -0.781   0.0   0.0
 7.700  565.0 -90  48  60  -0.781   0.0   0.0
 7.700  570.0 -90  48  60  -0.781   0.0   0.0
 7.750  295.0  90  48  72  -0.781   0.0   0.0
 7.750  300.0  90  48  78  -0.781   0.0   0.0
 7.750  305.0  90  48  66  -0.781   0.0   0.0
 7.750  580.0  90  48  60   0.781   0.0   0.0
 7.750  585.0  90  48  66   0.781   0.0   0.0
 7.750  590.0  90  48  66   0.781   0.0   0.0
 7.750  595.0  90  48  60   0.781   0.0   0.0
 7.750  600.0  90  48  60  -0.781   0.0   0.0
 7.750  605.0  90  48  60  -0.781   0.0   0.0
 7.750  610.0  90  48  60  -0.781   0.0   0.0
 7.750  615.0  90  48  60  -0.781   0.0   0.0
 7.750  620.0  90  48  66  -0.781   0.0   0.0
 7.750  645.0  90  48  60  -0.781   0.0   0.0
 7.750  290.0 -90  48  72  -0.781   0.0   0.0
 7.750  575.0 -90  48  60  -0.781   0.0   0.0
 7.800  295.0  90  48  72  -0.781   0.0   0.0
 7.800  300.0  90  48  84  -0.781   0.0   0.0
 7.800  305.0  90  48  72  -0.781   0.0   0.0
 7.800  585.0  90  48  72  -0.781   0.0   0.0
 7.800  590.0  90  48  66  -0.781   0.0   0.0
 7.800  595.0  90  48  60  -0.781   0.0   0.0
 7.800  600.0  90  48  60  -0.781   0.0   0.0
 7.800  605.0  90  48  60  -0.781   0.0   0.0
 7.800  610.0  90  48  60  -0.781   0.0   0.0
 7.800  615.0  90  48  60  -0.781   0.0   0.0
 7.800  620.0  90  48  60  -0.781   0.0   0.0
 7.800  625.0  90  48  60  -0.781   0.0   0.0
 7.800  630.0  90  48  60  -0.781   0.0   0.0
 7.800  645.0  90  48  60  -0.781   0.0   0.0
 7.800  655.0  90  48  60  -0.781   0.0   0.0
 7.800  665.0  90  48  60  -0.781   0.0   0.0
 7.800  290.0 -90  48  72  -0.781   0.0   0.0
 7.800  570.0 -90  48  66  -0.781   0.0   0.0
 7.800  575.0 -90  48  60  -0.781   0.0   0.0
 7.800  580.0 -90  48  60  -0.781   0.0   0.0
 7.850  300.0  90  48  84  -0.781   0.0   0.0
 7.850  305.0  90  48  78  -0.781   0.0   0.0
 7.850  310.0  90  48  66  -0.781   0.0   0.0
 7.850  585.0  90  48  66  -0.781   0.0   0.0
 7.850  590.0  90  48  72  -0.781   0.0   0.0
 7.850  595.0  90  48  60  -0.781   0.0   0.0
 7.850  605.0  90  48  60  -0.781   0.0   0.0
 7.850  610.0  90  48  66  -0.781   0.0   0.0
 7.850  615.0  90  48  66  -0.781   0.0   0.0
 7.850  620.0  90  48  60  -0.781   0.0   0.0
 7.850  665.0  90  48  60  -0.781   0.0   0.0
 7.850  290.0 -90  48  78  -0.781   0.0   0.0
 7.850  295.0 -90  48  78  -0.781   0.0   0.0
 7.850  575.0 -90  48  60   0.781   0.0   0.0
 7.850  580.0 -90  48  60   0.781   0.0   0.0
 7.900  300.0  90  48  84  -0.781   0.0   0.0
 7.900  305.0  90  48  78  -0.781   0.0   0.0
 7.900  310.0  90  48  66  -0.781   0.0   0.0
 7.900  585.0  90  48  66  -0.781   0.0   0.0
 7.900  590.0  90  48  72  -0.781   0.0   0.0
 7.900  595.0  90  48  66   0.781   0.0   0.0
 7.900  605.0  90  48  66  -0.781   0.0   0.0
 7.900  610.0  90  48  60   0.781   0.0   0.0
 7.900  625.0  90  48  60  -0.781   0.0   0.0
 7.900  640.0  90  48  60  -0.781   0.0   0.0
 7.900  645.0  90  48  60  -0.781   0.0   0.0
 7.900  290.0 -90  48  78  -0.781   0.0   0.0
 7.900  295.0 -90  48  84  -0.781   0.0   0.0
 7.900  575.0 -90  48  60  -0.781   0.0   0.0
 7.900  580.0 -90  48  60  -0.781   0.0   0.0
 7.950  300.0  90  48  78  -0.781   0.0   0.0
 7.950  305.0  90  48  84  -0.781   0.0   0.0
 7.950  310.0  90  48  72  -0.781   0.0   0.0
 7.950  590.0  90  48  66  -0.781   0.0   0.0
 7.950  595.0  90  48  66  -0.781   0.0   0.0
 7.950  605.0  90  48  60  -0.781   0.0   0.0
 7.950  610.0  90  48  60  -0.781   0.0   0.0
 7.950  635.0  90  48  60  -0.781   0.0   0.0
 7.950  290.0 -90  48  72  -0.781   0.0   0.0
 7.950  295.0 -90  48  84  -0.781   0.0   0.0
 7.950  575.0 -90  48  60  -0.781   0.0   0.0
 7.950  580.0 -90  48  60  -0.781   0.0   0.0
 7.950  585.0 -90  48  60  -0.781   0.0   0.0
 8.000  305.0  90  48  84  -0.781   0.0   0.0
 8.000  310.0  90  48  72  -0.781   0.0   0.0
 8.000  315.0  90  48  60  -0.781   0.0   0.0
 8.000  595.0  90  48  66  -0.781   0.0   0.0
 8.000  600.0  90  48  60  -0.781   0.0   0.0
 8.000  610.0  90  48  60  -0.781   0.0   0.0
 8.000  615.0  90  48  60   0.781   0.0   0.0
 8.000  290.0 -90  48  66  -0.781   0.0   0.0
 8.000  295.0 -90  48  84  -0.781   0.0   0.0
 8.000  300.0 -90  48  78  -0.781   0.0   0.0
 8.000  575.0 -90  48  60  -0.781   0.0   0.0
 8.000  580.0 -90  48  60  -0.781   0.0   0.0
 8.000  585.0 -90  48  60  -0.781   0.0   0.0
 8.000  590.0 -90  48  60  -0.781   0.0   0.0
 8.050  305.0  90  48  84  -0.781   0.0   0.0
 8.050  310.0  90  48  78  -0.781   0.0   0.0
 8.050  315.0  90  48  60  -0.781   0.0   0.0
 8.050  595.0  90  48  66  -0.781   0.0   0.0
 8.050  600.0  90  48  72  -0.781   0.0   0.0
 8.050  605.0  90  48  66  -0.781   0.0   0.0
 8.050  615.0  90  48  60  -0.781   0.0   0.0
 8.050  630.0  90  48  60  -0.781   0.0   0.0
 8.050  635.0  90  48  60  -0.781   0.0   0.0
 8.050  640.0  90  48  60  -0.781   0.0   0.0
 8.050  290.0 -90  48  60  -0.781   0.0   0.0
 8.050  295.0 -90  48  84  -0.781   0.0   0.0
 8.050  300.0 -90  48  78  -0.781   0.0   0.0
 8.050  585.0 -90  48  60  -0.781   0.0   0.0
 8.100  305.0  90  48  84  -0.781   0.0   0.0
 8.100  310.0  90  48  78  -0.781   0.0   0.0
 8.100  315.0  90  48  66  -0.781   0.0   0.0
 8.100  600.0  90  48  60  -0.781   0.0   0.0
 8.100  605.0  90  48  66  -0.781   0.0   0.0
 8.100  610.0  90  48  66  -0.781   0.0   0.0
 8.100  615.0  90  48  66   0.781   0.0   0.0
 8.100  620.0  90  48  60  -0.781   0.0   0.0
 8.100  630.0  90  48  60  -0.781   0.0   0.0
 8.100  635.0  90  48  60  -0.781   0.0   0.0
 8.100  645.0  90  48  60  -0.781   0.0   0.0
 8.100  295.0 -90  48  78  -0.781   0.0   0.0
 8.100  300.0 -90  48  78  -0.781   0.0   0.0
 8.100  580.0 -90  48  72  -0.781   0.0   0.0
 8.100  585.0 -90  48  66  -0.781   0.0   0.0
 8.150  305.0  90  48  78  -0.781   0.0   0.0
 8.150  310.0  90  48  78  -0.781   0.0   0.0
 8.150  315.0  90  48  66  -0.781   0.0   0.0
 8.150  600.0  90  48  66  -0.781   0.0   0.0
 8.150  605.0  90  48  66  -0.781   0.0   0.0
 8.150  610.0  90  48  60  -0.781   0.0   0.0
 8.150  615.0  90  48  60   0.781   0.0   0.0
 8.150  620.0  90  48  60  -0.781   0.0   0.0
 8.150  630.0  90  48  60  -0.781   0.0   0.0
 8.150  635.0  90  48  60  -0.781   0.0   0.0
 8.150  650.0  90  48  60  -0.781   0.0   0.0
 8.150  295.0 -90  48  78  -0.781   0.0   0.0
 8.150  300.0 -90  48  84  -0.781   0.0   0.0
 8.150  580.0 -90  48  66  -0.781   0.0   0.0
 8.150  585.0 -90  48  72  -0.781   0.0   0.0
 8.150  590.0 -90  48  60  -0.781   0.0   0.0
 8.200  305.0  90  48  72  -0.781   0.0   0.0
 8.200  310.0  90  48  78  -0.781   0.0   0.0
 8.200  315.0  90  48  72  -0.781   0.0   0.0
 8.200  600.0  90  48  66  -0.781   0.0   0.0
 8.200  605.0  90  48  72  -0.781   0.0   0.0
 8.200  610.0  90  48  60   0.781   0.0   0.0
 8.200  615.0  90  48  66  -0.781   0.0   0.0
 8.200  620.0  90  48  60  -0.781   0.0   0.0
 8.200  625.0  90  48  60  -0.781   0.0   0.0
 8.200  630.0  90  48  60  -0.781   0.0   0.0
 8.200  635.0  90  48  60  -0.781   0.0   0.0
 8.200  640.0  90  48  60  -0.781   0.0   0.0
 8.200  645.0  90  48  60  -0.781   0.0   0.0
 8.200  650.0  90  48  60   0.781   0.0   0.0
 8.200  655.0  90  48  60  -0.781   0.0   0.0
 8.200  680.0  90  48  60  -0.781   0.0   0.0
 8.200  295.0 -90  48  78  -0.781   0.0   0.0
 8.200  300.0 -90  48  84  -0.781   0.0   0.0
 8.200  585.0 -90  48  60  -0.781   0.0   0.0
 8.200  590.0 -90  48  60  -0.781   0.0   0.0
 8.250  310.0  90  48  84  -0.781   0.0   0.0
 8.250  315.0  90  48  78  -0.781   0.0   0.0
 8.250  320.0  90  48  60  -0.781   0.0   0.0
 8.250  605.0  90  48  60  -0.781   0.0   0.0
 8.250  610.0  90  48  66  -0.781   0.0   0.0
 8.250  615.0  90  48  66  -0.781   0.0   0.0
 8.250  620.0  90  48  60  -0.781   0.0   0.0
 8.250  625.0  90  48  66  -0.781   0.0   0.0
 8.250  640.0  90  48  60  -0.781   0.0   0.0
 8.250  295.0 -90  48  72  -0.781   0.0   0.0
 8.250  300.0 -90  48  84  -0.781   0.0   0.0
 8.250  305.0 -90  48  72  -0.781   0.0   0.0
 8.250  585.0 -90  48  66  -0.781   0.0   0.0
 8.250  590.0 -90  48  66  -0.781   0.0   0.0
 8.250  595.0 -90  48  60  -0.781   0.0   0.0
 8.300  310.0  90  48  78  -0.781   0.0   0.0
 8.300  315.0  90  48  72  -0.781   0.0   0.0
 8.300  320.0  90  48  60  -0.781   0.0   0.0
 8.300  610.0  90  48  66  -0.781   0.0   0.0
 8.300  615.0  90  48  66  -0.781   0.0   0.0
 8.300  620.0  90  48  66  -0.781   0.0   0.0
 8.300  625.0  90  48  66  -0.781   0.0   0.0
 8.300  630.0  90  48  60  -0.781   0.0   0.0
 8.300  640.0  90  48  60  -0.781   0.0   0.0
 8.300  660.0  90  48  60  -0.781   0.0   0.0
 8.300  295.0 -90  48  66  -0.781   0.0   0.0
 8.300  300.0 -90  48  84  -0.781   0.0   0.0
 8.300  305.0 -90  48  78  -0.781   0.0   0.0
 8.300  585.0 -90  48  60  -0.781   0.0   0.0
 8.300  595.0 -90  48  60  -0.781   0.0   0.0
 8.300  600.0 -90  48  60  -0.781   0.0   0.0
 8.300  605.0 -90  48  60  -0.781   0.0   0.0
 8.350  310.0  90  48  72  -0.781   0.0   0.0
 8.350  315.0  90  48  78  -0.781   0.0   0.0
 8.350  320.0  90  48  66  -0.781   0.0   0.0
 8.350  610.0  90  48  60  -0.781   0.0   0.0
 8.350  615.0  90  48  66  -0.781   0.0   0.0
 8.350  620.0  90  48  66  -0.781   0.0   0.0
 8.350  625.0  90  48  66  -0.781   0.0   0.0
 8.350  630.0  90  48  60  -0.781   0.0   0.0
 8.350  640.0  90  48  60  -0.781   0.0   0.0
 8.350  645.0  90  48  60   0.781   0.0   0.0
 8.350  650.0  90  48  60  -0.781   0.0   0.0
 8.350  300.0 -90  48  78  -0.781   0.0   0.0
 8.350  305.0 -90  48  78  -0.781   0.0   0.0
 8.350  590.0 -90  48  66  -0.781   0.0   0.0
 8.350  595.0 -90  48  66  -0.781   0.0   0.0
 8.350  600.0 -90  48  60  -0.781   0.0   0.0
 8.350  605.0 -90  48  60  -0.781   0.0   0.0
 8.400  310.0  90  48  72  -0.781   0.0   0.0
 8.400  315.0  90  48  78  -0.781   0.0   0.0
 8.400  320.0  90  48  66  -0.781   0.0   0.0
 8.400  615.0  90  48  60  -0.781   0.0   0.0
 8.400  620.0  90  48  60  -0.781   0.0   0.0
 8.400  625.0  90  48  60  -0.781   0.0   0.0
 8.400  630.0  90  48  60   0.781   0.0   0.0
 8.400  645.0  90  48  60  -0.781   0.0   0.0
 8.400  650.0  90  48  60  -0.781   0.0   0.0
 8.400  655.0  90  48  60  -0.781   0.0   0.0
 8.400  300.0 -90  48  78  -0.781   0.0   0.0
 8.400  305.0 -90  48  78  -0.781   0.0   0.0
 8.400  590.0 -90  48  60  -0.781   0.0   0.0
 8.400  595.0 -90  48  66  -0.781   0.0   0.0
 8.400  600.0 -90  48  60  -0.781   0.0   0.0
 8.400  605.0 -90  48  60  -0.781   0.0   0.0
 8.400  610.0 -90  48  60  -0.781   0.0   0.0
 8.450  315.0  90  48  78  -0.781   0.0   0.0
 8.450  320.0  90  48  72  -0.781   0.0   0.0
 8.450  325.0  90  48  60  -0.781   0.0   0.0
 8.450  615.0  90  48  66  -0.781   0.0   0.0
 8.450  620.0  90  48  72  -0.781   0.0   0.0
 8.450  625.0  90  48  66  -0.781   0.0   0.0
 8.450  630.0  90  48  60  -0.781   0.0   0.0
 8.450  635.0  90  48  60  -0.781   0.0   0.0
 8.450  640.0  90  48  60  -0.781   0.0   0.0
 8.450  650.0  90  48  60  -0.781   0.0   0.0
 8.450  665.0  90  48  60  -0.781   0.0   0.0
 8.450  300.0 -90  48  78  -0.781   0.0   0.0
 8.450  305.0 -90  48  78  -0.781   0.0   0.0
 8.450  310.0 -90  48  72  -0.781   0.0   0.0
 8.450  595.0 -90  48  66  -0.781   0.0   0.0
 8.450  600.0 -90  48  60  -0.781   0.0   0.0
 8.450  605.0 -90  48  60  -0.781   0.0   0.0
 8.450  610.0 -90  48  60  -0.781   0.0   0.0
 8.500  315.0  90  48  78  -0.781   0.0   0.0
 8.500  320.0  90  48  78  -0.781   0.0   0.0
 8.500  325.0  90  48  66  -0.781   0.0   0.0
 8.500  620.0  90  48  66  -0.781   0.0   0.0
 8.500  625.0  90  48  66  -0.781   0.0   0.0
 8.500  630.0  90  48  66  -0.781   0.0   0.0
 8.500  635.0  90  48  66  -0.781   0.0   0.0
 8.500  640.0  90  48  60  -0.781   0.0   0.0
 8.500  300.0 -90  48  66  -0.781   0.0   0.0
 8.500  305.0 -90  48  84  -0.781   0.0   0.0
 8.500  310.0 -90  48  72  -0.781   0.0   0.0
 8.500  595.0 -90  48  66  -0.781   0.0   0.0
 8.500  600.0 -90  48  60  -0.781   0.0   0.0
 8.500  605.0 -90  48  60  -0.781   0.0   0.0
 8.550  315.0  90  48  72  -0.781   0.0   0.0
 8.550  320.0  90  48  78  -0.781   0.0   0.0
 8.550  325.0  90  48  66  -0.781   0.0   0.0
 8.550  625.0  90  48  60  -0.781   0.0   0.0
 8.550  630.0  90  48  66  -0.781   0.0   0.0
 8.550  635.0  90  48  60  -0.781   0.0   0.0
 8.550  300.0 -90  48  60  -0.781   0.0   0.0
 8.550  305.0 -90  48  84  -0.781   0.0   0.0
 8.550  310.0 -90  48  78  -0.781   0.0   0.0
 8.550  600.0 -90  48  60   0.781   0.0   0.0
 8.550  605.0 -90  48  60   0.781   0.0   0.0
 8.550  615.0 -90  48  60  -0.781   0.0   0.0
 8.550  620.0 -90  48  60  -0.781   0.0   0.0
 8.600  320.0  90  48  78  -0.781   0.0   0.0
 8.600  325.0  90  48  72  -0.781   0.0   0.0
 8.600  620.0  90  48  60  -0.781   0.0   0.0
 8.600  625.0  90  48  60  -0.781   0.0   0.0
 8.600  630.0  90  48  72  -0.781   0.0   0.0
 8.600  635.0  90  48  66  -0.781   0.0   0.0
 8.600  645.0  90  48  60   0.781   0.0   0.0
 8.600  650.0  90  48  60   0.781   0.0   0.0
 8.600  655.0  90  48  60   0.781   0.0   0.0
 8.600  660.0  90  48  60  -0.781   0.0   0.0
 8.600  305.0 -90  48  78  -0.781   0.0   0.0
 8.600  310.0 -90  48  78  -0.781   0.0   0.0
 8.600  315.0 -90  48  66  -0.781   0.0   0.0
 8.600  600.0 -90  48  60  -0.781   0.0   0.0
 8.600  605.0 -90  48  60  -0.781   0.0   0.0
 8.650  320.0  90  48  78  -0.781   0.0   0.0
 8.650  325.0  90  48  72  -0.781   0.0   0.0
 8.650  330.0  90  48  60  -0.781   0.0   0.0
 8.650  625.0  90  48  60  -0.781   0.0   0.0
 8.650  630.0  90  48  66   0.781   0.0   0.0
 8.650  645.0  90  48  60  -0.781   0.0   0.0
 8.650  650.0  90  48  60  -0.781   0.0   0.0
 8.650  675.0  90  48  60  -0.781   0.0   0.0
 8.650  305.0 -90  48  78  -0.781   0.0   0.0
 8.650  310.0 -90  48  78  -0.781   0.0   0.0
 8.650  315.0 -90  48  66  -0.781   0.0   0.0
 8.650  600.0 -90  48  66  -0.781   0.0   0.0
 8.650  605.0 -90  48  60  -0.781   0.0   0.0
 8.700  320.0  90  48  72  -0.781   0.0   0.0
 8.700  325.0  90  48  78  -0.781   0.0   0.0
 8.700  330.0  90  48  66  -0.781   0.0   0.0
 8.700  625.0  90  48  60   0.781   0.0   0.0
 8.700  630.0  90  48  60   0.781   0.0   0.0
 8.700  305.0 -90  48  72  -0.781   0.0   0.0
 8.700  310.0 -90  48  84  -0.781   0.0   0.0
 8.700  315.0 -90  48  72  -0.781   0.0   0.0
 8.700  605.0 -90  48  66  -0.781   0.0   0.0
 8.750  320.0  90  48  66  -0.781   0.0   0.0
 8.750  325.0  90  48  78  -0.781   0.0   0.0
 8.750  330.0  90  48  66  -0.781   0.0   0.0
 8.750  630.0  90  48  60  -0.781   0.0   0.0
 8.750  640.0  90  48  60   0.781   0.0   0.0
 8.750  305.0 -90  48  72  -0.781   0.0   0.0
 8.750  310.0 -90  48  84  -0.781   0.0   0.0
 8.750  315.0 -90  48  72  -0.781   0.0   0.0
 8.750  605.0 -90  48  66  -0.781   0.0   0.0
 8.750  610.0 -90  48  66  -0.781   0.0   0.0
 8.750  615.0 -90  48  60  -0.781   0.0   0.0
 8.800  325.0  90  48  78  -0.781   0.0   0.0
 8.800  330.0  90  48  78  -0.781   0.0   0.0
 8.800  335.0  90  48  66  -0.781   0.0   0.0
 8.800  635.0  90  48  66  -0.781   0.0   0.0
 8.800  640.0  90  48  66  -0.781   0.0   0.0
 8.800  645.0  90  48  66  -0.781   0.0   0.0
 8.800  650.0  90  48  66  -0.781   0.0   0.0
 8.800  655.0  90  48  66  -0.781   0.0   0.0
 8.800  660.0  90  48  66  -0.781   0.0   0.0
 8.800  665.0  90  48  60  -0.781   0.0   0.0
 8.800  305.0 -90  48  60  -0.781   0.0   0.0
 8.800  310.0 -90  48  84  -0.781   0.0   0.0
 8.800  315.0 -90  48  78  -0.781   0.0   0.0
 8.800  320.0 -90  48  66  -0.781   0.0   0.0
 8.800  610.0 -90  48  60  -0.781   0.0   0.0
 8.850  325.0  90  42  78  -0.781   0.0   0.0
 8.850  330.0  90  42  78  -0.781   0.0   0.0
 8.850  335.0  90  42  66  -0.781   0.0   0.0
 8.850  640.0  90  42  60  -0.781   0.0   0.0
 8.850  645.0  90  42  60  -0.781   0.0   0.0
 8.850  655.0  90  42  66  -0.781   0.0   0.0
 8.850  660.0  90  42  66  -0.781   0.0   0.0
 8.850  665.0  90  42  60  -0.781   0.0   0.0
 8.850  670.0  90  42  54   0.781   0.0   0.0
 8.850  680.0  90  42  54  -0.781   0.0   0.0
 8.850  685.0  90  42  54  -0.781   0.0   0.0
 8.850  695.0  90  42  54   0.781   0.0   0.0
 8.850  310.0 -90  42  78  -0.781   0.0   0.0
 8.850  315.0 -90  42  84  -0.781   0.0   0.0
 8.850  320.0 -90  42  72  -0.781   0.0   0.0
 8.850  610.0 -90  42  60  -0.781   0.0   0.0
 8.850  615.0 -90  42  60  -0.781   0.0   0.0
 8.850  620.0 -90  42  54  -0.781   0.0   0.0
 8.850  625.0 -90  42  54  -0.781   0.0   0.0
 8.850  630.0 -90  42  54  -0.781   0.0   0.0
 8.850  635.0 -90  42  54  -0.781   0.0   0.0
 8.850  650.0 -90  42  60  -0.781   0.0   0.0
 8.900  325.0  90  42  66  -0.781   0.0   0.0
 8.900  330.0  90  42  78  -0.781   0.0   0.0
 8.900  335.0  90  42  72  -0.781   0.0   0.0
 8.900  340.0  90  42  60  -0.781   0.0   0.0
 8.900  635.0  90  42  66  -0.781   0.0   0.0
 8.900  640.0  90  42  66  -0.781   0.0   0.0
 8.900  645.0  90  42  60  -0.781   0.0   0.0
 8.900  650.0  90  42  66  -0.781   0.0   0.0
 8.900  655.0  90  42  60  -0.781   0.0   0.0
 8.900  660.0  90  42  60  -0.781   0.0   0.0
 8.900  665.0  90  42  54  -0.781   0.0   0.0
 8.900  685.0  90  42  54  -0.781   0.0   0.0
 8.900  690.0  90  42  54  -0.781   0.0   0.0
 8.900  310.0 -90  42  78  -0.781   0.0   0.0
 8.900  315.0 -90  42  84  -0.781   0.0   0.0
 8.900  320.0 -90  42  72  -0.781   0.0   0.0
 8.900  610.0 -90  42  60  -0.781   0.0   0.0
 8.900  615.0 -90  42  54  -0.781   0.0   0.0
 8.900  620.0 -90  42  54  -0.781   0.0   0.0
 8.950  325.0  90  42  60  -0.781   0.0   0.0
 8.950  330.0  90  42  78  -0.781   0.0   0.0
 8.950  335.0  90  42  72  -0.781   0.0   0.0
 8.950  340.0  90  42  60  -0.781   0.0   0.0
 8.950  635.0  90  42  54  -0.781   0.0   0.0
 8.950  640.0  90  42  66  -0.781   0.0   0.0
 8.950  645.0  90  42  54   0.781   0.0   0.0
 8.950  650.0  90  42  72  -0.781   0.0   0.0
 8.950  655.0  90  42  60  -0.781   0.0   0.0
 8.950  660.0  90  42  54  -0.781   0.0   0.0
 8.950  670.0  90  42  54  -0.781   0.0   0.0
 8.950  675.0  90  42  54  -0.781   0.0   0.0
 8.950  690.0  90  42  54  -0.781   0.0   0.0
 8.950  695.0  90  42  54   0.781   0.0   0.0
 8.950  310.0 -90  42  72  -0.781   0.0   0.0
 8.950  315.0 -90  42  84  -0.781   0.0   0.0
 8.950  320.0 -90  42  78  -0.781   0.0   0.0
 8.950  610.0 -90  42  54  -0.781   0.0   0.0
 8.950  615.0 -90  42  60  -0.781   0.0   0.0
 8.950  620.0 -90  42  60  -0.781   0.0   0.0
 8.950  630.0 -90  42  54   0.781   0.0   0.0
 9.000  330.0  90  42  72  -0.781   0.0   0.0
 9.000  335.0  90  42  78  -0.781   0.0   0.0
 9.000  340.0  90  42  66  -0.781   0.0   0.0
 9.000  640.0  90  42  54  -0.781   0.0   0.0
 9.000  645.0  90  42  66  -0.781   0.0   0.0
 9.000  650.0  90  42  60  -0.781   0.0   0.0
 9.000  655.0  90  42  60  -0.781   0.0   0.0
 9.000  660.0  90  42  66  -0.781   0.0   0.0
 9.000  665.0  90  42  54  -0.781   0.0   0.0
 9.000  685.0  90  42  54   0.781   0.0   0.0
 9.000  690.0  90  42  54   0.781   0.0   0.0
 9.000  310.0 -90  42  66  -0.781   0.0   0.0
 9.000  315.0 -90  42  84  -0.781   0.0   0.0
 9.000  320.0 -90  42  78  -0.781   0.0   0.0
 9.000  325.0 -90  42  66  -0.781   0.0   0.0
 9.000  615.0 -90  42  66  -0.781   0.0   0.0
 9.000  620.0 -90  42  72  -0.781   0.0   0.0
 9.000  625.0 -90  42  66  -0.781   0.0   0.0
 9.050  330.0  90  42  66  -0.781   0.0   0.0
 9.050  335.0  90  42  78  -0.781   0.0   0.0
 9.050  340.0  90  42  72  -0.781   0.0   0.0
 9.050  345.0  90  42  54  -0.781   0.0   0.0
 9.050  645.0  90  42  60  -0.781   0.0   0.0
 9.050  650.0  90  42  66  -0.781   0.0   0.0
 9.050  655.0  90  42  60  -0.781   0.0   0.0
 9.050  660.0  90  42  66  -0.781   0.0   0.0
 9.050  665.0  90  42  60  -0.781   0.0   0.0
 9.050  670.0  90  42  60  -0.781   0.0   0.0
 9.050  310.0 -90  42  54  -0.781   0.0   0.0
 9.050  315.0 -90  42  78  -0.781   0.0   0.0
 9.050  320.0 -90  42  78  -0.781   0.0   0.0
 9.050  325.0 -90  42  66  -0.781   0.0   0.0
 9.050  615.0 -90  42  54   0.781   0.0   0.0
 9.050  620.0 -90  42  66  -0.781   0.0   0.0
 9.050  625.0 -90  42  60  -0.781   0.0   0.0
 9.050  630.0 -90  42  54  -0.781   0.0   0.0
 9.050  635.0 -90  42  54  -0.781   0.0   0.0
 9.050  640.0 -90  42  54  -0.781   0.0   0.0
 9.100  330.0  90  48  60  -0.781   0.0   0.0
 9.100  335.0  90  48  78  -0.781   0.0   0.0
 9.100  340.0  90  48  72  -0.781   0.0   0.0
 9.100  345.0  90  48  60  -0.781   0.0   0.0
 9.100  645.0  90  48  60  -0.781   0.0   0.0
 9.100  650.0  90  48  60  -0.781   0.0   0.0
 9.100  655.0  90  48  66  -0.781   0.0   0.0
 9.100  660.0  90  48  66  -0.781   0.0   0.0
 9.100  665.0  90  48  60  -0.781   0.0   0.0
 9.100  315.0 -90  48  78  -0.781   0.0   0.0
 9.100  320.0 -90  48  78  -0.781   0.0   0.0
 9.100  325.0 -90  48  66  -0.781   0.0   0.0
 9.100  620.0 -90  48  60  -0.781   0.0   0.0
 9.100  625.0 -90  48  66  -0.781   0.0   0.0
 9.150  335.0  90  42  72  -0.781   0.0   0.0
 9.150  340.0  90  42  78  -0.781   0.0   0.0
 9.150  345.0  90  42  66  -0.781   0.0   0.0
 9.150  650.0  90  42  60  -0.781   0.0   0.0
 9.150  655.0  90  42  60   0.781   0.0   0.0
 9.150  660.0  90  42  60  -0.781   0.0   0.0
 9.150  665.0  90  42  60  -0.781   0.0   0.0
 9.150  315.0 -90  42  66  -0.781   0.0   0.0
 9.150  320.0 -90  42  78  -0.781   0.0   0.0
 9.150  325.0 -90  42  72  -0.781   0.0   0.0
 9.150  330.0 -90  42  60  -0.781   0.0   0.0
 9.150  625.0 -90  42  66  -0.781   0.0   0.0
 9.150  630.0 -90  42  60  -0.781   0.0   0.0
 9.150  635.0 -90  42  60  -0.781   0.0   0.0
 9.150  640.0 -90  42  54  -0.781   0.0   0.0
 9.150  645.0 -90  42  54  -0.781   0.0   0.0
 9.150  690.0 -90  42  54  -0.781   0.0   0.0
 9.200  335.0  90  48  66  -0.781   0.0   0.0
 9.200  340.0  90  48  78  -0.781   0.0   0.0
 9.200  345.0  90  48  72  -0.781   0.0   0.0
 9.200  350.0  90  48  60  -0.781   0.0   0.0
 9.200  660.0  90  48  60  -0.781   0.0   0.0
 9.200  665.0  90  48  60  -0.781   0.0   0.0
 9.200  315.0 -90  48  60  -0.781   0.0   0.0
 9.200  320.0 -90  48  78  -0.781   0.0   0.0
 9.200  325.0 -90  48  72  -0.781   0.0   0.0
 9.200  330.0 -90  48  60  -0.781   0.0   0.0
 9.200  625.0 -90  48  60  -0.781   0.0   0.0
 9.200  630.0 -90  48  60  -0.781   0.0   0.0
 9.200  650.0 -90  48  60  -0.781   0.0   0.0
 9.250  340.0  90  48  72  -0.781   0.0   0.0
 9.250  345.0  90  48  78  -0.781   0.0   0.0
 9.250  350.0  90  48  66  -0.781   0.0   0.0
 9.250  660.0  90  48  66  -0.781   0.0   0.0
 9.250  665.0  90  48  66  -0.781   0.0   0.0
 9.250  670.0  90  48  66  -0.781   0.0   0.0
 9.250  675.0  90  48  60  -0.781   0.0   0.0
 9.250  680.0  90  48  60  -0.781   0.0   0.0
 9.250  320.0 -90  48  72  -0.781   0.0   0.0
 9.250  325.0 -90  48  78  -0.781   0.0   0.0
 9.250  330.0 -90  48  66  -0.781   0.0   0.0
 9.300  340.0  90  48  72  -0.781   0.0   0.0
 9.300  345.0  90  48  78  -0.781   0.0   0.0
 9.300  350.0  90  48  66  -0.781   0.0   0.0
 9.300  660.0  90  48  60   0.781   0.0   0.0
 9.300  665.0  90  48  60  -0.781   0.0   0.0
 9.300  670.0  90  48  66  -0.781   0.0   0.0
 9.300  675.0  90  48  66  -0.781   0.0   0.0
 9.300  680.0  90  48  66  -0.781   0.0   0.0
 9.300  685.0  90  48  60  -0.781   0.0   0.0
 9.300  320.0 -90  48  72  -0.781   0.0   0.0
 9.300  325.0 -90  48  78  -0.781   0.0   0.0
 9.300  330.0 -90  48  66  -0.781   0.0   0.0
 9.300  635.0 -90  48  60  -0.781   0.0   0.0
 9.300  640.0 -90  48  60  -0.781   0.0   0.0
 9.350  340.0  90  48  60  -0.781   0.0   0.0
 9.350  345.0  90  48  78  -0.781   0.0   0.0
 9.350  350.0  90  48  72  -0.781   0.0   0.0
 9.350  355.0  90  48  60  -0.781   0.0   0.0
 9.350  660.0  90  48  66  -0.781   0.0   0.0
 9.350  665.0  90  48  72  -0.781   0.0   0.0
 9.350  670.0  90  48  66  -0.781   0.0   0.0
 9.350  675.0  90  48  60  -0.781   0.0   0.0
 9.350  680.0  90  48  66  -0.781   0.0   0.0
 9.350  685.0  90  48  60  -0.781   0.0   0.0
 9.350  320.0 -90  48  66  -0.781   0.0   0.0
 9.350  325.0 -90  48  78  -0.781   0.0   0.0
 9.350  330.0 -90  48  72  -0.781   0.0   0.0
 9.350  630.0 -90  48  60  -0.781   0.0   0.0
 9.350  635.0 -90  48  60  -0.781   0.0   0.0
 9.350  640.0 -90  48  60  -0.781   0.0   0.0
 9.400  345.0  90  42  60  -0.781   0.0   0.0
 9.400  350.0  90  42  78  -0.781   0.0   0.0
 9.400  355.0  90  42  72  -0.781   0.0   0.0
 9.400  360.0  90  42  54  -0.781   0.0   0.0
 9.400  665.0  90  42  54  -0.781   0.0   0.0
 9.400  670.0  90  42  60  -0.781   0.0   0.0
 9.400  675.0  90  42  60  -0.781   0.0   0.0
 9.400  680.0  90  42  66  -0.781   0.0   0.0
 9.400  690.0  90  42  54  -0.781   0.0   0.0
 9.400  695.0  90  42  54  -0.781   0.0   0.0
 9.400  320.0 -90  42  54  -0.781   0.0   0.0
 9.400  325.0 -90  42  78  -0.781   0.0   0.0
 9.400  330.0 -90  42  78  -0.781   0.0   0.0
 9.400  335.0 -90  42  66  -0.781   0.0   0.0
 9.400  635.0 -90  42  54  -0.781   0.0   0.0
 9.400  645.0 -90  42  54  -0.781   0.0   0.0
 9.400  650.0 -90  42  54  -0.781   0.0   0.0
 9.400  655.0 -90  42  54  -0.781   0.0   0.0
 9.450  345.0  90  42  60  -0.781   0.0   0.0
 9.450  350.0  90  42  78  -0.781   0.0   0.0
 9.450  355.0  90  42  72  -0.781   0.0   0.0
 9.450  360.0  90  42  60  -0.781   0.0   0.0
 9.450  665.0  90  42  54  -0.781   0.0   0.0
 9.450  670.0  90  42  66  -0.781   0.0   0.0
 9.450  680.0  90  42  66  -0.781   0.0   0.0
 9.450  685.0  90  42  60  -0.781   0.0   0.0
 9.450  695.0  90  42  54  -0.781   0.0   0.0
 9.450  325.0 -90  42  78  -0.781   0.0   0.0
 9.450  330.0 -90  42  78  -0.781   0.0   0.0
 9.450  335.0 -90  42  66  -0.781   0.0   0.0
 9.450  640.0 -90  42  60  -0.781   0.0   0.0
 9.450  645.0 -90  42  54  -0.781   0.0   0.0
 9.450  650.0 -90  42  54  -0.781   0.0   0.0
 9.500  350.0  90  42  72  -0.781   0.0   0.0
 9.500  355.0  90  42  72  -0.781   0.0   0.0
 9.500  360.0  90  42  60  -0.781   0.0   0.0
 9.500  670.0  90  42  54  -0.781   0.0   0.0
 9.500  675.0  90  42  60  -0.781   0.0   0.0
 9.500  680.0  90  42  60  -0.781   0.0   0.0
 9.500  695.0  90  42  60  -0.781   0.0   0.0
 9.500  325.0 -90  42  72  -0.781   0.0   0.0
 9.500  330.0 -90  42  78  -0.781   0.0   0.0
 9.500  335.0 -90  42  72  -0.781   0.0   0.0
 9.500  340.0 -90  42  54  -0.781   0.0   0.0
 9.500  635.0 -90  42  54  -0.781   0.0   0.0
 9.500  640.0 -90  42  60  -0.781   0.0   0.0
 9.500  645.0 -90  42  66  -0.781   0.0   0.0
 9.500  650.0 -90  42  60  -0.781   0.0   0.0
 9.500  655.0 -90  42  54  -0.781   0.0   0.0
 9.500  685.0 -90  42  54  -0.781   0.0   0.0
 9.550  350.0  90  48  60  -0.781   0.0   0.0
 9.550  355.0  90  48  72  -0.781   0.0   0.0
 9.550  360.0  90  48  72  -0.781   0.0   0.0
 9.550  675.0  90  48  60  -0.781   0.0   0.0
 9.550  680.0  90  48  60  -0.781   0.0   0.0
 9.550  685.0  90  48  60  -0.781   0.0   0.0
 9.550  690.0  90  48  60  -0.781   0.0   0.0
 9.550  695.0  90  48  66  -0.781   0.0   0.0
 9.550  325.0 -90  48  60  -0.781   0.0   0.0
 9.550  330.0 -90  48  78  -0.781   0.0   0.0
 9.550  335.0 -90  48  72  -0.781   0.0   0.0
 9.550  340.0 -90  48  60  -0.781   0.0   0.0
 9.550  645.0 -90  48  60  -0.781   0.0   0.0
 9.550  650.0 -90  48  60  -0.781   0.0   0.0
 9.600  355.0  90  48  66  -0.781   0.0   0.0
 9.600  360.0  90  48  72  -0.781   0.0   0.0
 9.600  365.0  90  48  66  -0.781   0.0   0.0
 9.600  685.0  90  48  60  -0.781   0.0   0.0
 9.600  690.0  90  48  60  -0.781   0.0   0.0
 9.600  695.0  90  48  66  -0.781   0.0   0.0
 9.600  330.0 -90  48  78  -0.781   0.0   0.0
 9.600  335.0 -90  48  78  -0.781   0.0   0.0
 9.600  340.0 -90  48  66  -0.781   0.0   0.0
 9.600  645.0 -90  48  60  -0.781   0.0   0.0
 9.600  650.0 -90  48  60  -0.781   0.0   0.0
 9.600  655.0 -90  48  66  -0.781   0.0   0.0
 9.600  660.0 -90  48  60  -0.781   0.0   0.0
 9.650  360.0  90  48  72  -0.781   0.0   0.0
 9.650  365.0  90  48  72  -0.781   0.0   0.0
 9.650  370.0  90  48  60  -0.781   0.0   0.0
 9.650  685.0  90  48  60  -0.781   0.0   0.0
 9.650  690.0  90  48  60  -0.781   0.0   0.0
 9.650  330.0 -90  48  72  -0.781   0.0   0.0
 9.650  335.0 -90  48  78  -0.781   0.0   0.0
 9.650  340.0 -90  48  72  -0.781   0.0   0.0
 9.650  345.0 -90  48  60  -0.781   0.0   0.0
 9.650  655.0 -90  48  60  -0.781   0.0   0.0
 9.700  360.0  90  48  66  -0.781   0.0   0.0
 9.700  365.0  90  48  72  -0.781   0.0   0.0
 9.700  370.0  90  48  66  -0.781   0.0   0.0
 9.700  690.0  90  48  60  -0.781   0.0   0.0
 9.700  695.0  90  48  60  -0.781   0.0   0.0
 9.700  330.0 -90  48  60  -0.781   0.0   0.0
 9.700  335.0 -90  48  78  -0.781   0.0   0.0
 9.700  340.0 -90  48  72  -0.781   0.0   0.0
 9.700  345.0 -90  48  60  -0.781   0.0   0.0
 9.700  650.0 -90  48  60  -0.781   0.0   0.0
 9.700  660.0 -90  48  60  -0.781   0.0   0.0
 9.700  665.0 -90  48  60  -0.781   0.0   0.0
 9.750  365.0  90  42  72  -0.781   0.0   0.0
 9.750  370.0  90  42  72  -0.781   0.0   0.0
 9.750  375.0  90  42  60  -0.781   0.0   0.0
 9.750  695.0  90  42  54  -0.781   0.0   0.0
 9.750  330.0 -90  42  54  -0.781   0.0   0.0
 9.750  335.0 -90  42  72  -0.781   0.0   0.0
 9.750  340.0 -90  42  78  -0.781   0.0   0.0
 9.750  345.0 -90  42  66  -0.781   0.0   0.0
 9.750  350.0 -90  42  54  -0.781   0.0   0.0
 9.750  650.0 -90  42  54  -0.781   0.0   0.0
 9.750  655.0 -90  42  60  -0.781   0.0   0.0
 9.750  660.0 -90  42  54  -0.781   0.0   0.0
 9.750  665.0 -90  42  60  -0.781   0.0   0.0
 9.800  365.0  90  42  54  -0.781   0.0   0.0
 9.800  370.0  90  42  72  -0.781   0.0   0.0
 9.800  375.0  90  42  72  -0.781   0.0   0.0
 9.800  380.0  90  42  54  -0.781   0.0   0.0
 9.800  695.0  90  42  54  -0.781   0.0   0.0
 9.800  335.0 -90  42  66  -0.781   0.0   0.0
 9.800  340.0 -90  42  78  -0.781   0.0   0.0
 9.800  345.0 -90  42  72  -0.781   0.0   0.0
 9.800  350.0 -90  42  54  -0.781   0.0   0.0
 9.800  660.0 -90  42  60  -0.781   0.0   0.0
 9.800  665.0 -90  42  60  -0.781   0.0   0.0
 9.850  370.0  90  42  72  -0.781   0.0   0.0
 9.850  375.0  90  42  72  -0.781   0.0   0.0
 9.850  380.0  90  42  60  -0.781   0.0   0.0
 9.850  695.0  90  42  54   0.781   0.0   0.0
 9.850  335.0 -90  42  66  -0.781   0.0   0.0
 9.850  340.0 -90  42  78  -0.781   0.0   0.0
 9.850  345.0 -90  42  72  -0.781   0.0   0.0
 9.850  350.0 -90  42  54  -0.781   0.0   0.0
 9.850  655.0 -90  42  54  -0.781   0.0   0.0
 9.850  660.0 -90  42  60  -0.781   0.0   0.0
 9.850  665.0 -90  42  54  -0.781   0.0   0.0
 9.850  670.0 -90  42  60  -0.781   0.0   0.0
 9.850  675.0 -90  42  60  -0.781   0.0   0.0
 9.850  680.0 -90  42  60  -0.781   0.0   0.0
 9.850  685.0 -90  42  54  -0.781   0.0   0.0
 9.900  370.0  90  42  60  -0.781   0.0   0.0
 9.900  375.0  90  42  72  -0.781   0.0   0.0
 9.900  380.0  90  42  66  -0.781   0.0   0.0
 9.900  385.0  90  42  54  -0.781   0.0   0.0
 9.900  340.0 -90  42  72  -0.781   0.0   0.0
 9.900  345.0 -90  42  72  -0.781   0.0   0.0
 9.900  350.0 -90  42  60  -0.781   0.0   0.0
 9.900  660.0 -90  42  54  -0.781   0.0   0.0
 9.900  665.0 -90  42  60  -0.781   0.0   0.0
 9.900  670.0 -90  42  54  -0.781   0.0   0.0
 9.900  690.0 -90  42  54  -0.781   0.0   0.0
10.100  390.0  90  48  60  -0.781   0.0   0.0
10.100  395.0  90  48  72  -0.781   0.0   0.0
10.100  400.0  90  48  66  -0.781   0.0   0.0
10.100  350.0 -90  48  84  -0.781   0.0   0.0
10.100  355.0 -90  48  78  -0.781   0.0   0.0
10.100  360.0 -90  48  66  -0.781   0.0   0.0
10.100  675.0 -90  48  60  -0.781   0.0   0.0
10.100  680.0 -90  48  66  -0.781   0.0   0.0
10.100  685.0 -90  48  60  -0.781   0.0   0.0
10.100  690.0 -90  48  66  -0.781   0.0   0.0
10.150  395.0  90  48  66  -0.781   0.0   0.0
10.150  400.0  90  48  72  -0.781   0.0   0.0
10.150  405.0  90  48  60  -0.781   0.0   0.0
10.150  350.0 -90  48  78  -0.781   0.0   0.0
10.150  355.0 -90  48  84  -0.781   0.0   0.0
10.150  360.0 -90  48  72  -0.781   0.0   0.0
10.150  680.0 -90  48  60  -0.781   0.0   0.0
10.150  685.0 -90  48  60  -0.781   0.0   0.0
10.150  690.0 -90  48  60   0.781   0.0   0.0
10.200  395.0  90  48  60  -0.781   0.0   0.0
10.200  400.0  90  48  72  -0.781   0.0   0.0
10.200  405.0  90  48  72  -0.781   0.0   0.0
10.200  410.0  90  48  60  -0.781   0.0   0.0
10.200  350.0 -90  48  72  -0.781   0.0   0.0
10.200  355.0 -90  48  84  -0.781   0.0   0.0
10.200  360.0 -90  48  78  -0.781   0.0   0.0
10.200  365.0 -90  48  60  -0.781   0.0   0.0
10.200  690.0 -90  48  60  -0.781   0.0   0.0
10.200  695.0 -90  48  60  -0.781   0.0   0.0
10.250  405.0  90  48  66  -0.781   0.0   0.0
10.250  410.0  90  48  78  -0.781   0.0   0.0
10.250  415.0  90  48  72  -0.781   0.0   0.0
10.250  355.0 -90  48  84  -0.781   0.0   0.0
10.250  360.0 -90  48  84  -0.781   0.0   0.0
10.250  365.0 -90  48  66  -0.781   0.0   0.0
10.250  685.0 -90  48  60  -0.781   0.0   0.0
10.250  690.0 -90  48  60  -0.781   0.0   0.0
10.250  695.0 -90  48  66  -0.781   0.0   0.0
10.300  410.0  90  48  72  -0.781   0.0   0.0
10.300  415.0  90  48  84  -0.781   0.0   0.0
10.300  420.0  90  48  78  -0.781   0.0   0.0
10.300  425.0  90  48  66  -0.781   0.0   0.0
10.300  355.0 -90  48  72  -0.781   0.0   0.0
10.300  360.0 -90  48  84  -0.781   0.0   0.0
10.300  365.0 -90  48  78  -0.781   0.0   0.0
10.300  370.0 -90  48  60  -0.781   0.0   0.0
10.350  415.0  90  48  72  -0.781   0.0   0.0
10.350  420.0  90  48  84  -0.781   0.0   0.0
10.350  425.0  90  48  72  -0.781   0.0   0.0
10.350  430.0  90  48  60  -0.781   0.0   0.0
10.350  355.0 -90  48  60  -0.781   0.0   0.0
10.350  360.0 -90  48  84  -0.781   0.0   0.0
10.350  365.0 -90  48  78  -0.781   0.0   0.0
10.350  370.0 -90  48  66  -0.781   0.0   0.0
10.350  695.0 -90  48  60  -0.781   0.0   0.0
10.400  425.0  90  48  66  -0.781   0.0   0.0
10.400  430.0  90  48  78  -0.781   0.0   0.0
10.400  435.0  90  48  78  -0.781   0.0   0.0
10.400  440.0  90  48  72  -0.781   0.0   0.0
10.400  360.0 -90  48  66  -0.781   0.0   0.0
10.400  365.0 -90  48  84  -0.781   0.0   0.0
10.400  370.0 -90  48  78  -0.781   0.0   0.0
10.400  375.0 -90  48  66  -0.781   0.0   0.0
10.450  425.0  90  42  54  -0.781   0.0   0.0
10.450  430.0  90  42  60  -0.781   0.0   0.0
10.450  435.0  90  42  78  -0.781   0.0   0.0
10.450  440.0  90  42  84  -0.781   0.0   0.0
10.450  445.0  90  42  72  -0.781   0.0   0.0
10.450  450.0  90  42  60  -0.781   0.0   0.0
10.450  365.0 -90  42  78  -0.781   0.0   0.0
10.450  370.0 -90  42  78  -0.781   0.0   0.0
10.450  375.0 -90  42  72  -0.781   0.0   0.0
10.450  380.0 -90  42  54  -0.781   0.0   0.0
10.500  440.0  90  48  60   0.781   0.0   0.0
10.500  445.0  90  48  72  -0.781   0.0   0.0
10.500  450.0  90  48  84  -0.781   0.0   0.0
10.500  455.0  90  48  72  -0.781   0.0   0.0
10.500  365.0 -90  48  60  -0.781   0.0   0.0
10.500  370.0 -90  48  78  -0.781   0.0   0.0
10.500  375.0 -90  48  78  -0.781   0.0   0.0
10.500  380.0 -90  48  60  -0.781   0.0   0.0
10.550  450.0  90  48  78  -0.781   0.0   0.0
10.550  455.0  90  48  90  -0.781   0.0   0.0
10.550  460.0  90  48  84  -0.781   0.0   0.0
10.550  465.0  90  48  66  -0.781   0.0   0.0
10.550  370.0 -90  48  78  -0.781   0.0   0.0
10.550  375.0 -90  48  78  -0.781   0.0   0.0
10.550  380.0 -90  48  66  -0.781   0.0   0.0
10.600  460.0  90  42  60   0.781   0.0   0.0
10.600  465.0  90  42  60  -0.781   0.0   0.0
10.600  470.0  90  42  84  -0.781   0.0   0.0
10.600  475.0  90  42  84  -0.781   0.0   0.0
10.600  480.0  90  42  66  -0.781   0.0   0.0
10.600  370.0 -90  42  54  -0.781   0.0   0.0
10.600  375.0 -90  42  84  -0.781   0.0   0.0
10.600  380.0 -90  42  78  -0.781   0.0   0.0
10.600  385.0 -90  42  66  -0.781   0.0   0.0
10.600  390.0 -90  42  54  -0.781   0.0   0.0
10.650  465.0  90  48  60  -0.781   0.0   0.0
10.650  475.0  90  48  72  -0.781   0.0   0.0
10.650  480.0  90  48  78  -0.781   0.0   0.0
10.650  485.0  90  48  78  -0.781   0.0   0.0
10.650  490.0  90  48  66  -0.781   0.0   0.0
10.650  495.0  90  48  66  -0.781   0.0   0.0
10.650  375.0 -90  48  78  -0.781   0.0   0.0
10.650  380.0 -90  48  84  -0.781   0.0   0.0
10.650  385.0 -90  48  72  -0.781   0.0   0.0
10.650  390.0 -90  48  60  -0.781   0.0   0.0
10.700  475.0  90  42  54   0.781   0.0   0.0
10.700  480.0  90  42  60   0.781   0.0   0.0
10.700  485.0  90  42  66   0.781   0.0   0.0
10.700  490.0  90  42  66  -0.781   0.0   0.0
10.700  495.0  90  42  66  -0.781   0.0   0.0
10.700  500.0  90  42  54   0.781   0.0   0.0
10.700  505.0  90  42  72  -0.781   0.0   0.0
10.700  510.0  90  42  72  -0.781   0.0   0.0
10.700  515.0  90  42  66  -0.781   0.0   0.0
10.700  520.0  90  42  54  -0.781   0.0   0.0
10.700  525.0  90  42  60  -0.781   0.0   0.0
10.700  530.0  90  42  54  -0.781   0.0   0.0
10.700  535.0  90  42  54  -0.781   0.0   0.0
10.700  380.0 -90  42  78  -0.781   0.0   0.0
10.700  385.0 -90  42  84  -0.781   0.0   0.0
10.700  390.0 -90  42  72  -0.781   0.0   0.0
10.700  395.0 -90  42  54  -0.781   0.0   0.0
10.750  490.0  90  42  54   0.781   0.0   0.0
10.750  495.0  90  42  54   0.781   0.0   0.0
10.750  510.0  90  42  60  -0.781   0.0   0.0
10.750  515.0  90  42  66   0.781   0.0   0.0
10.750  520.0  90  42  66  -0.781   0.0   0.0
10.750  525.0  90  42  66   0.781   0.0   0.0
10.750  530.0  90  42  60  -0.781   0.0   0.0
10.750  535.0  90  42  66  -0.781   0.0   0.0
10.750  540.0  90  42  66  -0.781   0.0   0.0
10.750  545.0  90  42  72  -0.781   0.0   0.0
10.750  550.0  90  42  60  -0.781   0.0   0.0
10.750  555.0  90  42  60  -0.781   0.0   0.0
10.750  560.0  90  42  54  -0.781   0.0   0.0
10.750  380.0 -90  42  60  -0.781   0.0   0.0
10.750  385.0 -90  42  84  -0.781   0.0   0.0
10.750  390.0 -90  42  84  -0.781   0.0   0.0
10.750  395.0 -90  42  66  -0.781   0.0   0.0
10.800  535.0  90  42  54   0.781   0.0   0.0
10.800  540.0  90  42  54   0.781   0.0   0.0
10.800  545.0  90  42  60   0.781   0.0   0.0
10.800  550.0  90  42  66  -0.781   0.0   0.0
10.800  555.0  90  42  66   0.781   0.0   0.0
10.800  560.0  90  42  72   0.781   0.0   0.0
10.800  565.0  90  42  66  -0.781   0.0   0.0
10.800  570.0  90  42  60  -0.781   0.0   0.0
10.800  580.0  90  42  54  -0.781   0.0   0.0
10.800  585.0  90  42  60  -0.781   0.0   0.0
10.800  590.0  90  42  60  -0.781   0.0   0.0
10.800  595.0  90  42  60  -0.781   0.0   0.0
10.800  605.0  90  42  60  -0.781   0.0   0.0
10.800  610.0  90  42  66  -0.781   0.0   0.0
10.800  615.0  90  42  66  -0.781   0.0   0.0
10.800  620.0  90  42  66  -0.781   0.0   0.0
10.800  625.0  90  42  66  -0.781   0.0   0.0
10.800  630.0  90  42  66  -0.781   0.0   0.0
10.800  635.0  90  42  60  -0.781   0.0   0.0
10.800  640.0  90  42  54  -0.781   0.0   0.0
10.800  385.0 -90  42  66  -0.781   0.0   0.0
10.800  390.0 -90  42  84  -0.781   0.0   0.0
10.800  395.0 -90  42  78  -0.781   0.0   0.0
10.800  400.0 -90  42  60  -0.781   0.0   0.0
10.850  590.0  90  48  60   0.781   0.0   0.0
10.850  595.0  90  48  60   0.781   0.0   0.0
10.850  600.0  90  48  60   0.781   0.0   0.0
10.850  610.0  90  48  60   0.781   0.0   0.0
10.850  615.0  90  48  60   0.781   0.0   0.0
10.850  630.0  90  48  60  -0.781   0.0   0.0
10.850  635.0  90  48  72  -0.781   0.0   0.0
10.850  640.0  90  48  72  -0.781   0.0   0.0
10.850  645.0  90  48  78   0.781   0.0   0.0
10.850  650.0  90  48  78   0.781   0.0   0.0
10.850  655.0  90  48  72  -0.781   0.0   0.0
10.850  660.0  90  48  66  -0.781   0.0   0.0
10.850  665.0  90  48  66  -0.781   0.0   0.0
10.850  670.0  90  48  66  -0.781   0.0   0.0
10.850  675.0  90  48  60  -0.781   0.0   0.0
10.850  680.0  90  48  60  -0.781   0.0   0.0
10.850  685.0  90  48  60  -0.781   0.0   0.0
10.850  385.0 -90  48  60  -0.781   0.0   0.0
10.850  390.0 -90  48  78  -0.781   0.0   0.0
10.850  395.0 -90  48  84  -0.781   0.0   0.0
10.850  400.0 -90  48  78  -0.781   0.0   0.0
10.850  405.0 -90  48  60  -0.781   0.0   0.0
10.900  590.0  90  42  54   0.781   0.0   0.0
10.900  390.0 -90  42  54   0.781   0.0   0.0
10.900  395.0 -90  42  72  -0.781   0.0   0.0
10.900  400.0 -90  42  84  -0.781   0.0   0.0
10.900  405.0 -90  42  78  -0.781   0.0   0.0
10.900  410.0 -90  42  60  -0.781   0.0   0.0
10.950  400.0 -90  48  66  -0.781   0.0   0.0
10.950  405.0 -90  48  84  -0.781   0.0   0.0
10.950  410.0 -90  48  84  -0.781   0.0   0.0
10.950  415.0 -90  48  72  -0.781   0.0   0.0
11.000  405.0 -90  48  78  -0.781   0.0   0.0
11.000  410.0 -90  48  90  -0.781   0.0   0.0
11.000  415.0 -90  48  84  -0.781   0.0   0.0
11.000  420.0 -90  48  66  -0.781   0.0   0.0
11.050   60.0 -90  42  54  -5.469   0.0   0.0
11.050   65.0 -90  42  54  -5.469   0.0   0.0
11.050  405.0 -90  42  60  -0.781   0.0   0.0
11.050  410.0 -90  42  84  -0.781   0.0   0.0
11.050  415.0 -90  42  90  -0.781   0.0   0.0
11.050  420.0 -90  42  78  -0.781   0.0   0.0
11.050  425.0 -90  42  60  -0.781   0.0   0.0
11.100  410.0 -90  42  60  -0.781   0.0   0.0
11.100  415.0 -90  42  78  -0.781   0.0   0.0
11.100  420.0 -90  42  90  -0.781   0.0   0.0
11.100  425.0 -90  42  84  -0.781   0.0   0.0
11.100  430.0 -90  42  66  -0.781   0.0   0.0
11.150  415.0 -90  42  60  -0.781   0.0   0.0
11.150  420.0 -90  42  72  -0.781   0.0   0.0
11.150  425.0 -90  42  90  -0.781   0.0   0.0
11.150  430.0 -90  42  84  -0.781   0.0   0.0
11.150  435.0 -90  42  72  -0.781   0.0   0.0
11.150  440.0 -90  42  54  -0.781   0.0   0.0
11.200  425.0 -90  48  60  -0.781   0.0   0.0
11.200  430.0 -90  48  78  -0.781   0.0   0.0
11.200  435.0 -90  48  90  -0.781   0.0   0.0
11.200  440.0 -90  48  78  -0.781   0.0   0.0
11.200  445.0 -90  48  60  -0.781   0.0   0.0
11.250  120.0 -90  42  54   3.906   0.0   0.0
11.250  430.0 -90  42  60  -0.781   0.0   0.0
11.250  435.0 -90  42  60  -0.781   0.0   0.0
11.250  440.0 -90  42  84  -0.781   0.0   0.0
11.250  445.0 -90  42  84  -0.781   0.0   0.0
11.250  450.0 -90  42  72  -0.781   0.0   0.0
11.250  455.0 -90  42  60  -0.781   0.0   0.0
11.300  160.0 -90  42  54  -5.469   0.0   0.0
11.300  165.0 -90  42  54  -5.469   0.0   0.0
11.300  440.0 -90  42  54   0.781   0.0   0.0
11.300  445.0 -90  42  54  -0.781   0.0   0.0
11.300  450.0 -90  42  66  -0.781   0.0   0.0
11.300  455.0 -90  42  84  -0.781   0.0   0.0
11.300  460.0 -90  42  84  -0.781   0.0   0.0
11.300  465.0 -90  42  72  -0.781   0.0   0.0
11.300  470.0 -90  42  60  -0.781   0.0   0.0
11.300  475.0 -90  42  54  -0.781   0.0   0.0
11.350  455.0 -90  48  60  -0.781   0.0   0.0
11.350  460.0 -90  48  60  -0.781   0.0   0.0
11.350  465.0 -90  48  72  -0.781   0.0   0.0
11.350  470.0 -90  48  78  -0.781   0.0   0.0
11.350  475.0 -90  48  78  -0.781   0.0   0.0
11.350  480.0 -90  48  60   0.781   0.0   0.0
11.400  475.0 -90  48  60   0.781   0.0   0.0
11.400  490.0 -90  48  66   0.781   0.0   0.0
11.400  495.0 -90  48  78  -0.781   0.0   0.0
11.400  500.0 -90  48  78  -0.781   0.0   0.0
11.400  505.0 -90  48  72  -0.781   0.0   0.0
11.450  475.0 -90  42  54   0.781   0.0   0.0
11.450  480.0 -90  42  60   0.781   0.0   0.0
11.450  485.0 -90  42  60   0.781   0.0   0.0
11.450  490.0 -90  42  66  -0.781   0.0   0.0
11.450  495.0 -90  42  66  -0.781   0.0   0.0
11.450  500.0 -90  42  78  -0.781   0.0   0.0
11.450  505.0 -90  42  78  -0.781   0.0   0.0
11.450  510.0 -90  42  72  -0.781   0.0   0.0
11.450  515.0 -90  42  54  -0.781   0.0   0.0
11.450  535.0 -90  42  54  -0.781   0.0   0.0
11.500  485.0 -90  42  54   0.781   0.0   0.0
11.500  490.0 -90  42  54   0.781   0.0   0.0
11.500  505.0 -90  42  54   0.781   0.0   0.0
11.500  510.0 -90  42  60   0.781   0.0   0.0
11.500  515.0 -90  42  60   0.781   0.0   0.0
11.500  520.0 -90  42  60  -0.781   0.0   0.0
11.500  525.0 -90  42  60  -0.781   0.0   0.0
11.500  530.0 -90  42  66  -0.781   0.0   0.0
11.500  535.0 -90  42  72  -0.781   0.0   0.0
11.500  540.0 -90  42  72  -0.781   0.0   0.0
11.500  545.0 -90  42  66  -0.781   0.0   0.0
11.500  550.0 -90  42  60  -0.781   0.0   0.0
11.500  555.0 -90  42  60  -0.781   0.0   0.0
11.500  560.0 -90  42  54  -0.781   0.0   0.0
11.500  565.0 -90  42  54  -0.781   0.0   0.0
11.500  580.0 -90  42  54  -0.781   0.0   0.0
11.550  555.0 -90  42  60   0.781   0.0   0.0
11.550  560.0 -90  42  54   0.781   0.0   0.0
11.550  570.0 -90  42  60   0.781   0.0   0.0
11.550  580.0 -90  42  60   0.781   0.0   0.0
11.550  585.0 -90  42  54   0.781   0.0   0.0
11.550  605.0 -90  42  54   0.781   0.0   0.0
11.550  610.0 -90  42  60   0.781   0.0   0.0
11.550  615.0 -90  42  60   0.781   0.0   0.0
11.550  620.0 -90  42  54   0.781   0.0   0.0
11.550  625.0 -90  42  54  -0.781   0.0   0.0
11.550  630.0 -90  42  54   0.781   0.0   0.0
11.550  635.0 -90  42  54   0.781   0.0   0.0
16.150   85.0  90  42  54  -0.781   0.0   0.0
16.150  115.0  90  42  54  -0.781   0.0   0.0
16.150  145.0  90  42  54  -0.781   0.0   0.0
16.150  190.0  90  42  54  -0.781   0.0   0.0
16.150  220.0  90  42  54   0.781   0.0   0.0
16.150  250.0  90  42  54  -0.781   0.0   0.0
16.150  280.0  90  42  54  -0.781   0.0   0.0
16.150  295.0  90  42  54  -0.781   0.0   0.0
16.150  325.0  90  42  54   0.781   0.0   0.0
16.150  355.0  90  42  54   0.781   0.0   0.0
16.150  385.0  90  42  54  -0.781   0.0   0.0
16.150  400.0  90  42  54  -0.781   0.0   0.0
16.150  430.0  90  42  54   0.781   0.0   0.0
16.150  460.0  90  42  54  -0.781   0.0   0.0
16.150  475.0  90  42  54   0.781   0.0   0.0
16.150  505.0  90  42  54   0.781   0.0   0.0
16.150  655.0  90  42  54  -0.781   0.0   0.0
16.150  670.0  90  42  54   0.781   0.0   0.0
16.150   70.0 -90  42  54   0.781   0.0   0.0
16.150  100.0 -90  42  54   0.781   0.0   0.0
16.150  130.0 -90  42  54   0.781   0.0   0.0
16.150  160.0 -90  42  54  -0.781   0.0   0.0
16.150  175.0 -90  42  54  -0.781   0.0   0.0
16.150  205.0 -90  42  54  -0.781   0.0   0.0
16.150  235.0 -90  42  54   0.781   0.0   0.0
16.150  265.0 -90  42  54  -0.781   0.0   0.0
16.150  310.0 -90  42  54   0.781   0.0   0.0
16.150  340.0 -90  42  54   0.781   0.0   0.0
16.150  370.0 -90  42  54  -0.781   0.0   0.0
16.150  415.0 -90  42  54  -0.781   0.0   0.0
16.150  445.0 -90  42  54  -0.781   0.0   0.0
16.150  520.0 -90  42  54   0.781   0.0   0.0
16.150  535.0 -90  42  54   0.781   0.0   0.0
16.150  550.0 -90  42  54  -0.781   0.0   0.0
16.150  565.0 -90  42  54  -0.781   0.0   0.0
16.150  580.0 -90  42  54  -0.781   0.0   0.0
16.150  595.0 -90  42  54  -0.781   0.0   0.0
16.150  610.0 -90  42  54  -0.781   0.0   0.0
16.150  625.0 -90  42  54  -0.781   0.0   0.0
16.150  640.0 -90  42  54  -0.781   0.0   0.0
16.150  685.0 -90  42  54   0.781   0.0   0.0
16.350  390.0  90  42  54  -0.781   0.0   0.0
16.350   90.0 -90  42  54   0.781   0.0   0.0
16.350  480.0 -90  42  54  -0.781   0.0   0.0
16.350  690.0 -90  42  54   0.781   0.0   0.0
16.450   65.0  90  42  54   0.781   0.0   0.0
16.450   80.0  90  42  54  -0.781   0.0   0.0
16.450   95.0  90  42  54  -0.781   0.0   0.0
16.450  125.0  90  42  54   0.781   0.0   0.0
16.450  140.0  90  42  54  -0.781   0.0   0.0
16.450  170.0  90  42  54  -0.781   0.0   0.0
16.450  185.0  90  42  54   0.781   0.0   0.0
16.450  215.0  90  42  54  -0.781   0.0   0.0
16.450  245.0  90  42  54  -0.781   0.0   0.0
16.450  260.0  90  42  54   0.781   0.0   0.0
16.450  335.0  90  42  54  -0.781   0.0   0.0
16.450  395.0  90  42  54  -0.781   0.0   0.0
16.450  470.0  90  42  54  -0.781   0.0   0.0
16.450  575.0  90  42  54  -0.781   0.0   0.0
16.450  605.0  90  42  54  -0.781   0.0   0.0
16.450  650.0  90  42  54  -0.781   0.0   0.0
16.450  695.0  90  42  54   0.781   0.0   0.0
16.450  110.0 -90  42  54  -0.781   0.0   0.0
16.450  155.0 -90  42  54  -0.781   0.0   0.0
16.450  200.0 -90  42  54  -0.781   0.0   0.0
16.450  275.0 -90  42  54  -0.781   0.0   0.0
16.450  290.0 -90  42  54  -0.781   0.0   0.0
16.450  320.0 -90  42  54   0.781   0.0   0.0
16.450  380.0 -90  42  54  -0.781   0.0   0.0
16.450  410.0 -90  42  54  -0.781   0.0   0.0
16.450  455.0 -90  42  54   0.781   0.0   0.0
16.450  485.0 -90  42  54  -0.781   0.0   0.0
16.450  500.0 -90  42  54  -0.781   0.0   0.0
16.450  515.0 -90  42  54   0.781   0.0   0.0
16.450  530.0 -90  42  54   0.781   0.0   0.0
16.450  545.0 -90  42  54  -0.781   0.0   0.0
16.450  560.0 -90  42  54  -0.781   0.0   0.0
16.450  620.0 -90  42  54  -0.781   0.0   0.0
16.450  635.0 -90  42  54  -0.781   0.0   0.0
16.450  665.0 -90  42  54  -0.781   0.0   0.0
16.500   95.0  90  42  54  -0.781   0.0   0.0
16.500  110.0  90  42  54  -0.781   0.0   0.0
16.500  140.0  90  42  54   0.781   0.0   0.0
16.500  170.0  90  42  54   0.781   0.0   0.0
16.500  215.0  90  42  54   0.781   0.0   0.0
16.500  230.0  90  42  54  -0.781   0.0   0.0
16.500  275.0  90  42  54  -0.781   0.0   0.0
16.500  290.0  90  42  54   0.781   0.0   0.0
16.500  305.0  90  42  54  -0.781   0.0   0.0
16.500  320.0  90  42  54  -0.781   0.0   0.0
16.500  335.0  90  42  54  -0.781   0.0   0.0
16.500  350.0  90  42  54   0.781   0.0   0.0
16.500  425.0  90  42  54  -0.781   0.0   0.0
16.500  440.0  90  42  54   0.781   0.0   0.0
16.500  470.0  90  42  54   0.781   0.0   0.0
16.500  515.0  90  42  54  -0.781   0.0   0.0
16.500  545.0  90  42  54   0.781   0.0   0.0
16.500  575.0  90  42  54   0.781   0.0   0.0
16.500  635.0  90  42  54   0.781   0.0   0.0
16.500  650.0  90  42  54   0.781   0.0   0.0
16.500   80.0 -90  42  54   0.781   0.0   0.0
16.500  125.0 -90  42  54  -0.781   0.0   0.0
16.500  155.0 -90  42  54   0.781   0.0   0.0
16.500  185.0 -90  42  54  -0.781   0.0   0.0
16.500  200.0 -90  42  54   0.781   0.0   0.0
16.500  260.0 -90  42  54  -0.781   0.0   0.0
16.500  365.0 -90  42  54  -0.781   0.0   0.0
16.500  380.0 -90  42  54  -0.781   0.0   0.0
16.500  395.0 -90  42  54  -0.781   0.0   0.0
16.500  410.0 -90  42  54   0.781   0.0   0.0
16.500  455.0 -90  42  54  -0.781   0.0   0.0
16.500  485.0 -90  42  54   0.781   0.0   0.0
16.500  500.0 -90  42  54   0.781   0.0   0.0
16.500  590.0 -90  42  54  -0.781   0.0   0.0
16.500  605.0 -90  42  54   0.781   0.0   0.0
16.500  620.0 -90  42  54  -0.781   0.0   0.0
16.500  665.0 -90  42  54  -0.781   0.0   0.0
16.500  680.0 -90  42  54  -0.781   0.0   0.0
16.500  695.0 -90  42  54  -0.781   0.0   0.0
16.650   85.0  90  42  54  -0.781   0.0   0.0
16.650  115.0  90  42  54  -0.781   0.0   0.0
16.650  205.0  90  42  54  -0.781   0.0   0.0
16.650  220.0  90  42  54   0.781   0.0   0.0
16.650  235.0  90  42  54  -0.781   0.0   0.0
16.650  295.0  90  42  54  -0.781   0.0   0.0
16.650  415.0  90  42  54  -0.781   0.0   0.0
16.650  595.0  90  42  54   0.781   0.0   0.0
16.650  610.0  90  42  54  -0.781   0.0   0.0
16.650  100.0 -90  42  54  -0.781   0.0   0.0
16.650  145.0 -90  42  54   0.781   0.0   0.0
16.650  175.0 -90  42  54  -0.781   0.0   0.0
16.650  250.0 -90  42  54   0.781   0.0   0.0
16.650  310.0 -90  42  54  -0.781   0.0   0.0
16.650  325.0 -90  42  54   0.781   0.0   0.0
16.650  385.0 -90  42  54  -0.781   0.0   0.0
16.650  445.0 -90  42  54  -0.781   0.0   0.0
16.650  505.0 -90  42  54  -0.781   0.0   0.0
16.650  535.0 -90  42  54   0.781   0.0   0.0
16.650  685.0 -90  42  54  -0.781   0.0   0.0
