2023.03.28 (087) 00:00:01.000
Station name: Dourbes
URSI code: DB049
Ionosonde model: DPS-4D
  Freq  Range Pol MPA Amp Doppler    Az    Zn  PGH
 1.000 1040.0  90  66  75   1.563 150.0  30.0 1031
 1.000  175.0 -90  63  72   1.563 210.0  30.0  185
 1.000 1267.5 -90  63  72  -4.688 270.0  30.0 1275
 1.100 1260.0 -90  78  87  -4.688 270.0  30.0 1270
 1.100 1282.5 -90  78  87   4.688  90.0  30.0 1279
 1.150 1240.0  90  66  75  -1.563 150.0  30.0 1238
 1.200  175.0 -90  54  63   1.563 210.0  30.0  189
 1.200  177.5 -90  54  63   4.688   0.0   0.0  188
 1.200  862.5 -90  54  63  -4.688   0.0   0.0  862
 1.200 1100.0 -90  54  63   1.563  90.0  30.0 1091
 1.250 1275.0 -90  54  63   1.563   0.0   0.0 1281
 1.350  115.0  90  60  69   4.688 150.0  30.0  116
 1.350  120.0  90  60  69   4.688 150.0  30.0  129
 1.350 1267.5  90  60  69  -1.563 150.0  30.0 1260
 1.400 1095.0  90  63  72  -4.688 270.0  30.0 1096
 1.400 1277.5 -90  60  69  -1.563   0.0   0.0 1280
 1.500  317.5  90  60  69   1.563 150.0  30.0  319
 1.600   80.0  90  63  72  -1.563  30.0  30.0   65
 1.650  322.5  90  60  69   1.563   0.0   0.0  324
 1.700  322.5  90  60  69   1.563   0.0   0.0  326
 1.750  322.5  90  57  66  -1.563   0.0   0.0  328
 1.750  325.0  90  57  69   1.563   0.0   0.0  328
 1.800   80.0  90  51  60   1.563 270.0  30.0   90
 1.800   82.5  90  51  60   4.688 270.0  30.0   90
 1.800  325.0  90  51  72  -1.563   0.0   0.0  329
 1.800  327.5  90  51  63   1.563   0.0   0.0  329
 1.800  982.5  90  51  60  -1.563   0.0   0.0  990
 1.800 1227.5  90  51  60  -4.688 330.0  30.0 1239
 1.800 1230.0  90  51  60  -4.688 330.0  30.0 1237
 1.800 1232.5  90  51  60  -4.688 330.0  30.0 1242
 1.800 1235.0  90  51  60  -4.688 330.0  30.0 1243
 1.800 1237.5  90  51  60  -4.688 330.0  30.0 1245
 1.800 1240.0  90  51  60  -4.688 330.0  30.0 1249
 1.800 1242.5  90  51  60  -4.688 330.0  30.0 1251
 1.800 1245.0  90  51  60  -4.688 330.0  30.0 1254
 1.800 1247.5  90  51  60  -4.688 330.0  30.0 1257
 1.800 1250.0  90  51  60  -4.688 330.0  30.0 1256
 1.800 1252.5  90  51  60  -4.688 330.0  30.0 1260
 1.800 1255.0  90  51  60  -4.688 330.0  30.0 1262
 1.800 1257.5  90  51  60  -4.688 330.0  30.0 1264
 1.800 1260.0  90  51  60  -4.688 330.0  30.0 1268
 1.800 1265.0  90  51  60  -4.688 330.0  30.0 1271
 1.800   80.0 -90  51  63  -1.563  30.0  30.0   66
 1.800   82.5 -90  51  69  -1.563  30.0  30.0   75
 1.800   85.0 -90  51  66   1.563  30.0  30.0   75
 1.800  135.0 -90  51  60  -1.563 330.0  30.0  139
 1.800  137.5 -90  51  60  -1.563 330.0  30.0  140
 1.800  145.0 -90  51  60  -1.563 330.0  30.0  149
 1.850  327.5  90  60  72   1.563   0.0   0.0  331
 1.850  677.5 -90  48  57  -4.688 330.0  30.0  673
 1.900  327.5  90  54  69  -1.563   0.0   0.0  332
 1.900  330.0  90  54  69  -1.563   0.0   0.0  332
 1.900  660.0  90  54  66   1.563   0.0   0.0  665
 1.950  330.0  90  54  66   1.563   0.0   0.0  334
 2.000  330.0  90  45  66   1.563   0.0   0.0  335
 2.000  332.5  90  45  66  -1.563   0.0   0.0  335
 2.000  665.0  90  45  54  -1.563   0.0   0.0  668
 2.000  667.5  90  45  54   1.563   0.0   0.0  671
 2.000  670.0  90  45  54  -1.563   0.0   0.0  673
 2.000  927.5 -90  45  54   4.688 270.0  30.0  933
 2.050  330.0  90  45  54   1.563   0.0   0.0  339
 2.050  332.5  90  45  69  -1.563   0.0   0.0  337
 2.050  335.0  90  45  60  -1.563   0.0   0.0  337
 2.050  667.5  90  45  63   1.563   0.0   0.0  672
 2.050  670.0  90  45  66   1.563   0.0   0.0  674
 2.050  672.5  90  45  60   1.563   0.0   0.0  674
 2.050 1002.5  90  45  57   1.563   0.0   0.0 1006
 2.050 1005.0  90  45  57  -1.563   0.0   0.0 1009
 2.050 1272.5  90  45  54   4.688 150.0  30.0 1261
 2.050   92.5 -90  42  51   1.563   0.0   0.0   93
 2.100  215.0  90  45  54  -1.563   0.0   0.0  210
 2.100  225.0  90  45  54  -1.563   0.0   0.0  223
 2.100  332.5  90  45  63   1.563   0.0   0.0  338
 2.100  335.0  90  45  69   1.563   0.0   0.0  338
 2.100  670.0  90  45  60   1.563   0.0   0.0  674
 2.100  672.5  90  45  60  -1.563   0.0   0.0  676
 2.100  675.0  90  45  54  -1.563   0.0   0.0  679
 2.100  677.5  90  45  54  -1.563   0.0   0.0  682
 2.100 1007.5  90  45  54   1.563   0.0   0.0 1011
 2.100   87.5 -90  45  54   1.563   0.0   0.0   88
 2.100  690.0 -90  45  54   1.563   0.0   0.0  690
 2.100  717.5 -90  45  54  -1.563   0.0   0.0  720
 2.100 1182.5 -90  45  54  -4.688   0.0   0.0 1179
 2.100 1185.0 -90  45  54  -4.688   0.0   0.0 1190
 2.100 1190.0 -90  45  54  -4.688   0.0   0.0 1194
 2.100 1195.0 -90  45  54  -4.688   0.0   0.0 1196
 2.100 1202.5 -90  45  54  -4.688   0.0   0.0 1214
 2.150  335.0  90  51  72   1.563   0.0   0.0  339
 2.150  337.5  90  51  66  -1.563   0.0   0.0  340
 2.150  675.0  90  51  60  -1.563   0.0   0.0  679
 2.200   92.5  90  45  54   4.688   0.0   0.0   79
 2.200  112.5  90  45  54   4.688 150.0  30.0  101
 2.200  335.0  90  45  60  -1.563   0.0   0.0  341
 2.200  337.5  90  45  69   1.563   0.0   0.0  341
 2.200  675.0  90  45  54  -1.563   0.0   0.0  685
 2.200  677.5  90  45  63   1.563   0.0   0.0  682
 2.200  680.0  90  45  57   1.563   0.0   0.0  683
 2.200  687.5  90  45  54  -1.563   0.0   0.0  693
 2.200  690.0  90  45  54  -1.563   0.0   0.0  695
 2.200 1017.5  90  45  54   1.563   0.0   0.0 1021
 2.200 1020.0  90  45  54  -1.563   0.0   0.0 1025
 2.200 1157.5 -90  45  54  -1.563 150.0  30.0 1157
 2.200 1165.0 -90  45  54  -1.563 150.0  30.0 1172
 2.200 1172.5 -90  45  54  -1.563 150.0  30.0 1173
 2.200 1180.0 -90  45  54  -1.563 150.0  30.0 1183
 2.200 1185.0 -90  45  54  -1.563 150.0  30.0 1181
 2.200 1192.5 -90  45  54  -1.563 150.0  30.0 1193
 2.200 1195.0 -90  45  54  -1.563 150.0  30.0 1189
 2.200 1200.0 -90  45  54  -1.563 150.0  30.0 1205
 2.200 1202.5 -90  45  54  -1.563 150.0  30.0 1207
 2.200 1212.5 -90  45  54  -1.563 150.0  30.0 1225
 2.200 1217.5 -90  45  54  -1.563 150.0  30.0 1216
 2.200 1220.0 -90  45  54  -1.563 150.0  30.0 1226
 2.200 1225.0 -90  45  54  -1.563 150.0  30.0 1226
 2.200 1227.5 -90  45  54  -1.563  90.0  30.0 1231
 2.200 1230.0 -90  45  54  -1.563 150.0  30.0 1232
 2.200 1232.5 -90  45  54  -1.563 150.0  30.0 1229
 2.200 1240.0 -90  45  54  -1.563 150.0  30.0 1249
 2.200 1245.0 -90  45  54  -1.563 150.0  30.0 1245
 2.200 1247.5 -90  45  54  -1.563 150.0  30.0 1252
 2.200 1252.5 -90  45  54  -1.563 150.0  30.0 1256
 2.200 1255.0 -90  45  54  -1.563 150.0  30.0 1252
 2.200 1257.5 -90  45  54  -1.563 150.0  30.0 1265
 2.200 1260.0 -90  45  54  -1.563 150.0  30.0 1261
 2.200 1262.5 -90  45  54  -1.563  90.0  30.0 1260
 2.200 1267.5 -90  45  54  -1.563 150.0  30.0 1274
 2.200 1275.0 -90  45  54  -1.563 150.0  30.0 1278
 2.200 1282.5 -90  45  54  -1.563 150.0  30.0 1287
 2.250  337.5  90  42  66   1.563   0.0   0.0  343
 2.250  340.0  90  42  66  -1.563   0.0   0.0  342
 2.250  392.5  90  42  51  -1.563   0.0   0.0  398
 2.250  680.0  90  42  60   1.563   0.0   0.0  684
 2.250  682.5  90  42  54  -1.563   0.0   0.0  685
 2.250  685.0  90  42  54  -1.563   0.0   0.0  686
 2.250 1022.5  90  42  51   1.563   0.0   0.0 1028
 2.250 1027.5  90  42  51   1.563   0.0   0.0 1031
 2.250  340.0 -90  39  51   1.563   0.0   0.0  343
 2.300  340.0  90  45  57  -1.563   0.0   0.0  344
 2.300  342.5  90  45  54   1.563   0.0   0.0  344
 2.300  682.5  90  45  60  -1.563   0.0   0.0  688
 2.300  685.0  90  45  60   1.563   0.0   0.0  688
 2.300  340.0 -90  45  57  -1.563   0.0   0.0  343
 2.300  575.0 -90  45  54  -1.563 270.0  30.0  589
 2.300  850.0 -90  45  54   1.563 270.0  30.0  853
 2.350  340.0  90  51  69   1.563   0.0   0.0  346
 2.350  342.5  90  51  72  -1.563   0.0   0.0  346
 2.350  687.5  90  51  63   1.563   0.0   0.0  690
 2.350  690.0  90  51  60  -1.563   0.0   0.0  693
 2.400  342.5  90  60  72   1.563   0.0   0.0  348
 2.400  345.0  90  60  69  -1.563   0.0   0.0  347
 2.400  340.0 -90  51  63   1.563   0.0   0.0  345
 2.450  342.5  90  57  66   1.563   0.0   0.0  348
 2.450  345.0  90  57  75  -1.563   0.0   0.0  349
 2.450  347.5  90  57  66   1.563   0.0   0.0  351
 2.450  692.5  90  57  66  -1.563   0.0   0.0  696
 2.450  340.0 -90  48  60  -1.563   0.0   0.0  345
 2.450  342.5 -90  48  60   1.563   0.0   0.0  346
 2.500  345.0  90  45  72  -1.563   0.0   0.0  351
 2.500  347.5  90  45  72   1.563   0.0   0.0  350
 2.500  695.0  90  45  63   1.563   0.0   0.0  699
 2.500  700.0  90  45  57   1.563   0.0   0.0  704
 2.500  967.5  90  45  54   4.688 330.0  30.0  972
 2.500  985.0  90  45  54   1.563 330.0  30.0  998
 2.500 1045.0  90  45  54   1.563 270.0  30.0 1051
 2.500 1047.5  90  45  60  -1.563   0.0   0.0 1049
 2.500 1115.0  90  45  54   4.688   0.0   0.0 1124
 2.500 1127.5  90  45  54   4.688 330.0  30.0 1133
 2.500 1137.5  90  45  54  -4.688  30.0  30.0 1133
 2.500 1140.0  90  45  54   4.688  30.0  30.0 1127
 2.500 1142.5  90  45  54   4.688 330.0  30.0 1152
 2.500 1145.0  90  45  54  -1.563 330.0  30.0 1133
 2.500 1147.5  90  45  54  -1.563  30.0  30.0 1137
 2.500 1150.0  90  45  54   4.688 330.0  30.0 1137
 2.500 1155.0  90  45  54   4.688 330.0  30.0 1167
 2.500 1157.5  90  45  54  -1.563 330.0  30.0 1146
 2.500 1160.0  90  45  54   1.563 330.0  30.0 1173
 2.500 1162.5  90  45  54   4.688  30.0  30.0 1171
 2.500 1167.5  90  45  54   1.563 330.0  30.0 1181
 2.500 1172.5  90  45  54   1.563 330.0  30.0 1185
 2.500 1180.0  90  45  54   4.688   0.0   0.0 1186
 2.500  340.0 -90  39  54   1.563   0.0   0.0  347
 2.500  342.5 -90  39  60  -1.563   0.0   0.0  346
 2.550  347.5  90  63  75   1.563   0.0   0.0  352
 2.550  700.0  90  63  72  -1.563  30.0  30.0  707
 2.550  342.5 -90  54  66   1.563   0.0   0.0  347
 2.600  350.0  90  69  78  -1.563   0.0   0.0  354
 2.650  350.0  90  66  75  -1.563   0.0   0.0  352
 2.650  352.5  90  66  75  -1.563   0.0   0.0  355
 2.700  352.5  90  60  78   1.563   0.0   0.0  357
 2.700  355.0  90  60  72  -1.563   0.0   0.0  357
 2.700  410.0  90  60  69  -4.688  30.0  30.0  418
 2.700  412.5  90  60  72  -1.563  90.0  30.0  414
 2.700 1065.0  90  60  69   1.563  30.0  30.0 1069
 2.700 1067.5  90  60  69  -1.563   0.0   0.0 1072
 2.700  345.0 -90  54  66  -1.563   0.0   0.0  350
 2.700  347.5 -90  54  63   1.563   0.0   0.0  352
 2.750  352.5  90  57  69   1.563   0.0   0.0  358
 2.750  355.0  90  57  78   1.563   0.0   0.0  358
 2.750  357.5  90  57  66   1.563   0.0   0.0  360
 2.750 1072.5  90  57  69  -1.563   0.0   0.0 1077
 2.750  347.5 -90  57  69   1.563   0.0   0.0  351
 2.800  355.0  90  63  75  -1.563   0.0   0.0  361
 2.800  357.5  90  63  75   1.563   0.0   0.0  361
 2.800 1075.0  90  63  72   1.563   0.0   0.0 1089
 2.800  347.5 -90  63  72   1.563   0.0   0.0  350
 2.850  357.5  90  51  72  -1.563   0.0   0.0  363
 2.850  360.0  90  51  69  -1.563   0.0   0.0  363
 2.850  720.0  90  51  60   1.563 330.0  30.0  726
 2.850  722.5  90  51  63  -1.563   0.0   0.0  726
 2.850 1082.5  90  51  63  -1.563   0.0   0.0 1087
 2.850  347.5 -90  42  69   1.563   0.0   0.0  353
 2.850  350.0 -90  42  69   1.563   0.0   0.0  354
 2.850  705.0 -90  42  51   1.563 330.0  30.0  710
 2.900  255.0  90  45  57   1.563  90.0  30.0  265
 2.900  257.5  90  45  57   1.563  90.0  30.0  269
 2.900  355.0  90  45  54   1.563   0.0   0.0  341
 2.900  357.5  90  45  57  -1.563   0.0   0.0  364
 2.900  360.0  90  45  63  -1.563   0.0   0.0  361
 2.900  390.0  90  45  54   1.563  30.0  30.0  382
 2.900  415.0  90  45  63   4.688  90.0  30.0  406
 2.900  417.5  90  45  63   4.688  90.0  30.0  405
 2.900  720.0  90  45  54  -1.563   0.0   0.0  728
 2.900  722.5  90  45  60   1.563   0.0   0.0  727
 2.900  740.0  90  45  54  -1.563  30.0  30.0  746
 2.900  742.5  90  45  60   1.563  90.0  30.0  738
 2.900  745.0  90  45  54   4.688  90.0  30.0  746
 2.900  747.5  90  45  54  -4.688  90.0  30.0  734
 2.900 1082.5  90  45  54   1.563   0.0   0.0 1086
 2.900 1085.0  90  45  54  -1.563   0.0   0.0 1092
 2.900 1087.5  90  45  63   1.563   0.0   0.0 1090
 2.900 1090.0  90  45  63   1.563  30.0  30.0 1092
 2.900  347.5 -90  39  54  -1.563   0.0   0.0  353
 2.900  350.0 -90  39  54  -1.563   0.0   0.0  356
 2.900  702.5 -90  39  51   1.563   0.0   0.0  708
 2.900  707.5 -90  39  51  -1.563   0.0   0.0  711
 2.950  312.5  90  45  54  -1.563 270.0  30.0  325
 2.950  360.0  90  45  66   1.563   0.0   0.0  368
 2.950  362.5  90  45  69   1.563   0.0   0.0  365
 2.950  725.0  90  45  63  -1.563   0.0   0.0  730
 2.950  727.5  90  45  69   1.563   0.0   0.0  731
 2.950  730.0  90  45  60   1.563   0.0   0.0  733
 2.950  732.5  90  45  54  -1.563 150.0  30.0  737
 2.950  735.0  90  45  54  -1.563   0.0   0.0  739
 2.950  737.5  90  45  54   1.563   0.0   0.0  741
 2.950 1090.0  90  45  60   1.563   0.0   0.0 1094
 2.950 1092.5  90  45  54  -1.563   0.0   0.0 1096
 2.950  255.0 -90  42  57   4.688  90.0  30.0  268
 2.950  257.5 -90  42  57   4.688  90.0  30.0  245
 2.950  350.0 -90  42  66  -1.563   0.0   0.0  355
 2.950  352.5 -90  42  63  -1.563   0.0   0.0  355
 2.950  417.5 -90  42  54  -4.688  90.0  30.0  423
 2.950  705.0 -90  42  54  -1.563   0.0   0.0  710
 2.950  707.5 -90  42  54   1.563   0.0   0.0  710
 2.950  710.0 -90  42  51   1.563 210.0  30.0  714
 3.000  362.5  90  66  75  -1.563   0.0   0.0  366
 3.000  352.5 -90  60  72   1.563   0.0   0.0  356
 3.050  365.0  90  48  63   1.563   0.0   0.0  368
 3.050  367.5  90  48  60   1.563   0.0   0.0  369
 3.050  732.5  90  48  60   1.563   0.0   0.0  739
 3.050  735.0  90  48  66   1.563   0.0   0.0  738
 3.050  737.5  90  48  57  -1.563   0.0   0.0  740
 3.050  742.5  90  48  57   1.563   0.0   0.0  747
 3.050 1097.5  90  48  60  -1.563   0.0   0.0 1103
 3.050 1100.0  90  48  63   1.563   0.0   0.0 1104
 3.050 1105.0  90  48  57  -1.563   0.0   0.0 1107
 3.050  352.5 -90  45  66  -1.563   0.0   0.0  358
 3.050  355.0 -90  45  63   1.563   0.0   0.0  357
 3.050  710.0 -90  45  60   1.563   0.0   0.0  715
 3.050  712.5 -90  45  57  -1.563   0.0   0.0  715
 3.100  365.0  90  48  60   1.563   0.0   0.0  369
 3.100  367.5  90  48  66  -1.563   0.0   0.0  372
 3.100  735.0  90  48  57   1.563   0.0   0.0  741
 3.100  737.5  90  48  69   1.563   0.0   0.0  741
 3.100  740.0  90  48  66   1.563   0.0   0.0  743
 3.100 1110.0  90  48  60   1.563   0.0   0.0 1112
 3.100  352.5 -90  48  63  -1.563   0.0   0.0  359
 3.100  355.0 -90  48  69   1.563   0.0   0.0  359
 3.150  367.5  90  57  69  -1.563   0.0   0.0  373
 3.150  370.0  90  57  75   1.563   0.0   0.0  373
 3.150  355.0 -90  54  69   1.563   0.0   0.0  360
 3.150  357.5 -90  54  69   1.563   0.0   0.0  360
 3.200  370.0  90  48  69   1.563   0.0   0.0  374
 3.200  372.5  90  48  66   1.563   0.0   0.0  375
 3.200  742.5  90  48  57   1.563   0.0   0.0  748
 3.200  745.0  90  48  66   1.563   0.0   0.0  749
 3.200  747.5  90  48  63   1.563   0.0   0.0  750
 3.200  355.0 -90  45  57   1.563   0.0   0.0  361
 3.200  357.5 -90  45  66   1.563   0.0   0.0  361
 3.200  360.0 -90  45  54   1.563   0.0   0.0  361
 3.200 1080.0 -90  45  54   1.563   0.0   0.0 1082
 3.250  372.5  90  51  72  -1.563   0.0   0.0  378
 3.250  375.0  90  51  66  -1.563   0.0   0.0  378
 3.250  750.0  90  51  63  -1.563   0.0   0.0  754
 3.250  752.5  90  51  60  -1.563  90.0  30.0  755
 3.250  357.5 -90  45  69   1.563   0.0   0.0  362
 3.250  360.0 -90  45  66   1.563   0.0   0.0  363
 3.250  722.5 -90  45  57  -1.563   0.0   0.0  727
 3.300 1272.5 -90  63  72   1.563  90.0  30.0 1258
 3.350  362.5 -90  63  75   1.563   0.0   0.0  366
 3.350  417.5 -90  63  72  -4.688  30.0  30.0  407
 3.400  377.5  90  51  63  -1.563   0.0   0.0  384
 3.400  380.0  90  51  72  -1.563   0.0   0.0  385
 3.400  760.0  90  51  63   1.563   0.0   0.0  766
 3.400  762.5  90  51  63  -1.563   0.0   0.0  765
 3.400  765.0  90  51  63   1.563   0.0   0.0  769
 3.400 1140.0  90  51  60  -1.563   0.0   0.0 1145
 3.400 1142.5  90  51  63   1.563   0.0   0.0 1146
 3.400 1145.0  90  51  60   1.563   0.0   0.0 1150
 3.400  362.5 -90  48  72   1.563   0.0   0.0  367
 3.400  365.0 -90  48  66   1.563   0.0   0.0  368
 3.400  730.0 -90  48  57  -1.563   0.0   0.0  735
 3.400 1095.0 -90  48  57  -1.563  30.0  30.0 1097
 3.450  205.0  90  48  57   4.688 150.0  30.0  215
 3.450  230.0  90  48  57  -4.688 150.0  30.0  233
 3.450  380.0  90  48  66   1.563   0.0   0.0  387
 3.450  382.5  90  48  69   1.563   0.0   0.0  386
 3.450  762.5  90  48  60   1.563   0.0   0.0  768
 3.450  765.0  90  48  66  -1.563   0.0   0.0  769
 3.450  767.5  90  48  57   1.563   0.0   0.0  767
 3.450  770.0  90  48  57   1.563  90.0  30.0  774
 3.450 1127.5  90  48  57   4.688  90.0  30.0 1127
 3.450 1132.5  90  48  57   4.688 150.0  30.0 1131
 3.450 1152.5  90  48  57  -1.563 150.0  30.0 1156
 3.450 1155.0  90  48  60  -1.563   0.0   0.0 1158
 3.450 1212.5  90  48  57   4.688 150.0  30.0 1211
 3.450 1220.0  90  48  57  -4.688 150.0  30.0 1232
 3.450 1225.0  90  48  57   4.688 150.0  30.0 1223
 3.450 1227.5  90  48  57  -4.688 150.0  30.0 1235
 3.450 1230.0  90  48  57  -4.688 150.0  30.0 1234
 3.450 1232.5  90  48  57  -4.688 150.0  30.0 1234
 3.450 1235.0  90  48  57  -4.688 150.0  30.0 1238
 3.450 1237.5  90  48  57  -4.688 150.0  30.0 1239
 3.450 1240.0  90  48  57  -4.688 150.0  30.0 1242
 3.450 1242.5  90  48  57  -4.688 150.0  30.0 1245
 3.450 1245.0  90  48  57  -4.688 150.0  30.0 1246
 3.450 1247.5  90  48  57  -4.688 150.0  30.0 1250
 3.450 1250.0  90  48  60  -4.688 150.0  30.0 1253
 3.450 1252.5  90  48  60  -1.563 150.0  30.0 1255
 3.450 1255.0  90  48  57  -4.688 150.0  30.0 1258
 3.450 1257.5  90  48  57  -1.563 150.0  30.0 1260
 3.450 1260.0  90  48  57  -1.563 150.0  30.0 1263
 3.450 1262.5  90  48  57  -1.563 150.0  30.0 1264
 3.450 1265.0  90  48  57  -1.563 150.0  30.0 1267
 3.450 1267.5  90  48  57  -1.563 150.0  30.0 1270
 3.450 1270.0  90  48  57  -1.563 150.0  30.0 1273
 3.450 1272.5  90  48  57  -1.563 150.0  30.0 1276
 3.450 1275.0  90  48  57  -1.563 150.0  30.0 1278
 3.450 1277.5  90  48  57  -1.563 150.0  30.0 1280
 3.450 1280.0  90  48  57   1.563 150.0  30.0 1280
 3.450   80.0 -90  51  60  -4.688 330.0  30.0   75
 3.450  362.5 -90  51  63   1.563   0.0   0.0  367
 3.450  365.0 -90  51  72   1.563   0.0   0.0  369
 3.450  367.5 -90  51  60   1.563   0.0   0.0  370
 3.450  732.5 -90  51  60   1.563   0.0   0.0  737
 3.450  735.0 -90  51  60  -1.563   0.0   0.0  739
 3.450 1160.0 -90  51  60   4.688 150.0  30.0 1166
 3.500  380.0  90  45  54   1.563   0.0   0.0  390
 3.500  382.5  90  45  69   1.563   0.0   0.0  389
 3.500  385.0  90  45  72   1.563   0.0   0.0  389
 3.500  387.5  90  45  57   1.563   0.0   0.0  383
 3.500  770.0  90  45  63   1.563   0.0   0.0  775
 3.500  772.5  90  45  66  -1.563   0.0   0.0  776
 3.500  777.5  90  45  57   1.563   0.0   0.0  784
 3.500 1152.5  90  45  54   1.563   0.0   0.0 1156
 3.500 1155.0  90  45  54   1.563   0.0   0.0 1158
 3.500 1157.5  90  45  54  -1.563   0.0   0.0 1163
 3.500 1160.0  90  45  63   1.563   0.0   0.0 1164
 3.500  365.0 -90  42  60   1.563   0.0   0.0  372
 3.500  367.5 -90  42  63  -1.563   0.0   0.0  369
 3.500  735.0 -90  42  57   1.563   0.0   0.0  739
 3.500  737.5 -90  42  54   1.563   0.0   0.0  740
 3.500  742.5 -90  42  54   1.563   0.0   0.0  746
 3.500  745.0 -90  42  54   1.563   0.0   0.0  750
 3.550  385.0  90  60  69  -1.563   0.0   0.0  391
 3.550  387.5  90  60  75   1.563   0.0   0.0  391
 3.550  775.0  90  60  72   1.563   0.0   0.0  780
 3.550  777.5  90  60  72  -1.563   0.0   0.0  781
 3.550  780.0  90  60  69  -1.563   0.0   0.0  784
 3.550  367.5 -90  54  72   1.563   0.0   0.0  372
 3.550  370.0 -90  54  69  -1.563   0.0   0.0  373
 3.600  387.5  90  63  72   1.563   0.0   0.0  393
 3.600  390.0  90  63  75   1.563   0.0   0.0  394
 3.600  780.0  90  63  72  -1.563   0.0   0.0  785
 3.600  782.5  90  63  72   1.563   0.0   0.0  787
 3.600  370.0 -90  57  75  -1.563   0.0   0.0  374
 3.650  390.0  90  51  72   1.563   0.0   0.0  395
 3.650  392.5  90  51  72   1.563   0.0   0.0  396
 3.650  395.0  90  51  60   1.563   0.0   0.0  398
 3.650  785.0  90  51  69   1.563   0.0   0.0  789
 3.650  787.5  90  51  69   1.563   0.0   0.0  791
 3.650  790.0  90  51  60   1.563   0.0   0.0  792
 3.650 1175.0  90  51  63  -1.563   0.0   0.0 1180
 3.650 1177.5  90  51  69   1.563   0.0   0.0 1181
 3.650 1180.0  90  51  66   1.563   0.0   0.0 1183
 3.650 1182.5  90  51  63   1.563   0.0   0.0 1187
 3.650  370.0 -90  48  69   1.563   0.0   0.0  375
 3.650  372.5 -90  48  69   1.563   0.0   0.0  376
 3.650  745.0 -90  48  57   1.563   0.0   0.0  749
 3.650  747.5 -90  48  60   1.563   0.0   0.0  752
 3.650  750.0 -90  48  57   1.563 210.0  30.0  755
 3.650  752.5 -90  48  60  -1.563   0.0   0.0  756
 3.650 1117.5 -90  48  57  -1.563   0.0   0.0 1123
 3.650 1120.0 -90  48  57  -1.563  30.0  30.0 1124
 3.650 1122.5 -90  48  60  -1.563   0.0   0.0 1127
 3.700   97.5  90  54  63  -1.563  30.0  30.0  109
 3.700  100.0  90  54  63  -1.563  30.0  30.0  111
 3.700  102.5  90  54  63  -1.563  30.0  30.0  112
 3.700  110.0  90  54  63  -1.563  30.0  30.0  124
 3.700  112.5  90  54  63  -1.563  30.0  30.0  125
 3.700  120.0  90  54  63  -1.563  30.0  30.0  134
 3.700  122.5  90  54  63  -1.563  30.0  30.0  135
 3.700  125.0  90  54  63  -1.563  30.0  30.0  138
 3.700  132.5  90  54  63  -1.563  30.0  30.0  147
 3.700  135.0  90  54  63  -1.563  30.0  30.0  121
 3.700  147.5  90  54  63  -1.563  30.0  30.0  142
 3.700  195.0  90  54  63  -1.563  30.0  30.0  195
 3.700  197.5  90  54  63  -1.563  30.0  30.0  198
 3.700  392.5  90  54  69   1.563   0.0   0.0  398
 3.700  395.0  90  54  75   1.563   0.0   0.0  399
 3.700  787.5  90  54  66   1.563   0.0   0.0  791
 3.700  790.0  90  54  72   1.563   0.0   0.0  794
 3.700  792.5  90  54  63  -1.563   0.0   0.0  794
 3.700 1185.0  90  54  66  -1.563   0.0   0.0 1188
 3.700 1187.5  90  54  66  -1.563   0.0   0.0 1190
 3.700 1237.5  90  54  63   4.688  30.0  30.0 1234
 3.700 1240.0  90  54  63   4.688  30.0  30.0 1236
 3.700 1242.5  90  54  63   1.563  30.0  30.0 1239
 3.700 1247.5  90  54  63   1.563  30.0  30.0 1244
 3.700 1250.0  90  54  63   4.688  30.0  30.0 1246
 3.700 1252.5  90  54  63   1.563  30.0  30.0 1248
 3.700 1255.0  90  54  63   1.563  30.0  30.0 1251
 3.700 1257.5  90  54  63   1.563  30.0  30.0 1254
 3.700 1260.0  90  54  63   1.563  30.0  30.0 1256
 3.700 1262.5  90  54  63   1.563  30.0  30.0 1259
 3.700 1265.0  90  54  63   4.688  30.0  30.0 1261
 3.700 1267.5  90  54  63   4.688  30.0  30.0 1264
 3.700 1270.0  90  54  63   1.563  30.0  30.0 1267
 3.700 1272.5  90  54  63   4.688  30.0  30.0 1269
 3.700 1275.0  90  54  63   4.688  30.0  30.0 1272
 3.700 1277.5  90  54  63  -4.688  30.0  30.0 1275
 3.700 1280.0  90  54  63  -4.688  30.0  30.0 1277
 3.700 1282.5  90  54  63   4.688  30.0  30.0 1279
 3.700  372.5 -90  48  72   1.563   0.0   0.0  376
 3.700  375.0 -90  48  66  -1.563   0.0   0.0  378
 3.750   80.0  90  48  66  -1.563 270.0  30.0   92
 3.750  395.0  90  48  69  -1.563   0.0   0.0  400
 3.750  397.5  90  48  72   1.563   0.0   0.0  401
 3.750  400.0  90  48  60  -1.563   0.0   0.0  401
 3.750  792.5  90  48  57   1.563   0.0   0.0  798
 3.750  795.0  90  48  69   1.563   0.0   0.0  800
 3.750  797.5  90  48  75   1.563   0.0   0.0  801
 3.750  800.0  90  48  69   1.563   0.0   0.0  803
 3.750  802.5  90  48  60  -1.563   0.0   0.0  805
 3.750 1190.0  90  48  57   1.563   0.0   0.0 1192
 3.750 1195.0  90  48  57   1.563   0.0   0.0 1202
 3.750 1197.5  90  48  63   1.563   0.0   0.0 1201
 3.750  372.5 -90  48  57   1.563   0.0   0.0  379
 3.750  375.0 -90  48  66  -1.563   0.0   0.0  378
 3.750  377.5 -90  48  57  -1.563   0.0   0.0  380
 3.750  755.0 -90  48  57  -1.563   0.0   0.0  758
 3.750  760.0 -90  48  57   1.563   0.0   0.0  764
 3.800  377.5 -90  63  72   1.563   0.0   0.0  381
 3.850  122.5 -90  63  72  -1.563 330.0  30.0  121
 3.850  142.5 -90  63  72  -1.563 330.0  30.0  146
 3.850  145.0 -90  63  72  -1.563 330.0  30.0  144
 3.850  147.5 -90  63  72  -1.563 330.0  30.0  144
 3.850  377.5 -90  63  72  -1.563   0.0   0.0  384
 3.900  405.0  90  60  75   1.563   0.0   0.0  409
 3.900  407.5  90  60  69  -1.563   0.0   0.0  412
 3.900  812.5  90  60  72   1.563   0.0   0.0  817
 3.900  815.0  90  60  72   1.563   0.0   0.0  819
 3.900  380.0 -90  54  75   1.563   0.0   0.0  385
 3.900  382.5 -90  54  72  -1.563   0.0   0.0  385
 3.950  402.5  90  45  54   1.563   0.0   0.0  409
 3.950  405.0  90  45  57   1.563   0.0   0.0  410
 3.950  407.5  90  45  63   1.563   0.0   0.0  413
 3.950  410.0  90  45  66   1.563   0.0   0.0  413
 3.950  412.5  90  45  57   1.563   0.0   0.0  416
 3.950  815.0  90  45  60  -1.563   0.0   0.0  821
 3.950  817.5  90  45  63   1.563   0.0   0.0  822
 3.950  820.0  90  45  60  -1.563   0.0   0.0  824
 3.950  822.5  90  45  63   1.563   0.0   0.0  827
 3.950  825.0  90  45  54  -1.563  90.0  30.0  828
 3.950 1227.5  90  45  60  -1.563   0.0   0.0 1233
 3.950 1230.0  90  45  60   1.563   0.0   0.0 1234
 3.950 1232.5  90  45  54   1.563   0.0   0.0 1234
 3.950 1237.5  90  45  54   1.563   0.0   0.0 1241
 3.950  382.5 -90  48  60  -1.563   0.0   0.0  386
 3.950  385.0 -90  48  60  -1.563   0.0   0.0  387
 3.950  767.5 -90  48  57   1.563   0.0   0.0  771
 3.950  770.0 -90  48  66   1.563   0.0   0.0  774
 3.950  772.5 -90  48  63   1.563   0.0   0.0  776
 3.950 1155.0 -90  48  57   1.563   0.0   0.0 1158
 4.000  412.5  90  60  75   1.563   0.0   0.0  417
 4.000  415.0  90  60  69   1.563   0.0   0.0  417
 4.000  822.5  90  60  69   1.563   0.0   0.0  827
 4.000  825.0  90  60  72   1.563   0.0   0.0  830
 4.000  375.0 -90  63  72   4.688 330.0  30.0  374
 4.000  382.5 -90  63  72  -1.563   0.0   0.0  387
 4.000  385.0 -90  63  78  -1.563   0.0   0.0  388
 4.050  415.0  90  63  72  -1.563   0.0   0.0  420
 4.050  417.5  90  63  72   1.563   0.0   0.0  421
 4.050  835.0  90  63  72   1.563   0.0   0.0  839
 4.050  385.0 -90  57  72  -1.563   0.0   0.0  391
 4.050  387.5 -90  57  78   1.563   0.0   0.0  391
 4.100  417.5  90  57  66  -1.563   0.0   0.0  425
 4.100  420.0  90  57  75   1.563   0.0   0.0  424
 4.100  422.5  90  57  69   1.563   0.0   0.0  425
 4.100  837.5  90  57  69  -1.563   0.0   0.0  842
 4.100  842.5  90  57  69  -1.563   0.0   0.0  847
 4.100  387.5 -90  54  75   1.563   0.0   0.0  393
 4.100  390.0 -90  54  75   1.563   0.0   0.0  393
 4.100  780.0 -90  54  63   1.563   0.0   0.0  787
 4.100  782.5 -90  54  66   1.563   0.0   0.0  786
 4.150  390.0 -90  60  75   1.563   0.0   0.0  395
 4.150  392.5 -90  60  75   1.563   0.0   0.0  395
 4.200  425.0  90  60  72   1.563   0.0   0.0  430
 4.200  427.5  90  60  78   1.563   0.0   0.0  431
 4.200  430.0  90  60  69   1.563   0.0   0.0  433
 4.200  852.5  90  60  72  -1.563   0.0   0.0  858
 4.200  855.0  90  60  75   1.563   0.0   0.0  859
 4.200  857.5  90  60  75   1.563   0.0   0.0  861
 4.200  392.5 -90  54  78   1.563   0.0   0.0  397
 4.200  395.0 -90  54  75   1.563   0.0   0.0  398
 4.200  792.5 -90  54  66   1.563   0.0   0.0  796
 4.250  867.5  90  63  72  -1.563   0.0   0.0  871
 4.250  395.0 -90  60  78  -1.563   0.0   0.0  400
 4.250  397.5 -90  60  75   1.563   0.0   0.0  401
 4.250  795.0 -90  60  69   1.563   0.0   0.0  798
 4.300  435.0  90  69  78  -1.563   0.0   0.0  439
 4.300  397.5 -90  69  78   1.563   0.0   0.0  402
 4.300  400.0 -90  69  78   1.563   0.0   0.0  403
 4.400  440.0  90  54  63  -1.563   0.0   0.0  444
 4.400  442.5  90  54  69  -1.563   0.0   0.0  446
 4.400  445.0  90  54  72   1.563   0.0   0.0  450
 4.400  447.5  90  54  69   1.563   0.0   0.0  450
 4.400  450.0  90  54  63   1.563   0.0   0.0  454
 4.400  887.5  90  54  66   1.563   0.0   0.0  892
 4.400  890.0  90  54  63   1.563   0.0   0.0  893
 4.400  892.5  90  54  69   1.563   0.0   0.0  897
 4.400  895.0  90  54  72   1.563   0.0   0.0  899
 4.400  900.0  90  54  66   1.563   0.0   0.0  904
 4.400  902.5  90  54  63  -1.563   0.0   0.0  906
 4.400  347.5 -90  48  57  -4.688 330.0  30.0  337
 4.400  377.5 -90  48  57  -4.688 210.0  30.0  380
 4.400  397.5 -90  48  57   1.563 330.0  30.0  402
 4.400  400.0 -90  48  63   1.563   0.0   0.0  405
 4.400  402.5 -90  48  78   1.563   0.0   0.0  407
 4.400  405.0 -90  48  75   1.563   0.0   0.0  408
 4.400  407.5 -90  48  57  -1.563   0.0   0.0  409
 4.400  805.0 -90  48  57   1.563   0.0   0.0  813
 4.400  807.5 -90  48  57   1.563   0.0   0.0  815
 4.400  810.0 -90  48  72   1.563   0.0   0.0  814
 4.400  812.5 -90  48  69   1.563   0.0   0.0  816
 4.400  817.5 -90  48  57  -1.563   0.0   0.0  824
 4.400 1212.5 -90  48  57  -1.563   0.0   0.0 1215
 4.400 1217.5 -90  48  57   1.563   0.0   0.0 1220
 4.400 1220.0 -90  48  57   1.563   0.0   0.0 1224
 4.450  450.0  90  63  78   1.563   0.0   0.0  454
 4.450  452.5  90  63  78   1.563   0.0   0.0  456
 4.450  455.0  90  63  78  -1.563   0.0   0.0  459
 4.450  905.0  90  63  72  -1.563   0.0   0.0  909
 4.450  907.5  90  63  72   1.563   0.0   0.0  912
 4.450 1225.0  90  63  72   4.688 330.0  30.0 1217
 4.450 1237.5  90  63  72   4.688 330.0  30.0 1231
 4.450 1242.5  90  63  72   4.688 330.0  30.0 1237
 4.450  405.0 -90  63  78   1.563   0.0   0.0  410
 4.450  407.5 -90  63  78   1.563   0.0   0.0  411
 4.450  817.5 -90  63  72   1.563   0.0   0.0  821
 4.500  452.5  90  60  72   1.563   0.0   0.0  459
 4.500  455.0  90  60  69   1.563   0.0   0.0  462
 4.500  457.5  90  60  81   1.563   0.0   0.0  461
 4.500  460.0  90  60  75   1.563   0.0   0.0  464
 4.500  462.5  90  60  69  -1.563   0.0   0.0  468
 4.500  215.0 -90  51  60  -1.563 330.0  30.0  226
 4.500  220.0 -90  51  60  -1.563 330.0  30.0  231
 4.500  222.5 -90  51  60  -1.563 330.0  30.0  235
 4.500  225.0 -90  51  60  -1.563 330.0  30.0  236
 4.500  227.5 -90  51  60  -1.563 330.0  30.0  238
 4.500  230.0 -90  51  60  -1.563 330.0  30.0  242
 4.500  232.5 -90  51  60  -1.563 330.0  30.0  243
 4.500  235.0 -90  51  60  -1.563 330.0  30.0  246
 4.500  237.5 -90  51  60  -1.563 330.0  30.0  249
 4.500  240.0 -90  51  60  -1.563 330.0  30.0  251
 4.500  242.5 -90  51  60  -1.563 330.0  30.0  253
 4.500  245.0 -90  51  60  -1.563 330.0  30.0  253
 4.500  247.5 -90  51  60  -1.563 330.0  30.0  259
 4.500  250.0 -90  51  60  -1.563 330.0  30.0  258
 4.500  252.5 -90  51  60  -1.563 330.0  30.0  262
 4.500  255.0 -90  51  60  -4.688 330.0  30.0  263
 4.500  365.0 -90  51  60  -4.688 330.0  30.0  379
 4.500  367.5 -90  51  60  -4.688 330.0  30.0  379
 4.500  370.0 -90  51  60  -4.688 330.0  30.0  382
 4.500  372.5 -90  51  60  -4.688 330.0  30.0  381
 4.500  380.0 -90  51  60  -4.688 330.0  30.0  387
 4.500  385.0 -90  51  60  -4.688 330.0  30.0  374
 4.500  405.0 -90  51  63  -1.563   0.0   0.0  410
 4.500  407.5 -90  51  75  -1.563   0.0   0.0  412
 4.500  410.0 -90  51  75   1.563   0.0   0.0  413
 4.500  412.5 -90  51  63   1.563   0.0   0.0  414
 4.500  817.5 -90  51  63  -1.563   0.0   0.0  822
 4.500  820.0 -90  51  63   1.563   0.0   0.0  822
 4.500  822.5 -90  51  66  -1.563   0.0   0.0  826
 4.500  825.0 -90  51  63  -1.563   0.0   0.0  829
 4.500 1112.5 -90  51  60   1.563 330.0  30.0 1107
 4.500 1115.0 -90  51  60   1.563 330.0  30.0 1108
 4.500 1117.5 -90  51  60   1.563 330.0  30.0 1111
 4.500 1120.0 -90  51  60   1.563 330.0  30.0 1114
 4.500 1122.5 -90  51  60   1.563 330.0  30.0 1116
 4.500 1125.0 -90  51  60   1.563 330.0  30.0 1119
 4.500 1127.5 -90  51  60   1.563 330.0  30.0 1122
 4.500 1130.0 -90  51  60   1.563 330.0  30.0 1125
 4.500 1132.5 -90  51  60   1.563 330.0  30.0 1128
 4.500 1135.0 -90  51  60   4.688 330.0  30.0 1134
 4.500 1137.5 -90  51  60   1.563 330.0  30.0 1133
 4.500 1140.0 -90  51  60   1.563 330.0  30.0 1136
 4.500 1142.5 -90  51  60   1.563 330.0  30.0 1139
 4.500 1145.0 -90  51  60   1.563 330.0  30.0 1141
 4.500 1182.5 -90  51  60   4.688 330.0  30.0 1195
 4.500 1187.5 -90  51  60   4.688 330.0  30.0 1200
 4.500 1190.0 -90  51  60   4.688 330.0  30.0 1175
 4.500 1192.5 -90  51  60   4.688 330.0  30.0 1179
 4.500 1195.0 -90  51  60   4.688 330.0  30.0 1182
 4.500 1197.5 -90  51  60   4.688 330.0  30.0 1186
 4.500 1200.0 -90  51  60   4.688 330.0  30.0 1187
 4.500 1202.5 -90  51  60   4.688 330.0  30.0 1192
 4.500 1205.0 -90  51  60   4.688 330.0  30.0 1195
 4.500 1207.5 -90  51  60   4.688 330.0  30.0 1199
 4.500 1210.0 -90  51  60   4.688 330.0  30.0 1201
 4.500 1212.5 -90  51  60   4.688 330.0  30.0 1203
 4.500 1215.0 -90  51  60  -4.688 330.0  30.0 1224
 4.500 1217.5 -90  51  60   4.688 330.0  30.0 1209
 4.500 1222.5 -90  51  60   4.688 330.0  30.0 1215
 4.500 1225.0 -90  51  60   1.563  30.0  30.0 1239
 4.500 1227.5 -90  51  60   1.563 330.0  30.0 1221
 4.500 1230.0 -90  51  66  -1.563   0.0   0.0 1236
 4.500 1232.5 -90  51  66   1.563   0.0   0.0 1234
 4.500 1235.0 -90  51  66  -1.563   0.0   0.0 1240
 4.550  460.0  90  60  75   1.563   0.0   0.0  465
 4.550  462.5  90  60  75   1.563   0.0   0.0  466
 4.550  465.0  90  60  69   1.563   0.0   0.0  472
 4.550  467.5  90  60  75   1.563   0.0   0.0  471
 4.550  410.0 -90  57  72   1.563   0.0   0.0  414
 4.550  412.5 -90  57  78   1.563   0.0   0.0  416
 4.550  415.0 -90  57  66  -1.563   0.0   0.0  417
 4.550  825.0 -90  57  69   1.563   0.0   0.0  828
 4.600   85.0  90  60  69   1.563 330.0  30.0   74
 4.600  462.5  90  60  69  -1.563   0.0   0.0  468
 4.600  472.5  90  60  75   1.563   0.0   0.0  476
 4.600  475.0  90  60  69  -1.563   0.0   0.0  477
 4.600  477.5  90  60  69   1.563   0.0   0.0  482
 4.600  942.5  90  60  69  -1.563   0.0   0.0  947
 4.600  412.5 -90  57  72   1.563   0.0   0.0  417
 4.600  415.0 -90  57  78   1.563   0.0   0.0  419
 4.600  417.5 -90  57  69  -1.563   0.0   0.0  420
 4.600  830.0 -90  57  66  -1.563   0.0   0.0  831
 4.600  832.5 -90  57  69   1.563   0.0   0.0  836
 4.600  835.0 -90  57  69  -1.563   0.0   0.0  838
 4.650  415.0 -90  57  69   1.563   0.0   0.0  421
 4.650  417.5 -90  57  78  -1.563   0.0   0.0  422
 4.650  420.0 -90  57  72   1.563   0.0   0.0  423
 4.650  837.5 -90  57  66   1.563   0.0   0.0  842
 4.650  840.0 -90  57  66   1.563   0.0   0.0  843
 4.700  482.5  90  54  63   1.563   0.0   0.0  488
 4.700  485.0  90  54  69  -1.563   0.0   0.0  491
 4.700  487.5  90  54  72   1.563   0.0   0.0  485
 4.700  490.0  90  54  75   1.563   0.0   0.0  495
 4.700  492.5  90  54  72  -1.563   0.0   0.0  505
 4.700  495.0  90  54  66  -1.563   0.0   0.0  491
 4.700  497.5  90  54  63  -1.563   0.0   0.0  501
 4.700  517.5  90  54  63   1.563  30.0  30.0  521
 4.700  967.5  90  54  63   1.563   0.0   0.0  970
 4.700  980.0  90  54  66  -1.563   0.0   0.0  984
 4.700  985.0  90  54  63  -1.563   0.0   0.0  990
 4.700  987.5  90  54  69  -1.563   0.0   0.0  991
 4.700 1282.5  90  54  63  -4.688 210.0  30.0 1287
 4.700  127.5 -90  51  60   1.563 210.0  30.0  125
 4.700  420.0 -90  51  72   1.563   0.0   0.0  425
 4.700  422.5 -90  51  75   1.563   0.0   0.0  426
 4.700  425.0 -90  51  63   1.563   0.0   0.0  427
 4.700  845.0 -90  51  66   1.563   0.0   0.0  850
 4.700  847.5 -90  51  72   1.563   0.0   0.0  852
 4.700  850.0 -90  51  69   1.563   0.0   0.0  854
 4.700  852.5 -90  51  60  -1.563   0.0   0.0  852
 4.700 1267.5 -90  51  63   1.563   0.0   0.0 1271
 4.700 1270.0 -90  51  66   1.563   0.0   0.0 1273
 4.700 1272.5 -90  51  63   1.563   0.0   0.0 1274
 4.750  500.0  90  54  72   1.563   0.0   0.0  504
 4.750  502.5  90  54  69   1.563   0.0   0.0  506
 4.750  987.5  90  54  63   1.563   0.0   0.0  993
 4.750  990.0  90  54  63  -1.563   0.0   0.0  993
 4.750  997.5  90  54  66   1.563   0.0   0.0 1002
 4.750 1000.0  90  54  66   1.563   0.0   0.0 1004
 4.750 1005.0  90  54  63   1.563   0.0   0.0 1009
 4.750  847.5 -90  51  63   1.563   0.0   0.0  854
 4.750  850.0 -90  51  66   1.563   0.0   0.0  854
 4.750  852.5 -90  51  63  -1.563   0.0   0.0  856
 4.750  855.0 -90  51  66   1.563   0.0   0.0  859
 4.750  857.5 -90  51  63   1.563   0.0   0.0  862
 4.800  500.0  90  54  63  -1.563   0.0   0.0  500
 4.800  502.5  90  54  63  -1.563   0.0   0.0  506
 4.800  505.0  90  54  63  -1.563   0.0   0.0  502
 4.800  507.5  90  54  69   1.563   0.0   0.0  513
 4.800  510.0  90  54  66   1.563   0.0   0.0  514
 4.800  512.5  90  54  66  -1.563   0.0   0.0  515
 4.800  515.0  90  54  63  -1.563   0.0   0.0  518
 4.800  517.5  90  54  63   1.563   0.0   0.0  525
 4.800  520.0  90  54  66   1.563   0.0   0.0  523
 4.800 1010.0  90  54  66   1.563   0.0   0.0 1014
 4.800 1020.0  90  54  63   1.563   0.0   0.0 1025
 4.800 1022.5  90  54  63   1.563   0.0   0.0 1027
 4.800  375.0 -90  51  60  -1.563 270.0  30.0  383
 4.800  425.0 -90  51  63   1.563   0.0   0.0  431
 4.800  427.5 -90  51  72   1.563   0.0   0.0  433
 4.800  430.0 -90  51  75   1.563   0.0   0.0  433
 4.800  432.5 -90  51  63   1.563   0.0   0.0  434
 4.800  857.5 -90  51  66   1.563   0.0   0.0  862
 4.800  860.0 -90  51  69   1.563   0.0   0.0  864
 4.800  862.5 -90  51  66   1.563   0.0   0.0  866
 4.800 1280.0 -90  51  60   1.563   0.0   0.0 1285
 4.850  515.0  90  54  63  -1.563   0.0   0.0  518
 4.850  517.5  90  54  63  -1.563   0.0   0.0  522
 4.850  520.0  90  54  63   1.563   0.0   0.0  521
 4.850  522.5  90  54  69   1.563   0.0   0.0  526
 4.850  525.0  90  54  72   1.563   0.0   0.0  529
 4.850  527.5  90  54  72   1.563   0.0   0.0  531
 4.850  532.5  90  54  63  -1.563   0.0   0.0  538
 4.850  535.0  90  54  66  -1.563   0.0   0.0  539
 4.850  537.5  90  54  63  -1.563   0.0   0.0  542
 4.850 1040.0  90  54  66   1.563   0.0   0.0 1044
 4.850 1042.5  90  54  63  -1.563   0.0   0.0 1044
 4.850 1052.5  90  54  63   1.563   0.0   0.0 1057
 4.850 1055.0  90  54  63  -1.563   0.0   0.0 1058
 4.850 1060.0  90  54  66   1.563   0.0   0.0 1064
 4.850 1062.5  90  54  66  -1.563   0.0   0.0 1065
 4.850 1065.0  90  54  63  -1.563   0.0   0.0 1069
 4.850  427.5 -90  51  60  -1.563   0.0   0.0  434
 4.850  430.0 -90  51  63  -1.563   0.0   0.0  437
 4.850  432.5 -90  51  72   1.563   0.0   0.0  435
 4.850  435.0 -90  51  69   1.563   0.0   0.0  437
 4.850  862.5 -90  51  60   1.563   0.0   0.0  867
 4.850  865.0 -90  51  69   1.563   0.0   0.0  869
 4.850  867.5 -90  51  72   1.563   0.0   0.0  871
 4.850  870.0 -90  51  66  -1.563   0.0   0.0  873
 4.850  872.5 -90  51  60  -1.563   0.0   0.0  876
 4.900  532.5  90  57  69   1.563   0.0   0.0  536
 4.900  535.0  90  57  69   1.563   0.0   0.0  539
 4.900  547.5  90  57  66  -1.563   0.0   0.0  551
 4.900  550.0  90  57  69   1.563   0.0   0.0  553
 4.900  552.5  90  57  66   1.563   0.0   0.0  557
 4.900 1072.5  90  57  66   1.563   0.0   0.0 1076
 4.900 1075.0  90  57  66   1.563   0.0   0.0 1078
 4.900  435.0 -90  57  72   1.563   0.0   0.0  440
 4.900  437.5 -90  57  75   1.563   0.0   0.0  441
 4.900  875.0 -90  57  69   1.563   0.0   0.0  880
 4.900  877.5 -90  57  72   1.563   0.0   0.0  881
 4.900  880.0 -90  57  69   1.563   0.0   0.0  883
 4.950  567.5  90  63  72   1.563   0.0   0.0  571
 4.950  572.5  90  63  72   1.563   0.0   0.0  577
 4.950  442.5 -90  60  75   1.563   0.0   0.0  447
 4.950  885.0 -90  60  69  -1.563   0.0   0.0  889
 4.950  887.5 -90  60  69   1.563   0.0   0.0  891
 5.000  547.5  90  48  57  -1.563   0.0   0.0  540
 5.000  552.5  90  48  57   1.563   0.0   0.0  547
 5.000  557.5  90  48  60  -1.563   0.0   0.0  557
 5.000  560.0  90  48  60   1.563   0.0   0.0  561
 5.000  562.5  90  48  57  -1.563   0.0   0.0  570
 5.000  567.5  90  48  57  -1.563   0.0   0.0  569
 5.000  570.0  90  48  60  -1.563   0.0   0.0  570
 5.000  572.5  90  48  60  -1.563   0.0   0.0  582
 5.000  575.0  90  48  60   1.563   0.0   0.0  577
 5.000  577.5  90  48  60   1.563   0.0   0.0  577
 5.000  580.0  90  48  57  -1.563 330.0  30.0  567
 5.000  582.5  90  48  63  -1.563   0.0   0.0  591
 5.000  585.0  90  48  63   1.563   0.0   0.0  588
 5.000  587.5  90  48  57  -1.563   0.0   0.0  595
 5.000  592.5  90  48  63   1.563   0.0   0.0  599
 5.000  595.0  90  48  60  -1.563   0.0   0.0  599
 5.000  597.5  90  48  57  -1.563   0.0   0.0  602
 5.000  600.0  90  48  60   1.563   0.0   0.0  604
 5.000  602.5  90  48  63  -1.563   0.0   0.0  606
 5.000  605.0  90  48  63   1.563   0.0   0.0  609
 5.000  607.5  90  48  60   1.563   0.0   0.0  603
 5.000  610.0  90  48  60   1.563   0.0   0.0  611
 5.000  612.5  90  48  57  -1.563   0.0   0.0  615
 5.000  615.0  90  48  60  -1.563   0.0   0.0  620
 5.000  620.0  90  48  60   1.563   0.0   0.0  628
 5.000  622.5  90  48  60  -1.563   0.0   0.0  629
 5.000  625.0  90  48  60  -1.563   0.0   0.0  630
 5.000  627.5  90  48  57   1.563   0.0   0.0  613
 5.000  635.0  90  48  63  -1.563   0.0   0.0  640
 5.000  637.5  90  48  63  -1.563   0.0   0.0  643
 5.000  650.0  90  48  57  -1.563   0.0   0.0  635
 5.000 1165.0  90  48  57   1.563   0.0   0.0 1170
 5.000 1167.5  90  48  57   1.563   0.0   0.0 1171
 5.000 1182.5  90  48  57   1.563   0.0   0.0 1187
 5.000 1190.0  90  48  57   1.563   0.0   0.0 1193
 5.000 1212.5  90  48  57   1.563   0.0   0.0 1215
 5.000 1217.5  90  48  57  -1.563   0.0   0.0 1222
 5.000 1220.0  90  48  60   1.563   0.0   0.0 1222
 5.000 1222.5  90  48  57  -1.563   0.0   0.0 1224
 5.000 1225.0  90  48  60   1.563   0.0   0.0 1228
 5.000 1227.5  90  48  57   1.563   0.0   0.0 1232
 5.000 1250.0  90  48  57  -1.563   0.0   0.0 1252
 5.000  442.5 -90  45  57   1.563   0.0   0.0  441
 5.000  445.0 -90  45  60   1.563   0.0   0.0  449
 5.000  447.5 -90  45  60  -1.563   0.0   0.0  454
 5.000  450.0 -90  45  54  -1.563   0.0   0.0  453
 5.000  885.0 -90  45  54  -1.563   0.0   0.0  887
 5.000  887.5 -90  45  54  -1.563   0.0   0.0  897
 5.000  890.0 -90  45  57   1.563   0.0   0.0  894
 5.000  892.5 -90  45  60  -1.563   0.0   0.0  895
 5.000  895.0 -90  45  66   1.563   0.0   0.0  899
 5.000  897.5 -90  45  66   1.563   0.0   0.0  901
 5.000  900.0 -90  45  57  -1.563   0.0   0.0  905
 5.000  902.5 -90  45  57   1.563   0.0   0.0  906
 5.000  905.0 -90  45  54   1.563   0.0   0.0  908
 5.050   80.0  90  48  57  -1.563 330.0  30.0   88
 5.050  602.5  90  48  57  -1.563   0.0   0.0  606
 5.050  620.0  90  48  60   1.563   0.0   0.0  625
 5.050  622.5  90  48  63   1.563   0.0   0.0  625
 5.050  625.0  90  48  66   1.563   0.0   0.0  628
 5.050  627.5  90  48  60  -1.563  30.0  30.0  632
 5.050  642.5  90  48  57   1.563  30.0  30.0  645
 5.050  657.5  90  48  57   1.563   0.0   0.0  660
 5.050  662.5  90  48  57   1.563 330.0  30.0  663
 5.050  665.0  90  48  57  -1.563   0.0   0.0  668
 5.050  670.0  90  48  60   1.563   0.0   0.0  672
 5.050  672.5  90  48  57  -1.563   0.0   0.0  676
 5.050  677.5  90  48  57   1.563   0.0   0.0  683
 5.050  680.0  90  48  63  -1.563   0.0   0.0  685
 5.050  682.5  90  48  60  -1.563   0.0   0.0  687
 5.050  685.0  90  48  60  -1.563   0.0   0.0  691
 5.050  687.5  90  48  60   1.563   0.0   0.0  691
 5.050  690.0  90  48  60   1.563   0.0   0.0  694
 5.050  692.5  90  48  60   1.563   0.0   0.0  696
 5.050  695.0  90  48  57   1.563   0.0   0.0  699
 5.050  697.5  90  48  57  -1.563   0.0   0.0  702
 5.050  705.0  90  48  57   1.563   0.0   0.0  709
 5.050  707.5  90  48  57   1.563   0.0   0.0  710
 5.050  732.5  90  48  57   1.563   0.0   0.0  737
 5.050 1265.0  90  48  57   1.563   0.0   0.0 1268
 5.050 1275.0  90  48  57  -1.563   0.0   0.0 1279
 5.050 1277.5  90  48  57  -1.563   0.0   0.0 1281
 5.050  447.5 -90  51  63  -1.563   0.0   0.0  450
 5.050  450.0 -90  51  69   1.563   0.0   0.0  455
 5.050  452.5 -90  51  72   1.563   0.0   0.0  456
 5.050  455.0 -90  51  63   1.563   0.0   0.0  458
 5.050  900.0 -90  51  66   1.563   0.0   0.0  905
 5.050  902.5 -90  51  69   1.563   0.0   0.0  906
 5.050  905.0 -90  51  63   1.563   0.0   0.0  911
 5.050  907.5 -90  51  66   1.563   0.0   0.0  911
 5.050  910.0 -90  51  60   1.563   0.0   0.0  914
 5.100  662.5  90  48  57   1.563   0.0   0.0  667
 5.100  665.0  90  48  60  -1.563   0.0   0.0  670
 5.100  667.5  90  48  60   1.563   0.0   0.0  670
 5.100  685.0  90  48  60  -1.563   0.0   0.0  692
 5.100  687.5  90  48  60  -1.563   0.0   0.0  691
 5.100  697.5  90  48  57  -1.563   0.0   0.0  701
 5.100  712.5  90  48  57   1.563   0.0   0.0  716
 5.100  725.0  90  48  57   1.563   0.0   0.0  729
 5.100  727.5  90  48  57   1.563   0.0   0.0  732
 5.100  732.5  90  48  63   1.563   0.0   0.0  737
 5.100  735.0  90  48  57   1.563   0.0   0.0  739
 5.100  737.5  90  48  57   1.563   0.0   0.0  741
 5.100  747.5  90  48  57   1.563   0.0   0.0  752
 5.100  750.0  90  48  57   1.563   0.0   0.0  754
 5.100  755.0  90  48  57  -1.563   0.0   0.0  760
 5.100  770.0  90  48  57  -1.563   0.0   0.0  773
 5.100  782.5  90  48  57   1.563   0.0   0.0  787
 5.100  785.0  90  48  60  -1.563   0.0   0.0  789
 5.100  790.0  90  48  57   1.563   0.0   0.0  796
 5.100  795.0  90  48  57   1.563   0.0   0.0  799
 5.100  800.0  90  48  57   1.563   0.0   0.0  805
 5.100  802.5  90  48  57  -1.563   0.0   0.0  806
 5.100  807.5  90  48  57  -1.563   0.0   0.0  810
 5.100  835.0  90  48  57   1.563   0.0   0.0  838
 5.100  902.5  90  48  57   1.563   0.0   0.0  905
 5.100  450.0 -90  48  57   1.563   0.0   0.0  456
 5.100  452.5 -90  48  60   1.563   0.0   0.0  458
 5.100  455.0 -90  48  69   1.563   0.0   0.0  460
 5.100  457.5 -90  48  69  -1.563   0.0   0.0  461
 5.100  460.0 -90  48  60   1.563   0.0   0.0  464
 5.100  907.5 -90  48  57   1.563   0.0   0.0  913
 5.100  910.0 -90  48  60  -1.563   0.0   0.0  913
 5.100  912.5 -90  48  66   1.563   0.0   0.0  917
 5.100  915.0 -90  48  66   1.563   0.0   0.0  918
 5.100  917.5 -90  48  63   1.563   0.0   0.0  921
 5.100  920.0 -90  48  60   1.563   0.0   0.0  924
 5.100  922.5 -90  48  57  -1.563   0.0   0.0  926
 5.200  105.0 -90  66  75  -1.563  30.0  30.0   96
 5.300  475.0 -90  54  66  -1.563   0.0   0.0  480
 5.300  477.5 -90  54  72   1.563   0.0   0.0  481
 5.300  480.0 -90  54  63  -1.563 330.0  30.0  485
 5.300  485.0 -90  54  63  -1.563   0.0   0.0  489
 5.300  487.5 -90  54  66   1.563   0.0   0.0  491
 5.300  965.0 -90  54  63   1.563 330.0  30.0  969
 5.300  967.5 -90  54  66   1.563   0.0   0.0  972
 5.300  970.0 -90  54  63   1.563   0.0   0.0  974
 5.300  975.0 -90  54  63   1.563   0.0   0.0  979
 5.350  482.5 -90  51  60   1.563   0.0   0.0  488
 5.350  485.0 -90  51  66   1.563   0.0   0.0  489
 5.350  487.5 -90  51  60   1.563   0.0   0.0  490
 5.350  490.0 -90  51  60  -1.563   0.0   0.0  490
 5.350  492.5 -90  51  60   1.563   0.0   0.0  497
 5.350  495.0 -90  51  66   1.563   0.0   0.0  500
 5.350  497.5 -90  51  66   1.563   0.0   0.0  502
 5.350  977.5 -90  51  63  -1.563   0.0   0.0  981
 5.350  980.0 -90  51  63   1.563   0.0   0.0  983
 5.350  982.5 -90  51  60   1.563   0.0   0.0  986
 5.350  985.0 -90  51  60   1.563   0.0   0.0  989
 5.350  990.0 -90  51  60  -1.563   0.0   0.0  994
 5.350  992.5 -90  51  66   1.563   0.0   0.0  996
 5.400  497.5 -90  57  69   1.563   0.0   0.0  503
 5.400  500.0 -90  57  72   1.563   0.0   0.0  503
 5.400  502.5 -90  57  69   1.563   0.0   0.0  506
 5.400  505.0 -90  57  66   1.563   0.0   0.0  508
 5.400  507.5 -90  57  66   1.563   0.0   0.0  512
 5.400  510.0 -90  57  66   1.563   0.0   0.0  514
 5.400 1020.0 -90  57  66   1.563   0.0   0.0 1024
 5.450  510.0 -90  63  75   1.563   0.0   0.0  514
 5.450  512.5 -90  63  75   1.563   0.0   0.0  516
 5.500  532.5 -90  57  66   1.563   0.0   0.0  538
 5.500  535.0 -90  57  69   1.563   0.0   0.0  538
 5.500  537.5 -90  57  66   1.563   0.0   0.0  541
 5.550  527.5 -90  51  60   1.563   0.0   0.0  536
 5.550  535.0 -90  51  60   1.563   0.0   0.0  548
 5.550  542.5 -90  51  63   1.563   0.0   0.0  549
 5.550  545.0 -90  51  66   1.563   0.0   0.0  549
 5.550  547.5 -90  51  63   1.563   0.0   0.0  550
 5.550  550.0 -90  51  63   1.563   0.0   0.0  553
 5.550  552.5 -90  51  60  -1.563   0.0   0.0  554
 5.550  555.0 -90  51  63  -1.563   0.0   0.0  559
 5.550  557.5 -90  51  63   1.563   0.0   0.0  561
 5.550  560.0 -90  51  60   1.563   0.0   0.0  567
 5.550  562.5 -90  51  60   1.563   0.0   0.0  565
 5.550  570.0 -90  51  60  -1.563   0.0   0.0  578
 5.550  572.5 -90  51  60   1.563   0.0   0.0  578
 5.550  575.0 -90  51  60   1.563   0.0   0.0  583
 5.550 1097.5 -90  51  60   1.563   0.0   0.0 1102
 5.550 1100.0 -90  51  63   1.563   0.0   0.0 1104
 5.550 1115.0 -90  51  60  -1.563   0.0   0.0 1120
 5.550 1117.5 -90  51  60   1.563   0.0   0.0 1122
 5.600  305.0  90  48  57  -1.563 150.0  30.0  312
 5.600  547.5 -90  48  57  -1.563   0.0   0.0  549
 5.600  550.0 -90  48  60  -1.563   0.0   0.0  558
 5.600  555.0 -90  48  57   1.563   0.0   0.0  558
 5.600  560.0 -90  48  57  -1.563  90.0  30.0  570
 5.600  562.5 -90  48  57  -1.563   0.0   0.0  571
 5.600  565.0 -90  48  57   1.563   0.0   0.0  569
 5.600  567.5 -90  48  60   1.563   0.0   0.0  574
 5.600  570.0 -90  48  57   1.563   0.0   0.0  576
 5.600  572.5 -90  48  60   1.563   0.0   0.0  576
 5.600  575.0 -90  48  63   1.563   0.0   0.0  578
 5.600  580.0 -90  48  57   1.563   0.0   0.0  586
 5.600  582.5 -90  48  57   1.563   0.0   0.0  587
 5.600  585.0 -90  48  60  -1.563   0.0   0.0  588
 5.600  597.5 -90  48  57   1.563   0.0   0.0  605
 5.600  600.0 -90  48  60   1.563   0.0   0.0  604
 5.600 1127.5 -90  48  60   1.563   0.0   0.0 1132
 5.600 1132.5 -90  48  57   1.563   0.0   0.0 1135
 5.600 1145.0 -90  48  60   1.563   0.0   0.0 1149
 5.600 1150.0 -90  48  57   1.563   0.0   0.0 1154
 5.600 1152.5 -90  48  57   1.563   0.0   0.0 1156
 5.600 1182.5 -90  48  57   1.563   0.0   0.0 1186
 5.600 1185.0 -90  48  57   1.563   0.0   0.0 1188
 5.650  317.5  90  45  54  -1.563 150.0  30.0  328
 5.650  582.5 -90  48  57  -1.563   0.0   0.0  583
 5.650  620.0 -90  48  57  -1.563   0.0   0.0  624
 5.650  622.5 -90  48  57   1.563   0.0   0.0  626
 5.650  660.0 -90  48  57  -1.563   0.0   0.0  663
 5.650  662.5 -90  48  57  -1.563   0.0   0.0  665
 5.650 1200.0 -90  48  57   1.563   0.0   0.0 1203
 5.700  370.0  90  45  54   1.563 150.0  30.0  377
 5.700  410.0  90  45  54   4.688 150.0  30.0  411
 5.700  420.0  90  45  54   4.688 150.0  30.0  414
 5.700  592.5 -90  45  54  -1.563   0.0   0.0  597
 5.700  595.0 -90  45  54   1.563  90.0  30.0  597
 5.700  612.5 -90  45  54  -1.563   0.0   0.0  617
 5.700  630.0 -90  45  54  -1.563   0.0   0.0  634
 5.700  635.0 -90  45  54  -1.563   0.0   0.0  639
 5.700  642.5 -90  45  54  -1.563   0.0   0.0  647
 5.700  645.0 -90  45  54  -1.563   0.0   0.0  652
 5.700  647.5 -90  45  54   1.563   0.0   0.0  649
 5.700  675.0 -90  45  54   1.563   0.0   0.0  679
 5.700  677.5 -90  45  54  -1.563   0.0   0.0  682
 5.700  680.0 -90  45  54   1.563   0.0   0.0  684
 5.700  682.5 -90  45  54  -1.563   0.0   0.0  685
 5.700  685.0 -90  45  54   1.563   0.0   0.0  689
 5.700  697.5 -90  45  54   1.563   0.0   0.0  703
 5.700  717.5 -90  45  54   1.563   0.0   0.0  722
 5.700  745.0 -90  45  54   1.563   0.0   0.0  750
 5.700  747.5 -90  45  54  -1.563   0.0   0.0  751
 5.700  750.0 -90  45  54   1.563   0.0   0.0  755
 5.700  767.5 -90  45  54   1.563   0.0   0.0  772
 5.700  787.5 -90  45  54   1.563 150.0  30.0  773
 5.700  815.0 -90  45  54   1.563   0.0   0.0  820
 6.450  172.5  90  60  69  -1.563 150.0  30.0  164
 6.450  192.5  90  60  69  -1.563 150.0  30.0  207
 6.450  205.0  90  60  69   1.563 150.0  30.0  219
 6.450  220.0  90  60  69   4.688 150.0  30.0  212
 6.450  235.0  90  60  69   4.688 150.0  30.0  226
 6.450  262.5  90  60  69   4.688 150.0  30.0  249
 6.450  267.5  90  60  69  -1.563 150.0  30.0  259
 6.450  275.0  90  60  69   4.688 150.0  30.0  267
 6.450  277.5  90  60  69   1.563 150.0  30.0  269
 6.450  280.0  90  60  69  -1.563 150.0  30.0  272
 6.850 1080.0 -90  39  48  -4.688 150.0  30.0 1095
 6.850 1120.0 -90  39  48   1.563 210.0  30.0 1107
 6.950   80.0  90  45  57   4.688 150.0  30.0   69
 6.950   82.5  90  45  57   1.563 150.0  30.0   71
 6.950   85.0  90  45  54  -1.563 150.0  30.0   75
 6.950   87.5  90  45  54  -4.688 150.0  30.0   77
 6.950   90.0  90  45  54  -1.563 150.0  30.0   78
 6.950  140.0  90  45  54  -4.688 150.0  30.0  153
 6.950  145.0  90  45  54  -1.563 150.0  30.0  130
 6.950  147.5  90  45  54  -4.688 150.0  30.0  162
 6.950  150.0  90  45  54  -4.688 150.0  30.0  164
 6.950  152.5  90  45  54   1.563 150.0  30.0  141
 6.950  155.0  90  45  54  -4.688 150.0  30.0  144
 6.950  157.5  90  45  54  -4.688 150.0  30.0  145
 6.950  160.0  90  45  54  -4.688 150.0  30.0  147
 6.950  162.5  90  45  54  -1.563 150.0  30.0  150
 6.950  165.0  90  45  54  -4.688 150.0  30.0  151
 6.950  167.5  90  45  54  -4.688 150.0  30.0  182
 6.950  170.0  90  45  54   4.688 150.0  30.0  184
 6.950  172.5  90  45  54   1.563 150.0  30.0  187
 6.950  175.0  90  45  54  -4.688 150.0  30.0  188
 6.950  177.5  90  45  54   4.688 150.0  30.0  191
 6.950  180.0  90  45  54   4.688 150.0  30.0  195
 6.950  182.5  90  45  54   4.688 150.0  30.0  169
 6.950  187.5  90  45  54   1.563 150.0  30.0  174
 6.950  190.0  90  45  54   1.563 150.0  30.0  176
 6.950  192.5  90  45  54  -1.563 150.0  30.0  207
 6.950  195.0  90  45  57  -4.688 150.0  30.0  181
 6.950  197.5  90  45  57   4.688 150.0  30.0  185
 6.950  200.0  90  45  57   1.563 150.0  30.0  188
 6.950  202.5  90  45  57   4.688 150.0  30.0  192
 6.950  205.0  90  45  57   4.688 150.0  30.0  197
 6.950  207.5  90  45  57  -1.563 150.0  30.0  202
 6.950  210.0  90  45  57  -4.688 150.0  30.0  202
 6.950  212.5  90  45  57  -4.688 150.0  30.0  204
 6.950  215.0  90  45  57   4.688 150.0  30.0  208
 6.950  217.5  90  45  57  -1.563 150.0  30.0  211
 6.950  220.0  90  45  57  -4.688 150.0  30.0  212
 6.950  222.5  90  45  57   4.688 150.0  30.0  216
 6.950  225.0  90  45  57  -1.563 150.0  30.0  217
 6.950  227.5  90  45  57  -4.688 150.0  30.0  219
 6.950  230.0  90  45  57   4.688 150.0  30.0  222
 6.950  232.5  90  45  57   1.563 150.0  30.0  225
 6.950  235.0  90  45  60  -4.688 150.0  30.0  227
 6.950  237.5  90  45  57   4.688 150.0  30.0  228
 6.950  240.0  90  45  57   1.563 150.0  30.0  231
 6.950  242.5  90  45  57  -4.688 150.0  30.0  233
 6.950  245.0  90  45  57   4.688 150.0  30.0  236
 6.950  247.5  90  45  57   4.688 150.0  30.0  238
 6.950  250.0  90  45  57  -1.563 150.0  30.0  241
 6.950  252.5  90  45  57   4.688 150.0  30.0  243
 6.950  255.0  90  45  57   1.563 150.0  30.0  246
 6.950  257.5  90  45  57  -1.563 150.0  30.0  248
 6.950  260.0  90  45  57   4.688 150.0  30.0  250
 6.950  262.5  90  45  54   1.563 150.0  30.0  253
 6.950  265.0  90  45  54   4.688 150.0  30.0  254
 6.950  275.0  90  45  54  -4.688 150.0  30.0  262
 6.950  387.5  90  45  54   1.563 150.0  30.0  375
 6.950  422.5  90  45  54  -1.563 150.0  30.0  413
 6.950  427.5  90  45  54   4.688 150.0  30.0  417
 6.950  430.0  90  45  54  -1.563 150.0  30.0  422
 6.950  432.5  90  45  54  -1.563 150.0  30.0  425
 6.950  435.0  90  45  54  -1.563 150.0  30.0  426
 6.950  440.0  90  45  54   1.563 150.0  30.0  432
 6.950  442.5  90  45  54   1.563 150.0  30.0  437
 6.950  445.0  90  45  54  -4.688 150.0  30.0  438
 6.950  447.5  90  45  54  -1.563 150.0  30.0  440
 6.950  450.0  90  45  54  -4.688 150.0  30.0  440
 6.950  452.5  90  45  54   1.563 150.0  30.0  442
 6.950  455.0  90  45  54   4.688 150.0  30.0  443
 6.950  457.5  90  45  54   1.563 150.0  30.0  446
 6.950  802.5 -90  48  57  -4.688 150.0  30.0  798
 6.950  805.0 -90  48  57  -1.563 150.0  30.0  801
 6.950  807.5 -90  48  57  -1.563 150.0  30.0  802
 6.950  810.0 -90  48  57  -4.688 150.0  30.0  805
 6.950  812.5 -90  48  57  -4.688 150.0  30.0  806
 6.950  815.0 -90  48  57  -4.688 150.0  30.0  808
 7.000  130.0 -90  51  60  -1.563 150.0  30.0  140
 7.000  135.0 -90  51  60  -4.688 150.0  30.0  133
 7.000  137.5 -90  51  60   4.688 150.0  30.0  141
 7.000  282.5 -90  51  60   4.688 150.0  30.0  286
 7.000  290.0 -90  51  60   4.688 150.0  30.0  292
 7.000  295.0 -90  51  60  -4.688  90.0  30.0  290
 7.000  297.5 -90  51  60  -4.688 150.0  30.0  297
 7.000  300.0 -90  51  60   1.563 150.0  30.0  310
 7.000  305.0 -90  51  63  -4.688 150.0  30.0  304
 7.000  307.5 -90  51  63   4.688 150.0  30.0  312
 7.000  310.0 -90  51  60   1.563 150.0  30.0  321
 7.000  312.5 -90  51  60  -1.563 150.0  30.0  307
 7.000  315.0 -90  51  63   4.688 150.0  30.0  318
 7.000  317.5 -90  51  60   1.563 150.0  30.0  327
 7.000  320.0 -90  51  63  -1.563 150.0  30.0  314
 7.000  322.5 -90  51  63  -4.688 150.0  30.0  321
 7.000  325.0 -90  51  63   4.688 150.0  30.0  331
 7.000  327.5 -90  51  60   1.563 150.0  30.0  320
 7.000  330.0 -90  51  63   4.688 150.0  30.0  327
 7.000  332.5 -90  51  60   4.688 150.0  30.0  334
 7.000  337.5 -90  51  60  -4.688  90.0  30.0  333
 7.000  340.0 -90  51  60  -4.688 150.0  30.0  344
 7.000  345.0 -90  51  60  -4.688 150.0  30.0  342
 7.000  347.5 -90  51  60  -4.688 150.0  30.0  346
 7.000  355.0 -90  51  60   4.688 150.0  30.0  346
 7.000  357.5 -90  51  60   1.563 150.0  30.0  353
 7.000  360.0 -90  51  60  -1.563 150.0  30.0  346
 7.000  362.5 -90  51  63  -4.688 150.0  30.0  364
 7.000  365.0 -90  51  60   4.688 150.0  30.0  375
 7.000  367.5 -90  51  60  -4.688 150.0  30.0  353
 7.000  822.5 -90  51  60   4.688 150.0  30.0  814
 7.000  825.0 -90  51  60   4.688 150.0  30.0  817
 7.000  827.5 -90  51  60   1.563 150.0  30.0  819
 7.000  830.0 -90  51  60   1.563 150.0  30.0  821
 7.000  832.5 -90  51  60   1.563 150.0  30.0  823
 7.000  840.0 -90  51  60  -4.688 150.0  30.0  832
 7.000  842.5 -90  51  60   4.688 150.0  30.0  833
 7.000  845.0 -90  51  60   1.563 150.0  30.0  835
 7.000  847.5 -90  51  60   1.563 150.0  30.0  838
 7.000  850.0 -90  51  60   1.563 150.0  30.0  841
 7.000  852.5 -90  51  60  -4.688 150.0  30.0  844
 7.000  855.0 -90  51  60  -4.688 150.0  30.0  846
 7.000  857.5 -90  51  60   1.563 150.0  30.0  850
 7.200 1220.0 -90  51  60  -1.563  30.0  30.0 1221
 7.450  102.5 -90  45  54   1.563 150.0  30.0   88
 7.450  985.0 -90  45  54  -4.688 150.0  30.0  994
 7.700  377.5  90  45  54   1.563 150.0  30.0  388
 7.700  445.0  90  45  54  -1.563 150.0  30.0  447
 7.700  462.5  90  45  54   1.563 150.0  30.0  466
 7.700  465.0  90  45  54   1.563 150.0  30.0  468
 7.700  467.5  90  45  54   1.563 150.0  30.0  471
 7.700  470.0  90  45  54  -1.563 150.0  30.0  474
 7.700  472.5  90  45  54  -4.688 150.0  30.0  476
 7.700  475.0  90  45  54  -4.688 150.0  30.0  478
 7.700  477.5  90  45  54   4.688 150.0  30.0  482
 7.700  480.0  90  45  54   4.688 150.0  30.0  484
 7.700  487.5  90  45  54   4.688 150.0  30.0  491
 7.700  490.0  90  45  54   4.688 150.0  30.0  494
 7.700  492.5  90  45  54  -1.563 150.0  30.0  495
 7.700  495.0  90  45  54  -4.688 150.0  30.0  500
 7.700  542.5  90  45  54   1.563 150.0  30.0  531
 7.700  545.0  90  45  54  -1.563 150.0  30.0  533
 7.700  547.5  90  45  54  -4.688 150.0  30.0  537
 7.700  550.0  90  45  54  -4.688 150.0  30.0  539
 7.700  552.5  90  45  54   4.688 150.0  30.0  541
 7.700  555.0  90  45  54   4.688 150.0  30.0  541
 7.700  557.5  90  45  57   1.563 150.0  30.0  544
 7.700  560.0  90  45  54   1.563 150.0  30.0  547
 7.700  562.5  90  45  54   1.563 150.0  30.0  549
 7.700  565.0  90  45  54   1.563 150.0  30.0  551
 7.700  567.5  90  45  54   1.563 150.0  30.0  553
 7.700  570.0  90  45  57   4.688 150.0  30.0  557
 7.700  572.5  90  45  57   4.688 150.0  30.0  558
 7.700  575.0  90  45  54   4.688 150.0  30.0  588
 7.700  577.5  90  45  54   1.563 150.0  30.0  591
 7.700  585.0  90  45  54  -4.688 150.0  30.0  570
 7.700  587.5  90  45  54  -4.688 150.0  30.0  601
 7.700  667.5  90  45  54  -1.563 150.0  30.0  665
 7.700  677.5  90  45  54   4.688 150.0  30.0  677
 7.700  680.0  90  45  54   1.563 150.0  30.0  679
 7.700  682.5  90  45  54  -1.563 150.0  30.0  680
 7.700  685.0  90  45  54  -4.688 150.0  30.0  682
 7.700  687.5  90  45  54   4.688 150.0  30.0  686
 7.700  690.0  90  45  54  -4.688 150.0  30.0  689
 7.700  692.5  90  45  54  -1.563 150.0  30.0  690
 7.700  695.0  90  45  54  -1.563 150.0  30.0  691
 7.700  697.5  90  45  54   4.688 150.0  30.0  694
 7.700  702.5  90  45  54   1.563 150.0  30.0  701
 7.700  705.0  90  45  57  -1.563 150.0  30.0  701
 7.700  707.5  90  45  57  -1.563 150.0  30.0  703
 7.700  710.0  90  45  54  -4.688 150.0  30.0  706
 7.700  712.5  90  45  54   4.688 150.0  30.0  711
 7.700  715.0  90  45  54   1.563 150.0  30.0  712
 7.700  717.5  90  45  54  -1.563 150.0  30.0  712
 7.700  720.0  90  45  54  -4.688 150.0  30.0  715
 7.700  722.5  90  45  54   4.688 150.0  30.0  719
 7.700  725.0  90  45  54   1.563 150.0  30.0  725
 7.700  727.5  90  45  54   1.563 150.0  30.0  726
 7.700  730.0  90  45  54  -1.563 150.0  30.0  729
 7.700  732.5  90  45  54  -4.688 150.0  30.0  732
 7.700  737.5  90  45  54   1.563 150.0  30.0  748
 7.700  685.0 -90  45  54  -1.563 150.0  30.0  683
 7.700  687.5 -90  45  54  -1.563 150.0  30.0  685
 7.700  690.0 -90  45  54  -1.563 150.0  30.0  687
 7.700  692.5 -90  45  54   1.563 150.0  30.0  690
 7.700  710.0 -90  45  54  -4.688 150.0  30.0  710
 7.700  712.5 -90  45  54  -1.563 150.0  30.0  713
 7.700  715.0 -90  45  54  -4.688 150.0  30.0  714
 7.700  717.5 -90  45  54  -1.563 150.0  30.0  717
 7.700  730.0 -90  45  54  -4.688 150.0  30.0  732
 7.700  732.5 -90  45  54  -1.563 150.0  30.0  738
 7.700  735.0 -90  45  54  -1.563 150.0  30.0  743
 7.750  582.5  90  45  54  -4.688 150.0  30.0  571
 7.750  745.0  90  45  54  -1.563 150.0  30.0  736
 7.750  747.5  90  45  54   1.563 150.0  30.0  738
 7.750  755.0  90  45  54  -4.688 150.0  30.0  747
 7.750  760.0  90  45  57   1.563 150.0  30.0  751
 7.750  762.5  90  45  54  -1.563 150.0  30.0  755
 7.750  765.0  90  45  54  -1.563 150.0  30.0  758
 7.750  767.5  90  45  54  -1.563 150.0  30.0  759
 7.750  770.0  90  45  54   4.688 150.0  30.0  761
 7.750  772.5  90  45  54   4.688 150.0  30.0  764
 7.750  775.0  90  45  54   4.688 150.0  30.0  766
 7.750  777.5  90  45  54  -1.563 150.0  30.0  769
 7.750  780.0  90  45  54   1.563 150.0  30.0  773
 7.750  782.5  90  45  54   4.688 150.0  30.0  775
 7.750  785.0  90  45  54  -4.688 150.0  30.0  777
 7.750  787.5  90  45  54  -4.688 150.0  30.0  779
 7.750  790.0  90  45  54   1.563 150.0  30.0  782
 7.750  792.5  90  45  54   4.688 150.0  30.0  784
 7.750  795.0  90  45  54  -4.688 150.0  30.0  788
 7.750  797.5  90  45  54   1.563 150.0  30.0  790
 7.750  800.0  90  45  54   1.563 150.0  30.0  793
 8.800   92.5  90  39  48   1.563   0.0   0.0   84
 9.550  122.5 -90  48  57  -4.688   0.0   0.0  112
 9.550  125.0 -90  48  57  -4.688   0.0   0.0  117
 9.550  145.0 -90  48  57  -4.688   0.0   0.0  134
 9.550 1260.0 -90  48  57  -1.563   0.0   0.0 1270
 9.550 1265.0 -90  48  57   4.688   0.0   0.0 1254
 9.550 1267.5 -90  48  57   4.688   0.0   0.0 1257
 9.800 1137.5 -90  48  57  -1.563   0.0   0.0 1144
 9.800 1142.5 -90  48  57  -1.563   0.0   0.0 1142
 9.900  140.0  90  45  54   4.688   0.0   0.0  143
 9.900  202.5  90  45  54   1.563   0.0   0.0  202
 9.900  630.0  90  45  54  -1.563   0.0   0.0  627
 9.900  632.5  90  45  54  -4.688  30.0  30.0  632
 9.900  635.0  90  45  54   4.688   0.0   0.0  622
 9.900  637.5  90  45  54  -1.563   0.0   0.0  624
 9.900  640.0  90  45  54  -4.688   0.0   0.0  647
 9.900  642.5  90  45  54   4.688   0.0   0.0  652
 9.900  647.5  90  45  54  -4.688   0.0   0.0  645
 9.900  655.0  90  45  54  -4.688   0.0   0.0  662
 9.900  712.5  90  45  54   1.563   0.0   0.0  700
 9.900  715.0  90  45  54  -1.563   0.0   0.0  710
 9.900  717.5  90  45  54   4.688   0.0   0.0  725
 9.900  720.0  90  45  54   1.563   0.0   0.0  712
 9.900  722.5  90  45  54  -1.563   0.0   0.0  717
 9.900  725.0  90  45  54   4.688   0.0   0.0  738
 9.900  727.5  90  45  57  -1.563   0.0   0.0  713
 9.900  730.0  90  45  57  -4.688   0.0   0.0  735
 9.900  732.5  90  45  57   4.688   0.0   0.0  734
 9.900  735.0  90  45  57  -1.563   0.0   0.0  728
 9.900  737.5  90  45  57  -4.688   0.0   0.0  728
 9.900  740.0  90  45  54   1.563   0.0   0.0  750
 9.900  742.5  90  45  54   1.563   0.0   0.0  749
 9.900  745.0  90  45  54  -4.688   0.0   0.0  743
 9.900  767.5  90  45  54  -1.563   0.0   0.0  761
 9.900  770.0  90  45  54  -4.688   0.0   0.0  767
 9.900  785.0  90  45  54  -1.563   0.0   0.0  778
 9.900  787.5  90  45  54  -4.688   0.0   0.0  791
 9.900  790.0  90  45  54   1.563   0.0   0.0  779
 9.900  792.5  90  45  54  -1.563   0.0   0.0  786
 9.900  795.0  90  45  54  -4.688   0.0   0.0  796
 9.900  797.5  90  45  54   1.563   0.0   0.0  784
 9.900  802.5  90  45  54   4.688   0.0   0.0  807
 9.900  862.5  90  45  54   4.688   0.0   0.0  866
 9.900  865.0  90  45  54   1.563   0.0   0.0  871
 9.900  867.5  90  45  54  -1.563   0.0   0.0  858
 9.900  870.0  90  45  57   4.688   0.0   0.0  877
 9.900  872.5  90  45  57   1.563   0.0   0.0  885
 9.900  875.0  90  45  57  -4.688   0.0   0.0  876
 9.900  877.5  90  45  57   4.688   0.0   0.0  881
 9.900  880.0  90  45  60  -1.563   0.0   0.0  874
 9.900  882.5  90  45  60  -4.688   0.0   0.0  878
 9.900  885.0  90  45  60  -4.688   0.0   0.0  881
 9.900  887.5  90  45  60  -1.563   0.0   0.0  876
 9.900  890.0  90  45  60  -4.688   0.0   0.0  892
 9.900  892.5  90  45  60  -4.688   0.0   0.0  893
 9.900  895.0  90  45  60   1.563   0.0   0.0  882
 9.900  897.5  90  45  60  -1.563   0.0   0.0  890
 9.900  900.0  90  45  60  -4.688   0.0   0.0  899
 9.900  902.5  90  45  60   4.688   0.0   0.0  911
 9.900  905.0  90  45  60   4.688   0.0   0.0  913
 9.900  907.5  90  45  60   4.688   0.0   0.0  915
 9.900  910.0  90  45  60  -4.688   0.0   0.0  910
 9.900  912.5  90  45  57   4.688   0.0   0.0  922
 9.900  915.0  90  45  57  -1.563   0.0   0.0  908
 9.900  917.5  90  45  57  -1.563   0.0   0.0  911
 9.900  920.0  90  45  57  -1.563   0.0   0.0  916
 9.900  922.5  90  45  54   1.563   0.0   0.0  910
 9.900  925.0  90  45  54   4.688   0.0   0.0  936
 9.900  927.5  90  45  54   1.563   0.0   0.0  918
 9.900  937.5  90  45  54  -4.688   0.0   0.0  949
 9.900  940.0  90  45  54  -4.688   0.0   0.0  951
 9.900  942.5  90  45  54   4.688   0.0   0.0  929
 9.900  945.0  90  45  57  -4.688   0.0   0.0  952
 9.900  947.5  90  45  60   1.563   0.0   0.0  941
 9.900  950.0  90  45  60   1.563   0.0   0.0  941
 9.900  952.5  90  45  60   1.563   0.0   0.0  942
 9.900  955.0  90  45  60  -1.563   0.0   0.0  950
 9.900  957.5  90  45  63  -4.688   0.0   0.0  962
 9.900  960.0  90  45  60   4.688   0.0   0.0  969
 9.900  962.5  90  45  63  -1.563   0.0   0.0  958
 9.900  965.0  90  45  63  -4.688   0.0   0.0  968
 9.900  967.5  90  45  63   4.688   0.0   0.0  977
 9.900  970.0  90  45  63   1.563   0.0   0.0  958
 9.900  972.5  90  45  60  -4.688   0.0   0.0  975
 9.900  975.0  90  45  63  -4.688   0.0   0.0  977
 9.900  977.5  90  45  60   4.688   0.0   0.0  987
 9.900  980.0  90  45  60  -1.563   0.0   0.0  974
 9.900  982.5  90  45  60   4.688   0.0   0.0  991
 9.900  985.0  90  45  60   1.563   0.0   0.0  971
 9.900  987.5  90  45  60   1.563   0.0   0.0  974
 9.900  990.0  90  45  60  -4.688   0.0   0.0  990
 9.900  992.5  90  45  57   4.688   0.0   0.0  998
 9.900  995.0  90  45  60   1.563   0.0   0.0 1009
 9.900  997.5  90  45  60  -1.563   0.0   0.0  993
 9.900 1000.0  90  45  57  -4.688   0.0   0.0 1006
 9.900 1002.5  90  45  60   4.688   0.0   0.0 1017
 9.900 1005.0  90  45  60  -1.563   0.0   0.0 1005
 9.900 1007.5  90  45  60  -4.688   0.0   0.0 1015
 9.900 1010.0  90  45  60   4.688   0.0   0.0 1024
 9.900 1012.5  90  45  60   1.563   0.0   0.0 1005
 9.900 1015.0  90  45  63  -1.563   0.0   0.0 1013
 9.900 1017.5  90  45  63   1.563   0.0   0.0 1009
 9.900 1020.0  90  45  63  -1.563   0.0   0.0 1019
 9.900 1022.5  90  45  63  -4.688   0.0   0.0 1028
 9.900 1025.0  90  45  63  -4.688   0.0   0.0 1030
 9.900 1027.5  90  45  63  -1.563   0.0   0.0 1026
 9.900 1030.0  90  45  63  -4.688   0.0   0.0 1035
 9.900 1032.5  90  45  63   1.563   0.0   0.0 1022
 9.900 1035.0  90  45  63  -1.563   0.0   0.0 1032
 9.900 1037.5  90  45  63  -1.563   0.0   0.0 1035
 9.900 1040.0  90  45  63  -4.688   0.0   0.0 1045
 9.900 1042.5  90  45  63   4.688   0.0   0.0 1055
 9.900 1045.0  90  45  63  -4.688   0.0   0.0 1050
 9.900 1047.5  90  45  60   4.688   0.0   0.0 1060
 9.900 1050.0  90  45  60   1.563   0.0   0.0 1040
 9.900 1052.5  90  45  60  -1.563   0.0   0.0 1049
 9.900 1055.0  90  45  60  -4.688   0.0   0.0 1060
 9.900 1057.5  90  45  57   4.688   0.0   0.0 1069
 9.900 1060.0  90  45  57  -1.563   0.0   0.0 1056
 9.900 1062.5  90  45  57  -4.688   0.0   0.0 1067
 9.900 1065.0  90  45  54   4.688   0.0   0.0 1077
 9.900 1067.5  90  45  54   1.563   0.0   0.0 1055
 9.900 1070.0  90  45  54  -1.563   0.0   0.0 1066
 9.900 1100.0  90  45  54   4.688   0.0   0.0 1100
 9.900 1102.5  90  45  54   4.688   0.0   0.0 1105
 9.900 1110.0  90  45  54  -1.563   0.0   0.0 1097
 9.900 1115.0  90  45  54   4.688   0.0   0.0 1123
 9.900 1117.5  90  45  54  -1.563   0.0   0.0 1111
 9.900 1120.0  90  45  54   1.563   0.0   0.0 1108
 9.900 1122.5  90  45  54  -1.563   0.0   0.0 1121
 9.900 1125.0  90  45  54  -4.688   0.0   0.0 1131
 9.900 1127.5  90  45  54   4.688   0.0   0.0 1115
 9.900 1130.0  90  45  54   1.563   0.0   0.0 1124
 9.900 1132.5  90  45  54   1.563   0.0   0.0 1128
 9.900 1135.0  90  45  57  -4.688   0.0   0.0 1146
 9.900 1137.5  90  45  57   4.688   0.0   0.0 1126
 9.900 1140.0  90  45  57   4.688   0.0   0.0 1128
 9.900 1142.5  90  45  57  -4.688   0.0   0.0 1153
 9.900 1145.0  90  45  57   1.563   0.0   0.0 1140
 9.900 1147.5  90  45  57   1.563   0.0   0.0 1143
 9.900 1150.0  90  45  57  -4.688   0.0   0.0 1161
 9.900 1152.5  90  45  57  -1.563   0.0   0.0 1156
 9.900 1155.0  90  45  60   4.688   0.0   0.0 1144
 9.900 1157.5  90  45  60   1.563   0.0   0.0 1154
 9.900 1160.0  90  45  60  -1.563   0.0   0.0 1163
 9.900 1162.5  90  45  60  -1.563   0.0   0.0 1166
 9.900 1165.0  90  45  60   4.688   0.0   0.0 1153
 9.900 1167.5  90  45  60   1.563   0.0   0.0 1163
 9.900 1170.0  90  45  60  -1.563   0.0   0.0 1173
 9.900 1172.5  90  45  60  -4.688   0.0   0.0 1182
 9.900 1175.0  90  45  60   4.688   0.0   0.0 1162
 9.900 1177.5  90  45  60   1.563   0.0   0.0 1171
 9.900 1180.0  90  45  60  -1.563   0.0   0.0 1181
 9.900 1182.5  90  45  60  -4.688   0.0   0.0 1192
 9.900 1185.0  90  45  60   4.688   0.0   0.0 1171
 9.900 1187.5  90  45  60   1.563   0.0   0.0 1181
 9.900 1190.0  90  45  60  -1.563   0.0   0.0 1191
 9.900 1192.5  90  45  60  -4.688   0.0   0.0 1201
 9.900 1195.0  90  45  60   4.688   0.0   0.0 1181
 9.900 1197.5  90  45  60   4.688   0.0   0.0 1183
 9.900 1200.0  90  45  60   1.563   0.0   0.0 1194
 9.900 1202.5  90  45  60  -4.688   0.0   0.0 1211
 9.900 1205.0  90  45  60   4.688   0.0   0.0 1192
 9.900 1207.5  90  45  60   4.688   0.0   0.0 1196
 9.900 1210.0  90  45  60   1.563   0.0   0.0 1206
 9.900 1212.5  90  45  57  -1.563   0.0   0.0 1219
 9.900 1215.0  90  45  57  -4.688   0.0   0.0 1229
 9.900 1217.5  90  45  57  -4.688   0.0   0.0 1204
 9.900 1220.0  90  45  57   4.688   0.0   0.0 1215
 9.900 1222.5  90  45  57   4.688   0.0   0.0 1219
 9.900 1225.0  90  45  54  -1.563   0.0   0.0 1236
 9.900 1227.5  90  45  54  -4.688   0.0   0.0 1216
 9.900 1230.0  90  45  54   4.688   0.0   0.0 1226
 9.900 1250.0  90  45  54   1.563  30.0  30.0 1239
 9.900 1252.5  90  45  54  -1.563   0.0   0.0 1251
 9.900 1255.0  90  45  54  -1.563   0.0   0.0 1254
 9.900 1257.5  90  45  57  -4.688   0.0   0.0 1263
 9.900 1260.0  90  45  57   4.688   0.0   0.0 1274
 9.900 1262.5  90  45  57   1.563   0.0   0.0 1253
 9.900 1265.0  90  45  57  -1.563   0.0   0.0 1263
 9.900 1267.5  90  45  60  -1.563   0.0   0.0 1266
 9.900 1270.0  90  45  60  -4.688   0.0   0.0 1277
 9.900 1272.5  90  45  60   4.688   0.0   0.0 1259
 9.900 1275.0  90  45  57   1.563   0.0   0.0 1269
 9.900 1277.5  90  45  57  -1.563   0.0   0.0 1280
 9.900 1280.0  90  45  60  -4.688   0.0   0.0 1290
 9.900 1282.5  90  45  60   4.688   0.0   0.0 1271
 9.900   80.0 -90  45  57  -1.563   0.0   0.0   74
 9.900   82.5 -90  45  57   1.563   0.0   0.0   77
 9.900   85.0 -90  45  57   4.688   0.0   0.0   78
 9.900   87.5 -90  45  57  -4.688   0.0   0.0   80
 9.900   90.0 -90  45  57   1.563   0.0   0.0   82
 9.900   92.5 -90  45  57   4.688   0.0   0.0   85
 9.900   95.0 -90  45  57  -1.563   0.0   0.0   89
 9.900   97.5 -90  45  57   1.563   0.0   0.0   91
 9.900  100.0 -90  45  57   4.688   0.0   0.0   94
 9.900  102.5 -90  45  57  -4.688   0.0   0.0   95
 9.900  105.0 -90  45  57  -1.563   0.0   0.0   97
 9.900  107.5 -90  45  57   4.688   0.0   0.0  101
 9.900  110.0 -90  45  57  -4.688   0.0   0.0  103
 9.900  112.5 -90  45  60  -1.563   0.0   0.0  105
 9.900  115.0 -90  45  57   4.688   0.0   0.0  107
 9.900  117.5 -90  45  57  -1.563   0.0   0.0  111
 9.900  120.0 -90  45  60   1.563   0.0   0.0  112
 9.900  122.5 -90  45  60   1.563   0.0   0.0  115
 9.900  125.0 -90  45  57   4.688   0.0   0.0  117
 9.900  127.5 -90  45  60  -4.688   0.0   0.0  120
 9.900  130.0 -90  45  60  -4.688   0.0   0.0  123
 9.900  132.5 -90  45  57  -1.563   0.0   0.0  125
 9.900  135.0 -90  45  57   1.563   0.0   0.0  127
 9.900  137.5 -90  45  57   4.688   0.0   0.0  129
 9.900  140.0 -90  45  57   4.688   0.0   0.0  132
 9.900  142.5 -90  45  57  -4.688   0.0   0.0  134
 9.900  145.0 -90  45  54  -1.563   0.0   0.0  136
 9.900  147.5 -90  45  54  -1.563   0.0   0.0  139
 9.900  150.0 -90  45  54   1.563   0.0   0.0  141
 9.900  167.5 -90  45  54  -1.563   0.0   0.0  172
 9.900  170.0 -90  45  54  -1.563   0.0   0.0  169
 9.900  172.5 -90  45  54   1.563   0.0   0.0  171
 9.900  175.0 -90  45  57   4.688   0.0   0.0  171
 9.900  177.5 -90  45  57   4.688   0.0   0.0  173
 9.900  180.0 -90  45  57  -4.688   0.0   0.0  175
 9.900  182.5 -90  45  57  -1.563   0.0   0.0  178
 9.900  185.0 -90  45  60   1.563   0.0   0.0  179
 9.900  187.5 -90  45  57   1.563   0.0   0.0  184
 9.900  190.0 -90  45  57   4.688   0.0   0.0  186
 9.900  192.5 -90  45  57   4.688   0.0   0.0  187
 9.900  195.0 -90  45  57  -4.688   0.0   0.0  190
 9.900  197.5 -90  45  57  -4.688   0.0   0.0  192
 9.900  200.0 -90  45  57  -1.563   0.0   0.0  194
 9.900  202.5 -90  45  57   1.563   0.0   0.0  197
 9.900  205.0 -90  45  57   4.688   0.0   0.0  201
 9.900  207.5 -90  45  57  -4.688   0.0   0.0  202
 9.900  210.0 -90  45  57  -1.563   0.0   0.0  204
 9.900  212.5 -90  45  57  -1.563   0.0   0.0  208
 9.900  215.0 -90  45  54  -1.563   0.0   0.0  211
 9.900  217.5 -90  45  54   1.563   0.0   0.0  212
 9.900  242.5 -90  45  54   4.688   0.0   0.0  257
 9.900  245.0 -90  45  54  -1.563   0.0   0.0  232
 9.900  247.5 -90  45  54   1.563   0.0   0.0  235
 9.900  250.0 -90  45  54  -4.688   0.0   0.0  237
 9.900  252.5 -90  45  57  -4.688   0.0   0.0  241
 9.900  255.0 -90  45  57  -1.563   0.0   0.0  246
 9.900  257.5 -90  45  54  -4.688   0.0   0.0  248
 9.900  260.0 -90  45  57  -4.688   0.0   0.0  250
 9.900  262.5 -90  45  57   1.563   0.0   0.0  254
 9.900  265.0 -90  45  57  -1.563   0.0   0.0  257
 9.900  267.5 -90  45  57   1.563   0.0   0.0  259
 9.900  270.0 -90  45  57   4.688   0.0   0.0  262
 9.900  272.5 -90  45  57  -1.563   0.0   0.0  264
 9.900  275.0 -90  45  54  -1.563   0.0   0.0  268
 9.900  277.5 -90  45  57   1.563   0.0   0.0  271
 9.900  280.0 -90  45  57   1.563   0.0   0.0  273
 9.900  282.5 -90  45  57  -4.688   0.0   0.0  277
 9.900  285.0 -90  45  54  -1.563   0.0   0.0  280
 9.900  287.5 -90  45  57   1.563   0.0   0.0  281
 9.900  290.0 -90  45  57   1.563   0.0   0.0  286
 9.900  292.5 -90  45  57   4.688   0.0   0.0  290
 9.900  295.0 -90  45  54  -1.563   0.0   0.0  291
 9.900  297.5 -90  45  54   1.563   0.0   0.0  293
 9.900  300.0 -90  45  57   1.563   0.0   0.0  297
 9.900  302.5 -90  45  54  -1.563   0.0   0.0  300
 9.900  305.0 -90  45  54   4.688   0.0   0.0  305
 9.900  307.5 -90  45  54   4.688   0.0   0.0  305
 9.900  310.0 -90  45  57   1.563   0.0   0.0  307
 9.900  312.5 -90  45  57   1.563   0.0   0.0  311
 9.900  315.0 -90  45  54   1.563   0.0   0.0  314
 9.900  317.5 -90  45  57  -1.563   0.0   0.0  315
 9.900  320.0 -90  45  57  -1.563   0.0   0.0  317
 9.900  322.5 -90  45  57   4.688   0.0   0.0  321
 9.900  325.0 -90  45  57  -4.688   0.0   0.0  323
 9.900  327.5 -90  45  57  -1.563   0.0   0.0  324
 9.900  330.0 -90  45  57   1.563   0.0   0.0  327
 9.900  332.5 -90  45  57  -4.688   0.0   0.0  330
 9.900  335.0 -90  45  57  -4.688   0.0   0.0  331
 9.900  337.5 -90  45  57   1.563   0.0   0.0  333
 9.900  340.0 -90  45  57   4.688   0.0   0.0  337
 9.900  342.5 -90  45  57   1.563   0.0   0.0  339
 9.900  345.0 -90  45  57   1.563   0.0   0.0  340
 9.900  347.5 -90  45  57   4.688   0.0   0.0  343
 9.900  350.0 -90  45  57   4.688   0.0   0.0  346
 9.900  352.5 -90  45  57  -4.688   0.0   0.0  349
 9.900  355.0 -90  45  57  -1.563   0.0   0.0  352
 9.900  357.5 -90  45  57   4.688   0.0   0.0  353
 9.900  360.0 -90  45  57   1.563   0.0   0.0  357
 9.900  362.5 -90  45  57  -4.688   0.0   0.0  360
 9.900  365.0 -90  45  54  -4.688   0.0   0.0  362
 9.900  367.5 -90  45  54  -1.563   0.0   0.0  364
 9.900  370.0 -90  45  57   4.688   0.0   0.0  365
 9.900  372.5 -90  45  54   4.688   0.0   0.0  373
 9.900  375.0 -90  45  54   4.688   0.0   0.0  373
 9.900  380.0 -90  45  54   1.563   0.0   0.0  394
 9.900  410.0 -90  45  54  -1.563   0.0   0.0  414
 9.900  412.5 -90  45  57   4.688   0.0   0.0  415
 9.900  415.0 -90  45  57   4.688   0.0   0.0  420
 9.900  417.5 -90  45  57  -4.688   0.0   0.0  423
 9.900  420.0 -90  45  57  -1.563   0.0   0.0  425
 9.900  422.5 -90  45  57   1.563   0.0   0.0  426
 9.900  425.0 -90  45  57   4.688   0.0   0.0  427
 9.900  427.5 -90  45  57   4.688   0.0   0.0  430
 9.900  430.0 -90  45  57   4.688   0.0   0.0  434
 9.900  432.5 -90  45  57  -4.688   0.0   0.0  435
 9.900  435.0 -90  45  57  -4.688   0.0   0.0  436
 9.900  437.5 -90  45  54   4.688   0.0   0.0  442
 9.900  445.0 -90  45  54  -1.563   0.0   0.0  449
 9.900  470.0 -90  45  54   4.688   0.0   0.0  479
 9.900  472.5 -90  45  54   4.688   0.0   0.0  483
 9.900  475.0 -90  45  54  -4.688   0.0   0.0  487
 9.900  477.5 -90  45  54   4.688   0.0   0.0  487
 9.900  480.0 -90  45  54  -4.688   0.0   0.0  489
 9.900  482.5 -90  45  54  -1.563   0.0   0.0  490
 9.900  485.0 -90  45  57   1.563   0.0   0.0  493
 9.900  487.5 -90  45  57   4.688   0.0   0.0  496
 9.900  490.0 -90  45  54   1.563   0.0   0.0  498
 9.900  492.5 -90  45  54  -4.688   0.0   0.0  497
 9.900  495.0 -90  45  57  -4.688   0.0   0.0  498
 9.900  497.5 -90  45  57  -1.563   0.0   0.0  500
 9.900  500.0 -90  45  57   1.563   0.0   0.0  503
 9.900  502.5 -90  45  54   4.688   0.0   0.0  505
 9.900  505.0 -90  45  54   4.688   0.0   0.0  506
 9.900  507.5 -90  45  57  -4.688   0.0   0.0  509
 9.900  510.0 -90  45  54  -1.563   0.0   0.0  514
 9.900  517.5 -90  45  54  -4.688   0.0   0.0  517
 9.900  520.0 -90  45  54  -4.688   0.0   0.0  521
 9.900  527.5 -90  45  54   1.563   0.0   0.0  522
 9.900  532.5 -90  45  54  -4.688   0.0   0.0  526
 9.900  535.0 -90  45  54  -1.563   0.0   0.0  527
 9.900  537.5 -90  45  54  -1.563   0.0   0.0  529
 9.900  540.0 -90  45  54   1.563   0.0   0.0  531
 9.900  542.5 -90  45  54  -4.688   0.0   0.0  534
 9.900  547.5 -90  45  54  -1.563   0.0   0.0  538
 9.900  555.0 -90  45  54  -4.688   0.0   0.0  568
 9.900  557.5 -90  45  54  -1.563   0.0   0.0  569
 9.900  560.0 -90  45  54   1.563   0.0   0.0  572
 9.900  562.5 -90  45  54   4.688   0.0   0.0  574
 9.900  565.0 -90  45  54   4.688   0.0   0.0  578
 9.900  567.5 -90  45  54  -4.688   0.0   0.0  580
 9.900  570.0 -90  45  54  -1.563   0.0   0.0  582
10.050  247.5  90  45  54  -4.688   0.0   0.0  246
10.050  735.0  90  45  54   4.688   0.0   0.0  741
10.100  162.5 -90  39  48  -1.563  90.0  30.0  158
10.250  912.5  90  36  45   1.563   0.0   0.0  917
