2023.03.28 (087) 00:00:00.000
Station name: Pruhonice
URSI code: PQ052
Ionosonde model: DPS-4D
  Freq  Range Pol MPA Amp Doppler    Az    Zn  PGH
 1.150  887.5  90  63  72   0.781   0.0   0.0  889
 1.400 1235.0  90  60  69  -3.906   0.0   0.0 1237
 1.400  977.5 -90  57  66   0.781   0.0   0.0  988
 1.550   92.5 -90  54  63   0.781   0.0   0.0   82
 1.550 1232.5 -90  54  63  -0.781   0.0   0.0 1219
 1.650  655.0  90  42  51   0.781   0.0   0.0  658
 1.650  657.5  90  42  54   0.781   0.0   0.0  656
 1.700  330.0  90  45  54   0.781   0.0   0.0  329
 1.700  657.5  90  45  54   0.781 210.0  30.0  658
 1.700  660.0  90  45  60   0.781   0.0   0.0  658
 1.700  990.0  90  45  54   0.781 330.0  30.0  986
 1.750  330.0  90  45  57  -0.781   0.0   0.0  330
 1.750  332.5  90  45  54   0.781 210.0  30.0  329
 1.750  340.0  90  45  54   0.781 330.0  30.0  339
 1.750  660.0  90  45  54   0.781   0.0   0.0  661
 1.750  662.5  90  45  57   0.781   0.0   0.0  660
 1.750  672.5  90  45  54   0.781 330.0  30.0  668
 1.750  995.0  90  45  54   0.781   0.0   0.0  994
 1.750  997.5  90  45  54   0.781 330.0  30.0  993
 1.750   92.5 -90  42  54   0.781   0.0   0.0   90
 1.750   95.0 -90  42  51   0.781  30.0  30.0   91
 1.800  332.5  90  42  57   0.781   0.0   0.0  332
 1.800  340.0  90  42  54   0.781   0.0   0.0  339
 1.800  667.5  90  42  54   0.781   0.0   0.0  666
 1.800  997.5  90  42  51   0.781   0.0   0.0  998
 1.800   92.5 -90  42  57   0.781   0.0   0.0   91
 1.800   95.0 -90  42  54  -0.781   0.0   0.0   94
 1.800   97.5 -90  42  51   2.344  30.0  30.0   93
 1.800  107.5 -90  42  51   0.781 330.0  30.0  105
 1.850  332.5  90  48  57   0.781   0.0   0.0  334
 1.850  335.0  90  48  60   0.781   0.0   0.0  334
 1.850  667.5  90  48  60   0.781   0.0   0.0  666
 1.850  670.0  90  48  57   0.781   0.0   0.0  666
 1.850   92.5 -90  42  57  -0.781   0.0   0.0   93
 1.850  965.0 -90  42  51  -2.344  30.0  30.0  959
 1.900   90.0  90  48  57   3.906 330.0  30.0   88
 1.900  335.0  90  48  63   0.781   0.0   0.0  334
 1.900  670.0  90  48  60   0.781   0.0   0.0  669
 1.900  677.5  90  48  57   0.781   0.0   0.0  676
 1.900   92.5 -90  45  57  -0.781   0.0   0.0   93
 1.950  335.0  90  39  57   0.781   0.0   0.0  336
 1.950  337.5  90  39  63   0.781   0.0   0.0  336
 1.950  340.0  90  39  51  -0.781   0.0   0.0  336
 1.950  342.5  90  39  51   0.781 210.0  30.0  341
 1.950  345.0  90  39  51   0.781   0.0   0.0  344
 1.950  670.0  90  39  48   0.781   0.0   0.0  670
 1.950  672.5  90  39  57   0.781   0.0   0.0  671
 1.950  677.5  90  39  57   0.781   0.0   0.0  676
 1.950  680.0  90  39  48   0.781   0.0   0.0  680
 1.950  685.0  90  39  48   0.781 210.0  30.0  682
 1.950  687.5  90  39  48   0.781   0.0   0.0  684
 1.950 1007.5  90  39  48   0.781 330.0  30.0 1006
 1.950 1010.0  90  39  54   0.781   0.0   0.0 1010
 1.950 1012.5  90  39  57   0.781   0.0   0.0 1011
 1.950 1015.0  90  39  57   0.781   0.0   0.0 1013
 1.950   92.5 -90  36  45   0.781   0.0   0.0   93
 1.950   95.0 -90  36  51  -0.781   0.0   0.0   94
 1.950  102.5 -90  36  45   0.781 270.0  30.0  100
 2.000  122.5  90  39  48   0.781 210.0  30.0  125
 2.000  337.5  90  39  63   0.781   0.0   0.0  337
 2.000  340.0  90  39  60   0.781   0.0   0.0  337
 2.000  342.5  90  39  48   0.781   0.0   0.0  340
 2.000  345.0  90  39  60   0.781   0.0   0.0  345
 2.000  347.5  90  39  51   0.781   0.0   0.0  345
 2.000  350.0  90  39  48  -0.781   0.0   0.0  349
 2.000  675.0  90  39  57   0.781   0.0   0.0  675
 2.000  677.5  90  39  57   0.781   0.0   0.0  676
 2.000  680.0  90  39  57   0.781   0.0   0.0  678
 2.000  682.5  90  39  54   0.781   0.0   0.0  681
 2.000  687.5  90  39  51   0.781   0.0   0.0  686
 2.000  690.0  90  39  48   0.781   0.0   0.0  688
 2.000 1012.5  90  39  54   0.781   0.0   0.0 1012
 2.000 1015.0  90  39  60   0.781   0.0   0.0 1014
 2.000 1017.5  90  39  57   0.781   0.0   0.0 1014
 2.000 1020.0  90  39  51   0.781   0.0   0.0 1018
 2.000 1022.5  90  39  48   0.781   0.0   0.0 1021
 2.000 1025.0  90  39  48   0.781   0.0   0.0 1024
 2.000   92.5 -90  39  57   0.781   0.0   0.0   92
 2.000   95.0 -90  39  48  -0.781   0.0   0.0   91
 2.050  337.5  90  39  57   0.781   0.0   0.0  339
 2.050  340.0  90  39  66   0.781   0.0   0.0  339
 2.050  342.5  90  39  51   0.781   0.0   0.0  337
 2.050  345.0  90  39  57  -0.781   0.0   0.0  343
 2.050  347.5  90  39  57   0.781   0.0   0.0  347
 2.050  350.0  90  39  51   0.781   0.0   0.0  348
 2.050  397.5  90  39  48   2.344 330.0  30.0  389
 2.050  455.0  90  39  48   2.344 330.0  30.0  456
 2.050  462.5  90  39  48   3.906   0.0   0.0  463
 2.050  520.0  90  39  48   5.469  30.0  30.0  520
 2.050  677.5  90  39  54   0.781   0.0   0.0  678
 2.050  680.0  90  39  54   0.781   0.0   0.0  678
 2.050  682.5  90  39  54   0.781   0.0   0.0  681
 2.050  685.0  90  39  54   0.781   0.0   0.0  684
 2.050  687.5  90  39  54   0.781   0.0   0.0  687
 2.050  690.0  90  39  51   0.781   0.0   0.0  687
 2.050  692.5  90  39  54   0.781   0.0   0.0  692
 2.050  695.0  90  39  48   0.781   0.0   0.0  692
 2.050 1015.0  90  39  48   0.781  30.0  30.0 1014
 2.050 1017.5  90  39  51   0.781   0.0   0.0 1016
 2.050 1020.0  90  39  51   0.781   0.0   0.0 1019
 2.050 1022.5  90  39  57   0.781   0.0   0.0 1021
 2.050 1025.0  90  39  51   0.781 330.0  30.0 1021
 2.050 1027.5  90  39  48   0.781   0.0   0.0 1029
 2.050 1280.0  90  39  48   5.469 150.0  30.0 1284
 2.050   92.5 -90  36  54  -0.781   0.0   0.0   93
 2.050   95.0 -90  36  51   0.781   0.0   0.0   93
 2.050  100.0 -90  36  45  -0.781 330.0  30.0   98
 2.050  102.5 -90  36  48  -0.781 210.0  30.0  102
 2.050  475.0 -90  36  45  -2.344 210.0  30.0  479
 2.050 1240.0 -90  36  45   5.469   0.0   0.0 1252
 2.050 1255.0 -90  36  45   5.469 150.0  30.0 1259
 2.050 1275.0 -90  36  45   5.469 150.0  30.0 1272
 2.100  340.0  90  42  63   0.781   0.0   0.0  340
 2.100  342.5  90  42  60   0.781   0.0   0.0  341
 2.100  345.0  90  42  57   0.781   0.0   0.0  345
 2.100  350.0  90  42  51   0.781   0.0   0.0  349
 2.100  682.5  90  42  60   0.781   0.0   0.0  681
 2.100  685.0  90  42  60   0.781   0.0   0.0  684
 2.100  692.5  90  42  54   0.781   0.0   0.0  690
 2.100 1027.5  90  42  51   0.781 330.0  30.0 1028
 2.100 1032.5  90  42  54   0.781   0.0   0.0 1031
 2.150  340.0  90  42  51  -0.781 330.0  30.0  341
 2.150  342.5  90  42  66   0.781   0.0   0.0  342
 2.150  345.0  90  42  54   0.781   0.0   0.0  343
 2.150  347.5  90  42  60   0.781   0.0   0.0  345
 2.150  350.0  90  42  54   0.781   0.0   0.0  346
 2.150  682.5  90  42  51   0.781   0.0   0.0  682
 2.150  685.0  90  42  51   0.781   0.0   0.0  681
 2.150  687.5  90  42  63   0.781   0.0   0.0  687
 2.150  690.0  90  42  51   0.781 210.0  30.0  687
 2.150  695.0  90  42  51   0.781   0.0   0.0  695
 2.150  697.5  90  42  51   0.781   0.0   0.0  695
 2.150 1025.0  90  42  54   0.781   0.0   0.0 1025
 2.150 1027.5  90  42  57   0.781   0.0   0.0 1027
 2.150 1030.0  90  42  57   0.781   0.0   0.0 1029
 2.150 1032.5  90  42  54   0.781   0.0   0.0 1029
 2.150   92.5 -90  36  48   0.781 270.0  30.0   90
 2.150   95.0 -90  36  45  -0.781   0.0   0.0   93
 2.150  100.0 -90  36  48   0.781   0.0   0.0  100
 2.150  490.0 -90  36  45  -0.781   0.0   0.0  499
 2.200  342.5  90  39  60   0.781   0.0   0.0  343
 2.200  345.0  90  39  63   0.781   0.0   0.0  343
 2.200  347.5  90  39  57   0.781   0.0   0.0  348
 2.200  350.0  90  39  57   0.781   0.0   0.0  348
 2.200  685.0  90  39  51   0.781   0.0   0.0  684
 2.200  687.5  90  39  57   0.781   0.0   0.0  684
 2.200  690.0  90  39  57   0.781   0.0   0.0  688
 2.200  692.5  90  39  57   0.781   0.0   0.0  692
 2.200  695.0  90  39  57   0.781   0.0   0.0  693
 2.200  697.5  90  39  51   0.781   0.0   0.0  697
 2.200  705.0  90  39  48   0.781   0.0   0.0  704
 2.200  722.5  90  39  48   0.781   0.0   0.0  720
 2.200 1030.0  90  39  54   0.781 270.0  30.0 1030
 2.200 1032.5  90  39  57   0.781   0.0   0.0 1031
 2.200 1040.0  90  39  48   0.781   0.0   0.0 1040
 2.200 1042.5  90  39  48   0.781 210.0  30.0 1039
 2.200 1160.0  90  39  48  -5.469 330.0  30.0 1171
 2.250  345.0  90  39  63   0.781   0.0   0.0  344
 2.250  347.5  90  39  57   0.781   0.0   0.0  345
 2.250  350.0  90  39  57   0.781   0.0   0.0  349
 2.250  352.5  90  39  54  -0.781   0.0   0.0  351
 2.250  355.0  90  39  51   0.781   0.0   0.0  353
 2.250  687.5  90  39  51   0.781 270.0  30.0  687
 2.250  690.0  90  39  63   0.781   0.0   0.0  689
 2.250  692.5  90  39  57   0.781   0.0   0.0  689
 2.250  695.0  90  39  54   0.781   0.0   0.0  693
 2.250  697.5  90  39  48   0.781   0.0   0.0  696
 2.250  700.0  90  39  54   0.781   0.0   0.0  699
 2.250 1037.5  90  39  48   0.781 330.0  30.0 1036
 2.250 1040.0  90  39  48   0.781   0.0   0.0 1037
 2.250 1042.5  90  39  54   0.781   0.0   0.0 1042
 2.250 1045.0  90  39  48   0.781   0.0   0.0 1044
 2.250 1047.5  90  39  48   0.781   0.0   0.0 1044
 2.250   92.5 -90  36  45   0.781 270.0  30.0   91
 2.300  345.0  90  42  57   0.781   0.0   0.0  345
 2.300  347.5  90  42  66   0.781   0.0   0.0  346
 2.300  352.5  90  42  60   0.781   0.0   0.0  350
 2.300  355.0  90  42  57   0.781   0.0   0.0  353
 2.300  360.0  90  42  51   0.781   0.0   0.0  359
 2.300  362.5  90  42  51   0.781 210.0  30.0  358
 2.300  692.5  90  42  63   0.781   0.0   0.0  691
 2.300  695.0  90  42  57   0.781   0.0   0.0  695
 2.300  697.5  90  42  57   0.781   0.0   0.0  695
 2.300  700.0  90  42  51   0.781   0.0   0.0  700
 2.300 1037.5  90  42  51   0.781   0.0   0.0 1039
 2.300 1040.0  90  42  60   0.781   0.0   0.0 1039
 2.300 1042.5  90  42  54   0.781   0.0   0.0 1040
 2.300 1045.0  90  42  51   0.781   0.0   0.0 1045
 2.300 1050.0  90  42  51   0.781   0.0   0.0 1049
 2.350  347.5  90  48  63   0.781   0.0   0.0  348
 2.350  350.0  90  48  63   0.781   0.0   0.0  348
 2.350  352.5  90  48  63   0.781   0.0   0.0  352
 2.350  355.0  90  48  57   0.781   0.0   0.0  353
 2.350  695.0  90  48  60   0.781   0.0   0.0  695
 2.350  697.5  90  48  63   0.781   0.0   0.0  695
 2.350  700.0  90  48  60   0.781   0.0   0.0  698
 2.350 1045.0  90  48  57   0.781   0.0   0.0 1044
 2.350  347.5 -90  42  51   0.781   0.0   0.0  346
 2.400  350.0  90  51  60   0.781   0.0   0.0  351
 2.400  355.0  90  51  60   0.781   0.0   0.0  355
 2.400  700.0  90  51  63   0.781   0.0   0.0  699
 2.400  702.5  90  51  60   0.781   0.0   0.0  700
 2.400  705.0  90  51  63   0.781   0.0   0.0  704
 2.400  347.5 -90  48  57   0.781   0.0   0.0  345
 2.450  350.0  90  45  57   0.781   0.0   0.0  350
 2.450  352.5  90  45  63   0.781   0.0   0.0  351
 2.450  360.0  90  45  60   0.781   0.0   0.0  359
 2.450  702.5  90  45  63   0.781   0.0   0.0  702
 2.450  705.0  90  45  63   0.781   0.0   0.0  703
 2.450  707.5  90  45  54   0.781   0.0   0.0  705
 2.450  710.0  90  45  54   0.781 330.0  30.0  710
 2.450  717.5  90  45  54   0.781 210.0  30.0  718
 2.450 1055.0  90  45  60   0.781   0.0   0.0 1055
 2.450 1057.5  90  45  54   0.781   0.0   0.0 1053
 2.450 1062.5  90  45  54   0.781   0.0   0.0 1062
 2.450 1065.0  90  45  54   0.781   0.0   0.0 1063
 2.450  347.5 -90  42  54  -0.781   0.0   0.0  345
 2.500  117.5  90  45  54   0.781 210.0  30.0  106
 2.500  140.0  90  45  54   2.344 210.0  30.0  145
 2.500  162.5  90  45  54   5.469   0.0   0.0  176
 2.500  185.0  90  45  54  -0.781   0.0   0.0  173
 2.500  227.5  90  45  54  -0.781   0.0   0.0  236
 2.500  235.0  90  45  54   5.469 210.0  30.0  221
 2.500  242.5  90  45  54   0.781 210.0  30.0  228
 2.500  245.0  90  45  54  -5.469 210.0  30.0  242
 2.500  267.5  90  45  54   5.469 210.0  30.0  265
 2.500  352.5  90  45  63   0.781   0.0   0.0  352
 2.500  355.0  90  45  63   0.781   0.0   0.0  353
 2.500  357.5  90  45  60   0.781   0.0   0.0  357
 2.500  360.0  90  45  57   0.781   0.0   0.0  358
 2.500  362.5  90  45  54  -0.781   0.0   0.0  363
 2.500  687.5  90  45  54  -2.344 210.0  30.0  687
 2.500  705.0  90  45  60   0.781   0.0   0.0  704
 2.500  707.5  90  45  63   0.781   0.0   0.0  707
 2.500  710.0  90  45  60   0.781 210.0  30.0  707
 2.500  712.5  90  45  54   0.781 210.0  30.0  711
 2.500  715.0  90  45  57   0.781   0.0   0.0  712
 2.500  717.5  90  45  54  -0.781 210.0  30.0  713
 2.500  720.0  90  45  54   0.781   0.0   0.0  716
 2.500  867.5  90  45  54  -0.781 210.0  30.0  862
 2.500 1057.5  90  45  60   0.781   0.0   0.0 1056
 2.500 1060.0  90  45  54   0.781   0.0   0.0 1056
 2.500 1065.0  90  45  54   0.781   0.0   0.0 1064
 2.500  347.5 -90  39  57   0.781   0.0   0.0  347
 2.500  350.0 -90  39  54   0.781   0.0   0.0  348
 2.500  352.5 -90  39  51   0.781   0.0   0.0  353
 2.500  355.0 -90  39  54   0.781   0.0   0.0  353
 2.500  357.5 -90  39  48   0.781  30.0  30.0  353
 2.550  355.0  90  48  63   0.781   0.0   0.0  354
 2.550  360.0  90  48  57  -0.781   0.0   0.0  358
 2.550  362.5  90  48  57  -0.781   0.0   0.0  362
 2.550  365.0  90  48  57   0.781   0.0   0.0  362
 2.550  710.0  90  48  57   0.781   0.0   0.0  709
 2.550  715.0  90  48  57   0.781   0.0   0.0  714
 2.550  717.5  90  48  57   0.781   0.0   0.0  716
 2.550 1067.5  90  48  60   0.781   0.0   0.0 1066
 2.550 1070.0  90  48  63   0.781   0.0   0.0 1069
 2.550 1072.5  90  48  57   0.781   0.0   0.0 1073
 2.550  347.5 -90  42  54   0.781   0.0   0.0  348
 2.550  352.5 -90  42  51   0.781   0.0   0.0  354
 2.550  357.5 -90  42  51   0.781   0.0   0.0  354
 2.550 1272.5 -90  42  51   5.469 210.0  30.0 1269
 2.600  357.5  90  57  66  -0.781   0.0   0.0  360
 2.650  127.5  90  57  66  -3.906  30.0  30.0  121
 2.650  140.0  90  57  66  -3.906  30.0  30.0  129
 2.700  360.0  90  51  63   0.781   0.0   0.0  359
 2.700  720.0  90  51  66   0.781   0.0   0.0  719
 2.700  722.5  90  51  66   0.781   0.0   0.0  720
 2.750  360.0  90  48  57   0.781   0.0   0.0  360
 2.750  362.5  90  48  63   0.781   0.0   0.0  360
 2.750  365.0  90  48  60   0.781   0.0   0.0  363
 2.750  372.5  90  48  57  -0.781   0.0   0.0  371
 2.750  720.0  90  48  57   0.781 210.0  30.0  721
 2.750  722.5  90  48  63   0.781   0.0   0.0  720
 2.750  725.0  90  48  63   0.781   0.0   0.0  723
 2.750  727.5  90  48  63   0.781   0.0   0.0  726
 2.750  730.0  90  48  57   0.781   0.0   0.0  727
 2.750 1082.5  90  48  57   0.781   0.0   0.0 1081
 2.750 1085.0  90  48  60   0.781   0.0   0.0 1083
 2.750  352.5 -90  45  54   0.781   0.0   0.0  352
 2.750  705.0 -90  45  57   0.781   0.0   0.0  704
 2.800  365.0  90  54  63   0.781   0.0   0.0  363
 2.800  725.0  90  54  63   0.781   0.0   0.0  726
 2.800  705.0 -90  51  60   0.781   0.0   0.0  706
 2.800 1182.5 -90  51  60   5.469  30.0  30.0 1193
 2.800 1190.0 -90  51  60   5.469  30.0  30.0 1200
 2.850  365.0  90  54  66  -0.781   0.0   0.0  365
 2.850  727.5  90  54  63   0.781   0.0   0.0  727
 2.850  730.0  90  54  66   0.781   0.0   0.0  729
 2.850  732.5  90  54  69   0.781   0.0   0.0  731
 2.850  735.0  90  54  63   0.781   0.0   0.0  735
 2.850  900.0  90  54  66   5.469   0.0   0.0  895
 2.850 1097.5  90  54  63   0.781   0.0   0.0 1095
 2.850  360.0 -90  45  54   0.781 210.0  30.0  358
 2.850  362.5 -90  45  54   0.781   0.0   0.0  361
 2.850  707.5 -90  45  57   0.781   0.0   0.0  707
 2.850  710.0 -90  45  54   0.781   0.0   0.0  709
 2.900  367.5  90  54  69   0.781   0.0   0.0  367
 2.900  735.0  90  54  63   0.781   0.0   0.0  734
 2.900  742.5  90  54  63   0.781   0.0   0.0  743
 2.900  355.0 -90  42  57   0.781   0.0   0.0  354
 2.900  360.0 -90  42  57   0.781   0.0   0.0  360
 2.900  362.5 -90  42  54   0.781   0.0   0.0  360
 2.900  365.0 -90  42  54   0.781   0.0   0.0  363
 2.900  367.5 -90  42  51  -0.781 210.0  30.0  365
 2.900  592.5 -90  42  54  -0.781  30.0  30.0  593
 2.900  710.0 -90  42  51  -5.469 210.0  30.0  722
 2.900  712.5 -90  42  60   0.781   0.0   0.0  712
 2.900  715.0 -90  42  54   0.781   0.0   0.0  714
 2.900  900.0 -90  42  51  -0.781 210.0  30.0  899
 2.950  230.0  90  57  66   3.906 210.0  30.0  223
 2.950  367.5  90  57  66   0.781   0.0   0.0  368
 2.950  572.5  90  57  66   3.906 210.0  30.0  576
 2.950  740.0  90  57  66   0.781  30.0  30.0  739
 2.950  882.5  90  57  66   3.906 210.0  30.0  895
 2.950  910.0  90  57  66   3.906 210.0  30.0  899
 2.950 1065.0  90  57  66  -3.906 210.0  30.0 1066
 2.950 1105.0  90  57  66   0.781 210.0  30.0 1110
 2.950 1200.0  90  57  66  -2.344 210.0  30.0 1195
 2.950 1245.0  90  57  66  -2.344 210.0  30.0 1259
 2.950  357.5 -90  45  57  -0.781   0.0   0.0  356
 2.950  362.5 -90  45  54  -0.781 150.0  30.0  361
 2.950  365.0 -90  45  60   0.781   0.0   0.0  364
 2.950  712.5 -90  45  54   0.781   0.0   0.0  712
 2.950  715.0 -90  45  57   0.781   0.0   0.0  713
 3.000  372.5  90  45  54   0.781   0.0   0.0  371
 3.000  375.0  90  45  60   0.781   0.0   0.0  373
 3.000  377.5  90  45  60   0.781   0.0   0.0  375
 3.000  380.0  90  45  63   0.781   0.0   0.0  378
 3.000  382.5  90  45  60   0.781   0.0   0.0  382
 3.000  740.0  90  45  57   0.781   0.0   0.0  740
 3.000  742.5  90  45  54   0.781   0.0   0.0  741
 3.000  745.0  90  45  63   0.781   0.0   0.0  743
 3.000  747.5  90  45  57   0.781   0.0   0.0  746
 3.000  752.5  90  45  60   0.781 210.0  30.0  752
 3.000 1107.5  90  45  54   0.781   0.0   0.0 1107
 3.000 1110.0  90  45  54   0.781   0.0   0.0 1108
 3.000 1115.0  90  45  54   0.781   0.0   0.0 1113
 3.000  357.5 -90  42  57   0.781   0.0   0.0  358
 3.000  360.0 -90  42  57   0.781   0.0   0.0  358
 3.000  362.5 -90  42  57   0.781   0.0   0.0  362
 3.000  370.0 -90  42  54   0.781   0.0   0.0  369
 3.000  372.5 -90  42  51   0.781   0.0   0.0  369
 3.000  715.0 -90  42  60   0.781   0.0   0.0  715
 3.000  717.5 -90  42  57   0.781   0.0   0.0  715
 3.050  370.0  90  42  54   0.781   0.0   0.0  372
 3.050  372.5  90  42  66   0.781   0.0   0.0  372
 3.050  375.0  90  42  60   0.781   0.0   0.0  372
 3.050  377.5  90  42  57   0.781   0.0   0.0  377
 3.050  382.5  90  42  57   0.781   0.0   0.0  382
 3.050  385.0  90  42  51   0.781   0.0   0.0  385
 3.050  392.5  90  42  54   0.781   0.0   0.0  393
 3.050  547.5  90  42  51  -0.781 210.0  30.0  561
 3.050  640.0  90  42  57  -0.781 210.0  30.0  626
 3.050  642.5  90  42  57   0.781 210.0  30.0  655
 3.050  742.5  90  42  63   0.781   0.0   0.0  742
 3.050  745.0  90  42  63   0.781   0.0   0.0  743
 3.050  747.5  90  42  60   0.781   0.0   0.0  746
 3.050  750.0  90  42  60   0.781   0.0   0.0  748
 3.050  752.5  90  42  57   0.781   0.0   0.0  751
 3.050  755.0  90  42  51   0.781   0.0   0.0  753
 3.050  767.5  90  42  51   0.781   0.0   0.0  766
 3.050  770.0  90  42  51   0.781   0.0   0.0  768
 3.050 1112.5  90  42  51   0.781   0.0   0.0 1113
 3.050 1115.0  90  42  57   0.781   0.0   0.0 1113
 3.050 1117.5  90  42  60   0.781   0.0   0.0 1116
 3.050 1120.0  90  42  63   0.781   0.0   0.0 1118
 3.050 1122.5  90  42  54   0.781   0.0   0.0 1122
 3.050 1125.0  90  42  57   0.781   0.0   0.0 1124
 3.050 1127.5  90  42  57   0.781   0.0   0.0 1126
 3.050  357.5 -90  36  57   0.781   0.0   0.0  358
 3.050  360.0 -90  36  66   0.781   0.0   0.0  359
 3.050  362.5 -90  36  51   0.781   0.0   0.0  362
 3.050  365.0 -90  36  54   0.781   0.0   0.0  364
 3.050  367.5 -90  36  57   0.781   0.0   0.0  367
 3.050  370.0 -90  36  48   0.781   0.0   0.0  364
 3.050  372.5 -90  36  54   0.781   0.0   0.0  371
 3.050  375.0 -90  36  45  -0.781 150.0  30.0  373
 3.050  715.0 -90  36  51   0.781   0.0   0.0  714
 3.050  717.5 -90  36  63   0.781   0.0   0.0  716
 3.050  720.0 -90  36  60   0.781   0.0   0.0  718
 3.050  722.5 -90  36  51   0.781   0.0   0.0  722
 3.050  725.0 -90  36  54   0.781   0.0   0.0  723
 3.050  727.5 -90  36  48   0.781   0.0   0.0  727
 3.050  730.0 -90  36  51   0.781   0.0   0.0  727
 3.050  755.0 -90  36  45   0.781   0.0   0.0  757
 3.050  872.5 -90  36  45   0.781 210.0  30.0  879
 3.050  882.5 -90  36  45   0.781 150.0  30.0  887
 3.050  887.5 -90  36  45   0.781 210.0  30.0  892
 3.050  897.5 -90  36  45   0.781 150.0  30.0  905
 3.100  372.5  90  39  57   0.781   0.0   0.0  373
 3.100  375.0  90  39  69   0.781   0.0   0.0  374
 3.100  377.5  90  39  66   0.781   0.0   0.0  376
 3.100  380.0  90  39  60   0.781   0.0   0.0  378
 3.100  382.5  90  39  57   0.781   0.0   0.0  381
 3.100  385.0  90  39  57   0.781   0.0   0.0  384
 3.100  617.5  90  39  48   0.781 210.0  30.0  617
 3.100  635.0  90  39  48  -0.781 210.0  30.0  649
 3.100  637.5  90  39  51  -0.781 210.0  30.0  624
 3.100  645.0  90  39  48  -0.781 210.0  30.0  655
 3.100  647.5  90  39  51  -0.781 210.0  30.0  645
 3.100  662.5  90  39  48   0.781 150.0  30.0  673
 3.100  745.0  90  39  54   0.781   0.0   0.0  742
 3.100  747.5  90  39  63   0.781   0.0   0.0  747
 3.100  750.0  90  39  60   0.781   0.0   0.0  751
 3.100  752.5  90  39  66   0.781   0.0   0.0  751
 3.100  755.0  90  39  54   0.781   0.0   0.0  754
 3.100  757.5  90  39  51   0.781   0.0   0.0  758
 3.100  760.0  90  39  57   0.781 210.0  30.0  759
 3.100  762.5  90  39  51   0.781   0.0   0.0  760
 3.100  775.0  90  39  48   0.781 150.0  30.0  773
 3.100  777.5  90  39  51   0.781 150.0  30.0  777
 3.100 1117.5  90  39  51   0.781   0.0   0.0 1119
 3.100 1120.0  90  39  57   0.781   0.0   0.0 1118
 3.100 1122.5  90  39  51   0.781   0.0   0.0 1118
 3.100 1125.0  90  39  51   0.781   0.0   0.0 1124
 3.100 1127.5  90  39  51   0.781   0.0   0.0 1124
 3.100 1132.5  90  39  54   0.781   0.0   0.0 1130
 3.100 1147.5  90  39  48   0.781   0.0   0.0 1145
 3.100  360.0 -90  36  60   0.781   0.0   0.0  360
 3.100  362.5 -90  36  54   0.781   0.0   0.0  360
 3.100  365.0 -90  36  51   0.781   0.0   0.0  364
 3.100  367.5 -90  36  48   0.781   0.0   0.0  369
 3.100  370.0 -90  36  57   0.781   0.0   0.0  369
 3.100  372.5 -90  36  51   0.781   0.0   0.0  372
 3.100  375.0 -90  36  45   0.781   0.0   0.0  374
 3.100  382.5 -90  36  45   0.781   0.0   0.0  383
 3.100  720.0 -90  36  51   0.781   0.0   0.0  718
 3.100  722.5 -90  36  48   0.781  30.0  30.0  721
 3.100  725.0 -90  36  51   0.781   0.0   0.0  722
 3.100  727.5 -90  36  48   0.781   0.0   0.0  728
 3.100  730.0 -90  36  51   0.781   0.0   0.0  728
 3.100  732.5 -90  36  45   0.781   0.0   0.0  730
 3.100  737.5 -90  36  45   0.781   0.0   0.0  735
 3.100 1080.0 -90  36  45   0.781   0.0   0.0 1079
 3.100 1082.5 -90  36  48   0.781   0.0   0.0 1080
 3.100 1087.5 -90  36  45   0.781   0.0   0.0 1085
 3.150  375.0  90  48  69   0.781   0.0   0.0  375
 3.150  377.5  90  48  72   0.781   0.0   0.0  376
 3.150  380.0  90  48  63   0.781   0.0   0.0  379
 3.150  382.5  90  48  66   0.781   0.0   0.0  381
 3.150  385.0  90  48  60  -0.781   0.0   0.0  384
 3.150  387.5  90  48  57  -0.781 210.0  30.0  385
 3.150  750.0  90  48  60   0.781   0.0   0.0  750
 3.150  752.5  90  48  69   0.781   0.0   0.0  751
 3.150  755.0  90  48  69   0.781   0.0   0.0  753
 3.150  760.0  90  48  57   0.781   0.0   0.0  761
 3.150  762.5  90  48  57   0.781 150.0  30.0  762
 3.150 1127.5  90  48  57   0.781   0.0   0.0 1127
 3.150 1130.0  90  48  60   0.781   0.0   0.0 1129
 3.150  360.0 -90  39  51   0.781   0.0   0.0  359
 3.150  362.5 -90  39  63   0.781   0.0   0.0  361
 3.150  365.0 -90  39  57   0.781   0.0   0.0  363
 3.150  367.5 -90  39  51   0.781   0.0   0.0  368
 3.150  370.0 -90  39  57   0.781   0.0   0.0  370
 3.150  372.5 -90  39  57   0.781   0.0   0.0  369
 3.150  375.0 -90  39  48  -0.781  30.0  30.0  376
 3.150  722.5 -90  39  48   0.781   0.0   0.0  721
 3.150  725.0 -90  39  57   0.781   0.0   0.0  725
 3.150  727.5 -90  39  57   0.781   0.0   0.0  726
 3.150  732.5 -90  39  54   0.781   0.0   0.0  731
 3.150 1082.5 -90  39  48   0.781   0.0   0.0 1082
 3.150 1085.0 -90  39  51   0.781   0.0   0.0 1084
 3.150 1087.5 -90  39  48   0.781 330.0  30.0 1084
 3.150 1095.0 -90  39  48   0.781  30.0  30.0 1104
 3.200  367.5  90  42  51   2.344   0.0   0.0  372
 3.200  375.0  90  42  51   0.781   0.0   0.0  376
 3.200  377.5  90  42  69   0.781   0.0   0.0  377
 3.200  380.0  90  42  72   0.781   0.0   0.0  378
 3.200  382.5  90  42  60   0.781   0.0   0.0  385
 3.200  385.0  90  42  63   0.781   0.0   0.0  383
 3.200  387.5  90  42  54   0.781   0.0   0.0  388
 3.200  752.5  90  42  54   0.781   0.0   0.0  753
 3.200  755.0  90  42  66   0.781   0.0   0.0  754
 3.200  757.5  90  42  69   0.781   0.0   0.0  756
 3.200  760.0  90  42  63   0.781   0.0   0.0  758
 3.200  762.5  90  42  51   0.781 330.0  30.0  761
 3.200  765.0  90  42  51   0.781   0.0   0.0  764
 3.200  767.5  90  42  51   0.781   0.0   0.0  765
 3.200  785.0  90  42  51  -0.781 330.0  30.0  784
 3.200  787.5  90  42  51   0.781 150.0  30.0  787
 3.200  790.0  90  42  51   0.781 150.0  30.0  789
 3.200 1130.0  90  42  57   0.781   0.0   0.0 1128
 3.200 1132.5  90  42  57   0.781   0.0   0.0 1130
 3.200 1137.5  90  42  57   0.781   0.0   0.0 1137
 3.200 1140.0  90  42  54   0.781   0.0   0.0 1139
 3.200  362.5 -90  39  60   0.781   0.0   0.0  362
 3.200  365.0 -90  39  57   0.781   0.0   0.0  364
 3.200  367.5 -90  39  57   0.781   0.0   0.0  367
 3.200  370.0 -90  39  60   0.781   0.0   0.0  370
 3.200  372.5 -90  39  63   0.781   0.0   0.0  371
 3.200  375.0 -90  39  48   0.781   0.0   0.0  372
 3.200  377.5 -90  39  48   0.781   0.0   0.0  375
 3.200  725.0 -90  39  48   0.781   0.0   0.0  724
 3.200  727.5 -90  39  48   0.781   0.0   0.0  727
 3.200  732.5 -90  39  48   0.781   0.0   0.0  731
 3.200  735.0 -90  39  48   0.781   0.0   0.0  735
 3.200  742.5 -90  39  48   0.781 150.0  30.0  739
 3.200 1100.0 -90  39  48   0.781   0.0   0.0 1097
 3.250  377.5  90  42  51   0.781   0.0   0.0  382
 3.250  380.0  90  42  69   0.781   0.0   0.0  380
 3.250  382.5  90  42  66   0.781   0.0   0.0  381
 3.250  385.0  90  42  63   0.781   0.0   0.0  384
 3.250  387.5  90  42  60   0.781   0.0   0.0  386
 3.250  390.0  90  42  57   0.781   0.0   0.0  390
 3.250  392.5  90  42  54   0.781   0.0   0.0  390
 3.250  757.5  90  42  54   0.781   0.0   0.0  757
 3.250  760.0  90  42  63   0.781   0.0   0.0  759
 3.250  762.5  90  42  63   0.781   0.0   0.0  761
 3.250  765.0  90  42  63   0.781   0.0   0.0  763
 3.250  767.5  90  42  51   0.781  30.0  30.0  767
 3.250  770.0  90  42  57   0.781   0.0   0.0  768
 3.250  780.0  90  42  51   0.781 150.0  30.0  780
 3.250  782.5  90  42  54   0.781   0.0   0.0  781
 3.250  875.0  90  42  51   0.781 330.0  30.0  863
 3.250 1105.0  90  42  51   0.781 210.0  30.0 1096
 3.250 1130.0  90  42  51   3.906  30.0  30.0 1141
 3.250 1135.0  90  42  51  -0.781  30.0  30.0 1133
 3.250 1137.5  90  42  54   0.781   0.0   0.0 1136
 3.250 1142.5  90  42  60   0.781   0.0   0.0 1142
 3.250 1145.0  90  42  60   0.781   0.0   0.0 1143
 3.250 1147.5  90  42  51   0.781  30.0  30.0 1147
 3.250  362.5 -90  39  48   0.781   0.0   0.0  363
 3.250  365.0 -90  39  54   0.781   0.0   0.0  363
 3.250  370.0 -90  39  51   0.781   0.0   0.0  370
 3.250  372.5 -90  39  54   0.781   0.0   0.0  371
 3.250  377.5 -90  39  51   0.781   0.0   0.0  377
 3.250  380.0 -90  39  48  -0.781   0.0   0.0  378
 3.250  730.0 -90  39  54   0.781   0.0   0.0  730
 3.250  732.5 -90  39  48   0.781   0.0   0.0  730
 3.250  735.0 -90  39  48   0.781   0.0   0.0  733
 3.250  742.5 -90  39  48   0.781  30.0  30.0  740
 3.250 1092.5 -90  39  48   0.781  30.0  30.0 1090
 3.250 1095.0 -90  39  48   0.781   0.0   0.0 1092
 3.250 1097.5 -90  39  48   0.781   0.0   0.0 1094
 3.300  765.0  90  57  69   0.781   0.0   0.0  763
 3.300  767.5  90  57  66   0.781   0.0   0.0  767
 3.300 1215.0  90  57  66  -3.906  30.0  30.0 1221
 3.300  372.5 -90  51  60  -0.781  30.0  30.0  373
 3.300  657.5 -90  51  60   5.469  30.0  30.0  672
 3.350  385.0  90  51  63   0.781   0.0   0.0  385
 3.350  390.0  90  51  63   0.781   0.0   0.0  388
 3.350 1152.5  90  51  60   0.781   0.0   0.0 1150
 3.350  367.5 -90  42  54   0.781   0.0   0.0  368
 3.350  370.0 -90  42  54   0.781   0.0   0.0  369
 3.350  372.5 -90  42  54  -0.781   0.0   0.0  371
 3.350  375.0 -90  42  51   0.781   0.0   0.0  374
 3.350  377.5 -90  42  54   0.781   0.0   0.0  376
 3.350  380.0 -90  42  57   0.781   0.0   0.0  379
 3.350  735.0 -90  42  63   0.781   0.0   0.0  735
 3.350  737.5 -90  42  60   0.781   0.0   0.0  735
 3.350  740.0 -90  42  54   0.781   0.0   0.0  739
 3.350  747.5 -90  42  51   0.781   0.0   0.0  745
 3.350 1102.5 -90  42  54   0.781   0.0   0.0 1099
 3.350 1105.0 -90  42  51   0.781   0.0   0.0 1102
 3.400  385.0  90  45  60   0.781   0.0   0.0  386
 3.400  387.5  90  45  66   0.781   0.0   0.0  386
 3.400  390.0  90  45  57   0.781   0.0   0.0  386
 3.400  392.5  90  45  63   0.781   0.0   0.0  391
 3.400  397.5  90  45  54   0.781   0.0   0.0  397
 3.400  770.0  90  45  54   0.781   0.0   0.0  769
 3.400  772.5  90  45  63   0.781   0.0   0.0  772
 3.400  775.0  90  45  66   0.781   0.0   0.0  774
 3.400  777.5  90  45  63   0.781   0.0   0.0  776
 3.400  780.0  90  45  57   0.781   0.0   0.0  779
 3.400  782.5  90  45  57   0.781   0.0   0.0  779
 3.400  787.5  90  45  54   0.781   0.0   0.0  786
 3.400 1155.0  90  45  54   0.781   0.0   0.0 1154
 3.400 1157.5  90  45  57   0.781   0.0   0.0 1156
 3.400 1160.0  90  45  57   0.781   0.0   0.0 1158
 3.400 1162.5  90  45  54   0.781   0.0   0.0 1160
 3.400 1167.5  90  45  60   0.781   0.0   0.0 1166
 3.400  367.5 -90  39  48  -0.781   0.0   0.0  367
 3.400  370.0 -90  39  57   0.781   0.0   0.0  370
 3.400  372.5 -90  39  57   0.781   0.0   0.0  372
 3.400  375.0 -90  39  60   0.781   0.0   0.0  375
 3.400  377.5 -90  39  69   0.781   0.0   0.0  376
 3.400  380.0 -90  39  60   0.781   0.0   0.0  378
 3.400  382.5 -90  39  57   0.781   0.0   0.0  382
 3.400  385.0 -90  39  48  -0.781  30.0  30.0  383
 3.400  387.5 -90  39  48  -0.781  90.0  30.0  386
 3.400  552.5 -90  39  48  -5.469  30.0  30.0  555
 3.400  735.0 -90  39  51   0.781   0.0   0.0  735
 3.400  737.5 -90  39  63   0.781   0.0   0.0  737
 3.400  740.0 -90  39  66   0.781   0.0   0.0  738
 3.400  742.5 -90  39  60   0.781   0.0   0.0  740
 3.400  745.0 -90  39  51   0.781   0.0   0.0  742
 3.400  747.5 -90  39  48   0.781   0.0   0.0  744
 3.400  750.0 -90  39  48   0.781   0.0   0.0  748
 3.400 1107.5 -90  39  54   0.781   0.0   0.0 1108
 3.400 1110.0 -90  39  54   0.781   0.0   0.0 1108
 3.400 1112.5 -90  39  48   0.781   0.0   0.0 1110
 3.400 1202.5 -90  39  48   0.781   0.0   0.0 1194
 3.450  387.5  90  42  60   0.781   0.0   0.0  388
 3.450  390.0  90  42  72   0.781   0.0   0.0  389
 3.450  392.5  90  42  63   0.781   0.0   0.0  390
 3.450  395.0  90  42  60   0.781   0.0   0.0  394
 3.450  397.5  90  42  51   0.781   0.0   0.0  396
 3.450  400.0  90  42  51   0.781   0.0   0.0  399
 3.450  402.5  90  42  51   0.781   0.0   0.0  399
 3.450  775.0  90  42  57   0.781   0.0   0.0  775
 3.450  777.5  90  42  66   0.781   0.0   0.0  776
 3.450  780.0  90  42  69   0.781   0.0   0.0  779
 3.450  782.5  90  42  66   0.781   0.0   0.0  780
 3.450  785.0  90  42  51   0.781   0.0   0.0  782
 3.450  802.5  90  42  51   0.781   0.0   0.0  801
 3.450  822.5  90  42  51   0.781 150.0  30.0  819
 3.450 1162.5  90  42  54   0.781   0.0   0.0 1161
 3.450 1165.0  90  42  60   0.781   0.0   0.0 1164
 3.450 1167.5  90  42  57   0.781   0.0   0.0 1166
 3.450 1170.0  90  42  54   0.781   0.0   0.0 1168
 3.450 1172.5  90  42  51   0.781   0.0   0.0 1171
 3.450 1175.0  90  42  54   0.781   0.0   0.0 1172
 3.450 1177.5  90  42  51   0.781   0.0   0.0 1175
 3.450  370.0 -90  39  63   0.781   0.0   0.0  370
 3.450  372.5 -90  39  63   0.781   0.0   0.0  370
 3.450  375.0 -90  39  60   0.781   0.0   0.0  374
 3.450  377.5 -90  39  51   0.781   0.0   0.0  379
 3.450  380.0 -90  39  60   0.781   0.0   0.0  379
 3.450  382.5 -90  39  57   0.781   0.0   0.0  382
 3.450  385.0 -90  39  57   0.781   0.0   0.0  383
 3.450  740.0 -90  39  57   0.781   0.0   0.0  739
 3.450  742.5 -90  39  48   0.781  30.0  30.0  741
 3.450  747.5 -90  39  54   0.781   0.0   0.0  746
 3.500  390.0  90  42  60   0.781   0.0   0.0  391
 3.500  392.5  90  42  66   0.781   0.0   0.0  391
 3.500  395.0  90  42  60   0.781   0.0   0.0  393
 3.500  397.5  90  42  54   0.781   0.0   0.0  398
 3.500  400.0  90  42  57   0.781   0.0   0.0  400
 3.500  402.5  90  42  60   0.781   0.0   0.0  400
 3.500  782.5  90  42  63   0.781   0.0   0.0  782
 3.500  785.0  90  42  66   0.781   0.0   0.0  784
 3.500  787.5  90  42  66   0.781   0.0   0.0  786
 3.500  790.0  90  42  60   0.781   0.0   0.0  788
 3.500  792.5  90  42  57   0.781   0.0   0.0  791
 3.500  795.0  90  42  54   0.781   0.0   0.0  792
 3.500  802.5  90  42  54   0.781   0.0   0.0  802
 3.500  805.0  90  42  57   0.781   0.0   0.0  802
 3.500 1170.0  90  42  51   0.781   0.0   0.0 1167
 3.500 1172.5  90  42  54   0.781   0.0   0.0 1172
 3.500 1175.0  90  42  60   0.781   0.0   0.0 1173
 3.500 1177.5  90  42  57   0.781   0.0   0.0 1176
 3.500 1180.0  90  42  57   0.781   0.0   0.0 1178
 3.500 1182.5  90  42  51   0.781   0.0   0.0 1181
 3.500 1185.0  90  42  54   0.781   0.0   0.0 1183
 3.500  370.0 -90  39  54   0.781   0.0   0.0  372
 3.500  372.5 -90  39  69   0.781   0.0   0.0  372
 3.500  375.0 -90  39  60   0.781   0.0   0.0  371
 3.500  377.5 -90  39  57   0.781   0.0   0.0  376
 3.500  380.0 -90  39  51   0.781   0.0   0.0  379
 3.500  382.5 -90  39  48   0.781  90.0  30.0  385
 3.500  385.0 -90  39  57   0.781   0.0   0.0  385
 3.500  387.5 -90  39  51   0.781   0.0   0.0  385
 3.500  742.5 -90  39  51   0.781   0.0   0.0  743
 3.500  745.0 -90  39  63   0.781   0.0   0.0  744
 3.500  747.5 -90  39  60   0.781   0.0   0.0  746
 3.500  750.0 -90  39  57   0.781   0.0   0.0  748
 3.500  752.5 -90  39  54   0.781   0.0   0.0  752
 3.500  755.0 -90  39  51   0.781   0.0   0.0  753
 3.500 1115.0 -90  39  48   0.781   0.0   0.0 1113
 3.500 1117.5 -90  39  54   0.781   0.0   0.0 1115
 3.500 1120.0 -90  39  51   0.781   0.0   0.0 1117
 3.500 1122.5 -90  39  48   0.781   0.0   0.0 1121
 3.500 1125.0 -90  39  51   0.781   0.0   0.0 1123
 3.500 1127.5 -90  39  51   0.781   0.0   0.0 1126
 3.550   97.5  90  42  51   0.781   0.0   0.0  100
 3.550  395.0  90  42  66   0.781   0.0   0.0  394
 3.550  397.5  90  42  66   0.781   0.0   0.0  396
 3.550  400.0  90  42  63   0.781   0.0   0.0  399
 3.550  402.5  90  42  57   0.781   0.0   0.0  401
 3.550  405.0  90  42  51   0.781   0.0   0.0  404
 3.550  407.5  90  42  51   0.781   0.0   0.0  407
 3.550  785.0  90  42  51   0.781   0.0   0.0  786
 3.550  787.5  90  42  66   0.781   0.0   0.0  786
 3.550  790.0  90  42  63   0.781   0.0   0.0  788
 3.550  792.5  90  42  63   0.781   0.0   0.0  791
 3.550  795.0  90  42  57   0.781   0.0   0.0  793
 3.550  797.5  90  42  57   0.781   0.0   0.0  797
 3.550  800.0  90  42  54   0.781   0.0   0.0  798
 3.550  802.5  90  42  51   0.781   0.0   0.0  801
 3.550  807.5  90  42  51   0.781   0.0   0.0  808
 3.550 1177.5  90  42  57   0.781   0.0   0.0 1176
 3.550 1180.0  90  42  60   0.781   0.0   0.0 1178
 3.550 1182.5  90  42  57   0.781   0.0   0.0 1180
 3.550 1185.0  90  42  54   0.781   0.0   0.0 1181
 3.550 1190.0  90  42  57   0.781   0.0   0.0 1189
 3.550 1192.5  90  42  51   0.781   0.0   0.0 1189
 3.550  372.5 -90  39  60   0.781   0.0   0.0  373
 3.550  375.0 -90  39  66   0.781   0.0   0.0  373
 3.550  377.5 -90  39  57   0.781   0.0   0.0  375
 3.550  380.0 -90  39  57   0.781   0.0   0.0  381
 3.550  382.5 -90  39  63   0.781   0.0   0.0  381
 3.550  385.0 -90  39  51   0.781   0.0   0.0  380
 3.550  387.5 -90  39  57   0.781   0.0   0.0  386
 3.550  745.0 -90  39  51   0.781   0.0   0.0  747
 3.550  747.5 -90  39  57   0.781   0.0   0.0  746
 3.550  752.5 -90  39  57   0.781   0.0   0.0  750
 3.550  755.0 -90  39  48   0.781   0.0   0.0  754
 3.550  760.0 -90  39  51   0.781   0.0   0.0  759
 3.550  762.5 -90  39  48   0.781   0.0   0.0  762
 3.550 1120.0 -90  39  48   0.781   0.0   0.0 1119
 3.550 1122.5 -90  39  54   0.781   0.0   0.0 1121
 3.550 1125.0 -90  39  51   0.781   0.0   0.0 1124
 3.550 1127.5 -90  39  48   0.781   0.0   0.0 1127
 3.550 1130.0 -90  39  48   0.781   0.0   0.0 1128
 3.600  395.0  90  51  66   0.781   0.0   0.0  395
 3.600  397.5  90  51  75   0.781   0.0   0.0  397
 3.600  400.0  90  51  69   0.781   0.0   0.0  397
 3.600  790.0  90  51  60   0.781   0.0   0.0  788
 3.600  792.5  90  51  63   0.781   0.0   0.0  792
 3.600  795.0  90  51  63   0.781   0.0   0.0  793
 3.600  797.5  90  51  60   0.781   0.0   0.0  795
 3.600  375.0 -90  48  66   0.781   0.0   0.0  375
 3.600  377.5 -90  48  66   0.781   0.0   0.0  375
 3.600  385.0 -90  48  57   0.781   0.0   0.0  383
 3.600  387.5 -90  48  57   0.781   0.0   0.0  387
 3.600  752.5 -90  48  60   0.781   0.0   0.0  751
 3.650  397.5  90  45  63   0.781   0.0   0.0  399
 3.650  400.0  90  45  72   0.781   0.0   0.0  399
 3.650  402.5  90  45  63   0.781   0.0   0.0  399
 3.650  405.0  90  45  60   0.781   0.0   0.0  404
 3.650  410.0  90  45  54   0.781   0.0   0.0  409
 3.650  800.0  90  45  60   0.781   0.0   0.0  798
 3.650  802.5  90  45  60   0.781   0.0   0.0  801
 3.650  805.0  90  45  57   0.781   0.0   0.0  803
 3.650  807.5  90  45  54   0.781   0.0   0.0  806
 3.650  375.0 -90  42  51   0.781   0.0   0.0  374
 3.650  377.5 -90  42  66   0.781   0.0   0.0  376
 3.650  380.0 -90  42  60   0.781   0.0   0.0  378
 3.650  385.0 -90  42  54   0.781   0.0   0.0  386
 3.650  387.5 -90  42  51   0.781   0.0   0.0  384
 3.650  390.0 -90  42  54   0.781   0.0   0.0  388
 3.650  755.0 -90  42  54   0.781   0.0   0.0  756
 3.650  757.5 -90  42  57   0.781   0.0   0.0  756
 3.650  760.0 -90  42  60   0.781   0.0   0.0  758
 3.650  762.5 -90  42  57   0.781   0.0   0.0  761
 3.650  765.0 -90  42  51   0.781   0.0   0.0  764
 3.650 1132.5 -90  42  54   0.781   0.0   0.0 1132
 3.650 1135.0 -90  42  51   0.781   0.0   0.0 1131
 3.700  402.5  90  45  60   0.781   0.0   0.0  402
 3.700  405.0  90  45  57   0.781   0.0   0.0  404
 3.700  805.0  90  45  57   0.781   0.0   0.0  804
 3.700  807.5  90  45  57   0.781   0.0   0.0  805
 3.700  810.0  90  45  60   0.781   0.0   0.0  808
 3.700 1210.0  90  45  54   0.781   0.0   0.0 1208
 3.700  377.5 -90  39  57   0.781   0.0   0.0  378
 3.700  380.0 -90  39  66   0.781   0.0   0.0  379
 3.700  382.5 -90  39  51   0.781   0.0   0.0  380
 3.700  385.0 -90  39  48   0.781   0.0   0.0  385
 3.700  387.5 -90  39  57   0.781   0.0   0.0  386
 3.700  390.0 -90  39  51   0.781   0.0   0.0  390
 3.700  392.5 -90  39  57   0.781   0.0   0.0  391
 3.700  757.5 -90  39  51   0.781   0.0   0.0  757
 3.700  760.0 -90  39  57   0.781   0.0   0.0  759
 3.700  762.5 -90  39  54   0.781   0.0   0.0  760
 3.700 1140.0 -90  39  48   0.781   0.0   0.0 1137
 3.700 1150.0 -90  39  48   0.781  30.0  30.0 1143
 3.750  405.0  90  39  57   0.781   0.0   0.0  405
 3.750  407.5  90  39  60   0.781   0.0   0.0  406
 3.750  410.0  90  39  48   0.781   0.0   0.0  409
 3.750  417.5  90  39  51   0.781   0.0   0.0  416
 3.750  805.0  90  39  48   0.781   0.0   0.0  802
 3.750  807.5  90  39  57   0.781   0.0   0.0  806
 3.750  810.0  90  39  66   0.781   0.0   0.0  809
 3.750  812.5  90  39  63   0.781   0.0   0.0  810
 3.750  815.0  90  39  60   0.781   0.0   0.0  813
 3.750  817.5  90  39  51   0.781   0.0   0.0  816
 3.750  820.0  90  39  48   0.781   0.0   0.0  819
 3.750  825.0  90  39  48   0.781   0.0   0.0  825
 3.750  830.0  90  39  51   0.781   0.0   0.0  829
 3.750 1207.5  90  39  48   0.781   0.0   0.0 1208
 3.750 1210.0  90  39  51   0.781   0.0   0.0 1209
 3.750 1212.5  90  39  54   0.781   0.0   0.0 1211
 3.750 1215.0  90  39  48   0.781   0.0   0.0 1215
 3.750  380.0 -90  39  60   0.781   0.0   0.0  380
 3.750  382.5 -90  39  60   0.781   0.0   0.0  379
 3.750  385.0 -90  39  51   0.781   0.0   0.0  384
 3.750  387.5 -90  39  57   0.781   0.0   0.0  387
 3.750  390.0 -90  39  57   0.781   0.0   0.0  389
 3.750  392.5 -90  39  54   0.781   0.0   0.0  392
 3.750  395.0 -90  39  54   0.781   0.0   0.0  393
 3.750  762.5 -90  39  48   0.781   0.0   0.0  762
 3.750  765.0 -90  39  48   0.781   0.0   0.0  763
 3.750  770.0 -90  39  48   0.781  30.0  30.0  769
 3.750  772.5 -90  39  51   0.781   0.0   0.0  770
 3.750 1140.0 -90  39  48   0.781 330.0  30.0 1137
 3.750 1145.0 -90  39  51   0.781   0.0   0.0 1144
 3.800  410.0  90  48  57   0.781   0.0   0.0  409
 3.800  815.0  90  48  60   0.781   0.0   0.0  813
 3.800  382.5 -90  45  63   0.781   0.0   0.0  382
 3.800  385.0 -90  45  60   0.781   0.0   0.0  382
 3.800  390.0 -90  45  54  -0.781   0.0   0.0  389
 3.800  772.5 -90  45  54   0.781   0.0   0.0  771
 3.850  385.0 -90  51  66   0.781   0.0   0.0  384
 3.850  387.5 -90  51  60   0.781   0.0   0.0  385
 3.900  415.0  90  48  66   0.781   0.0   0.0  414
 3.900  417.5  90  48  66   0.781   0.0   0.0  415
 3.900  825.0  90  48  57   0.781   0.0   0.0  826
 3.900  827.5  90  48  57   0.781   0.0   0.0  824
 3.900  832.5  90  48  57   0.781   0.0   0.0  830
 3.900  385.0 -90  42  54   0.781   0.0   0.0  385
 3.900  387.5 -90  42  63   0.781   0.0   0.0  386
 3.900  390.0 -90  42  51   0.781   0.0   0.0  387
 3.900  392.5 -90  42  51   0.781   0.0   0.0  392
 3.900  395.0 -90  42  57   0.781   0.0   0.0  393
 3.900  772.5 -90  42  51   0.781   0.0   0.0  772
 3.900 1150.0 -90  42  51  -5.469  30.0  30.0 1150
 3.900 1160.0 -90  42  51   0.781   0.0   0.0 1158
 3.950  415.0  90  39  51   0.781   0.0   0.0  415
 3.950  417.5  90  39  63   0.781   0.0   0.0  417
 3.950  420.0  90  39  51   0.781   0.0   0.0  416
 3.950  432.5  90  39  48   0.781   0.0   0.0  431
 3.950  830.0  90  39  48   0.781   0.0   0.0  829
 3.950  832.5  90  39  51   0.781   0.0   0.0  831
 3.950  835.0  90  39  60   0.781   0.0   0.0  833
 3.950  837.5  90  39  57   0.781   0.0   0.0  836
 3.950  840.0  90  39  54   0.781   0.0   0.0  839
 3.950  842.5  90  39  54   0.781   0.0   0.0  840
 3.950  845.0  90  39  48   2.344 330.0  30.0  841
 3.950  860.0  90  39  48   0.781 210.0  30.0  858
 3.950  870.0  90  39  48   0.781   0.0   0.0  871
 3.950  387.5 -90  36  48   0.781   0.0   0.0  389
 3.950  390.0 -90  36  57   0.781   0.0   0.0  389
 3.950  395.0 -90  36  51   0.781   0.0   0.0  392
 3.950  397.5 -90  36  45   0.781   0.0   0.0  399
 3.950  400.0 -90  36  48   0.781   0.0   0.0  398
 3.950  402.5 -90  36  45   0.781   0.0   0.0  401
 3.950  777.5 -90  36  45   0.781   0.0   0.0  777
 3.950  780.0 -90  36  51   0.781   0.0   0.0  778
 3.950  782.5 -90  36  48   0.781   0.0   0.0  781
 3.950  785.0 -90  36  45   0.781   0.0   0.0  786
 3.950  787.5 -90  36  45   0.781   0.0   0.0  785
 3.950  792.5 -90  36  45   0.781   0.0   0.0  790
 3.950 1167.5 -90  36  45   0.781   0.0   0.0 1166
 3.950 1170.0 -90  36  48   0.781   0.0   0.0 1168
 4.000  390.0 -90  51  60   0.781   0.0   0.0  389
 4.000  392.5 -90  51  60   0.781   0.0   0.0  389
 4.050  425.0  90  54  63   0.781   0.0   0.0  424
 4.050  427.5  90  54  66   0.781   0.0   0.0  425
 4.050   85.0 -90  51  60  -3.906  30.0  30.0   91
 4.050  395.0 -90  51  60   0.781   0.0   0.0  392
 4.100  430.0  90  51  66   0.781   0.0   0.0  429
 4.100  432.5  90  51  63   0.781   0.0   0.0  432
 4.100  862.5  90  51  60   0.781   0.0   0.0  862
 4.150  397.5 -90  51  63   0.781   0.0   0.0  395
 4.200  437.5  90  51  63   0.781   0.0   0.0  438
 4.200  440.0  90  51  72   0.781   0.0   0.0  439
 4.200  442.5  90  51  72   0.781   0.0   0.0  441
 4.200  445.0  90  51  60   0.781   0.0   0.0  442
 4.200  880.0  90  51  60   0.781   0.0   0.0  876
 4.200  400.0 -90  45  63   0.781   0.0   0.0  399
 4.200  402.5 -90  45  57   0.781   0.0   0.0  399
 4.200  407.5 -90  45  60   0.781   0.0   0.0  406
 4.200  410.0 -90  45  54   0.781   0.0   0.0  408
 4.200  412.5 -90  45  57   0.781   0.0   0.0  412
 4.200  415.0 -90  45  54  -0.781   0.0   0.0  412
 4.200  800.0 -90  45  57   0.781   0.0   0.0  800
 4.200  802.5 -90  45  60   0.781   0.0   0.0  800
 4.250  445.0  90  51  60   0.781   0.0   0.0  444
 4.250  447.5  90  51  60   0.781   0.0   0.0  449
 4.250  890.0  90  51  63   0.781   0.0   0.0  888
 4.250  892.5  90  51  63   0.781   0.0   0.0  890
 4.250  895.0  90  51  60   0.781   0.0   0.0  892
 4.250  402.5 -90  51  60   0.781   0.0   0.0  401
 4.300  405.0 -90  54  63   0.781   0.0   0.0  404
 4.300  407.5 -90  54  63   0.781   0.0   0.0  404
 4.350  122.5 -90  54  63  -3.906 150.0  30.0  121
 4.350  125.0 -90  54  63  -5.469 150.0  30.0  126
 4.350  127.5 -90  54  63  -5.469 150.0  30.0  113
 4.350  140.0 -90  54  63  -5.469  30.0  30.0  144
 4.350  142.5 -90  54  63  -5.469  30.0  30.0  144
 4.350  145.0 -90  54  63  -5.469  90.0  30.0  147
 4.350  147.5 -90  54  63  -5.469  90.0  30.0  149
 4.350  162.5 -90  54  63  -5.469 150.0  30.0  167
 4.350  407.5 -90  54  63   0.781   0.0   0.0  407
 4.400  455.0  90  42  51   0.781   0.0   0.0  455
 4.400  457.5  90  42  57   0.781   0.0   0.0  456
 4.400  460.0  90  42  60   0.781   0.0   0.0  459
 4.400  462.5  90  42  63   0.781   0.0   0.0  461
 4.400  465.0  90  42  60   0.781   0.0   0.0  463
 4.400  467.5  90  42  54   0.781   0.0   0.0  465
 4.400  470.0  90  42  51   0.781   0.0   0.0  469
 4.400  472.5  90  42  51   0.781   0.0   0.0  471
 4.400  920.0  90  42  54   0.781   0.0   0.0  918
 4.400  922.5  90  42  57   0.781   0.0   0.0  920
 4.400  927.5  90  42  51   0.781   0.0   0.0  926
 4.400  407.5 -90  39  48   0.781 330.0  30.0  410
 4.400  410.0 -90  39  60   0.781   0.0   0.0  409
 4.400  412.5 -90  39  54   0.781   0.0   0.0  410
 4.400  417.5 -90  39  54   0.781   0.0   0.0  416
 4.400  420.0 -90  39  51   0.781   0.0   0.0  418
 4.400  425.0 -90  39  48   0.781   0.0   0.0  425
 4.400  817.5 -90  39  51   0.781   0.0   0.0  817
 4.400  820.0 -90  39  57   0.781   0.0   0.0  818
 4.400  822.5 -90  39  57   0.781   0.0   0.0  821
 4.400  825.0 -90  39  57   0.781   0.0   0.0  823
 4.400  827.5 -90  39  51   0.781   0.0   0.0  825
 4.400 1235.0 -90  39  48   0.781   0.0   0.0 1233
 4.450  465.0  90  48  57   0.781   0.0   0.0  464
 4.450  467.5  90  48  60   0.781   0.0   0.0  467
 4.450  470.0  90  48  63   0.781   0.0   0.0  469
 4.450  472.5  90  48  63   0.781   0.0   0.0  472
 4.450  475.0  90  48  60   0.781   0.0   0.0  474
 4.450  927.5  90  48  57   0.781 210.0  30.0  925
 4.450  940.0  90  48  57   0.781  30.0  30.0  934
 4.450 1247.5  90  48  57   5.469 150.0  30.0 1242
 4.450  412.5 -90  48  57   0.781   0.0   0.0  413
 4.450  415.0 -90  48  66   0.781   0.0   0.0  413
 4.450  417.5 -90  48  60   0.781   0.0   0.0  415
 4.450  420.0 -90  48  60   0.781   0.0   0.0  419
 4.450  427.5 -90  48  57   0.781   0.0   0.0  426
 4.450  827.5 -90  48  60   0.781   0.0   0.0  825
 4.500  470.0  90  42  51   0.781   0.0   0.0  470
 4.500  475.0  90  42  60   0.781   0.0   0.0  473
 4.500  477.5  90  42  60   0.781   0.0   0.0  477
 4.500  480.0  90  42  63   0.781   0.0   0.0  478
 4.500  482.5  90  42  57   0.781   0.0   0.0  481
 4.500  485.0  90  42  57   0.781   0.0   0.0  484
 4.500  487.5  90  42  51   0.781   0.0   0.0  484
 4.500  940.0  90  42  51   0.781   0.0   0.0  937
 4.500  947.5  90  42  51   0.781 210.0  30.0  945
 4.500  952.5  90  42  54   0.781   0.0   0.0  951
 4.500  955.0  90  42  57   0.781   0.0   0.0  953
 4.500  962.5  90  42  51   0.781   0.0   0.0  961
 4.500  965.0  90  42  51   0.781   0.0   0.0  962
 4.500  412.5 -90  39  48   0.781   0.0   0.0  412
 4.500  415.0 -90  39  60   0.781   0.0   0.0  415
 4.500  417.5 -90  39  69   0.781   0.0   0.0  416
 4.500  420.0 -90  39  60   0.781   0.0   0.0  418
 4.500  422.5 -90  39  57   0.781   0.0   0.0  422
 4.500  425.0 -90  39  51   0.781   0.0   0.0  421
 4.500  427.5 -90  39  54   0.781   0.0   0.0  426
 4.500  430.0 -90  39  54   0.781   0.0   0.0  428
 4.500  832.5 -90  39  54   0.781   0.0   0.0  832
 4.500  835.0 -90  39  54   0.781   0.0   0.0  833
 4.500  837.5 -90  39  54   0.781   0.0   0.0  835
 4.500 1247.5 -90  39  48   0.781   0.0   0.0 1246
 4.550  485.0  90  54  66   0.781   0.0   0.0  484
 4.550  487.5  90  54  63   0.781   0.0   0.0  485
 4.550  420.0 -90  48  63   0.781   0.0   0.0  418
 4.550  425.0 -90  48  57   0.781   0.0   0.0  425
 4.550  837.5 -90  48  57   0.781   0.0   0.0  836
 4.550  840.0 -90  48  57   0.781   0.0   0.0  838
 4.600  492.5  90  48  63   0.781   0.0   0.0  491
 4.600  495.0  90  48  63   0.781   0.0   0.0  494
 4.600  497.5  90  48  63   0.781   0.0   0.0  495
 4.600  500.0  90  48  57   0.781   0.0   0.0  499
 4.600  502.5  90  48  63   0.781   0.0   0.0  501
 4.600  505.0  90  48  63   0.781   0.0   0.0  503
 4.600  507.5  90  48  57   0.781   0.0   0.0  505
 4.600  512.5  90  48  57   0.781   0.0   0.0  510
 4.600  422.5 -90  45  57   0.781   0.0   0.0  422
 4.600  425.0 -90  45  63   0.781   0.0   0.0  423
 4.600  427.5 -90  45  54   0.781   0.0   0.0  423
 4.600  432.5 -90  45  54   0.781   0.0   0.0  432
 4.600  435.0 -90  45  57   0.781   0.0   0.0  432
 4.600  847.5 -90  45  57   0.781   0.0   0.0  845
 4.650  502.5  90  48  60   0.781   0.0   0.0  502
 4.650  505.0  90  48  63   0.781   0.0   0.0  504
 4.650  507.5  90  48  63   0.781   0.0   0.0  506
 4.650  510.0  90  48  60   0.781   0.0   0.0  506
 4.650  512.5  90  48  57   0.781   0.0   0.0  510
 4.650  515.0  90  48  57   0.781   0.0   0.0  515
 4.650  517.5  90  48  63   0.781   0.0   0.0  515
 4.650  425.0 -90  48  57   0.781   0.0   0.0  424
 4.650  430.0 -90  48  57   0.781   0.0   0.0  428
 4.700  505.0  90  36  45   0.781   0.0   0.0  505
 4.700  510.0  90  36  54   0.781   0.0   0.0  509
 4.700  512.5  90  36  57   0.781   0.0   0.0  512
 4.700  515.0  90  36  57   0.781   0.0   0.0  514
 4.700  517.5  90  36  63   0.781   0.0   0.0  516
 4.700  520.0  90  36  60   0.781   0.0   0.0  518
 4.700  522.5  90  36  60   0.781   0.0   0.0  521
 4.700  525.0  90  36  57   0.781   0.0   0.0  525
 4.700  527.5  90  36  48   0.781   0.0   0.0  530
 4.700  530.0  90  36  57   0.781   0.0   0.0  526
 4.700  532.5  90  36  63   0.781   0.0   0.0  531
 4.700  535.0  90  36  54   0.781   0.0   0.0  533
 4.700  537.5  90  36  54   0.781   0.0   0.0  534
 4.700  542.5  90  36  48   0.781   0.0   0.0  542
 4.700  545.0  90  36  54   0.781   0.0   0.0  544
 4.700  547.5  90  36  54   0.781   0.0   0.0  546
 4.700 1017.5  90  36  45   0.781   0.0   0.0 1016
 4.700 1020.0  90  36  45   0.781   0.0   0.0 1021
 4.700 1027.5  90  36  48   0.781   0.0   0.0 1028
 4.700 1030.0  90  36  48   0.781   0.0   0.0 1028
 4.700 1032.5  90  36  48   0.781   0.0   0.0 1031
 4.700 1035.0  90  36  45   0.781   0.0   0.0 1027
 4.700 1037.5  90  36  48   0.781   0.0   0.0 1037
 4.700 1042.5  90  36  45   0.781   0.0   0.0 1041
 4.700 1047.5  90  36  48   0.781   0.0   0.0 1046
 4.700 1050.0  90  36  51   0.781   0.0   0.0 1047
 4.700 1052.5  90  36  48   0.781   0.0   0.0 1050
 4.700 1057.5  90  36  48   0.781   0.0   0.0 1055
 4.700 1060.0  90  36  48   0.781   0.0   0.0 1057
 4.700 1065.0  90  36  45   0.781   0.0   0.0 1065
 4.700 1070.0  90  36  45   0.781   0.0   0.0 1069
 4.700  427.5 -90  36  51   0.781   0.0   0.0  427
 4.700  430.0 -90  36  63   0.781   0.0   0.0  429
 4.700  432.5 -90  36  63   0.781   0.0   0.0  431
 4.700  435.0 -90  36  57   0.781   0.0   0.0  432
 4.700  437.5 -90  36  54   0.781   0.0   0.0  437
 4.700  442.5 -90  36  48   0.781   0.0   0.0  442
 4.700  445.0 -90  36  51   0.781   0.0   0.0  444
 4.700  447.5 -90  36  48   0.781   0.0   0.0  445
 4.700  532.5 -90  36  45   0.781 150.0  30.0  532
 4.700  860.0 -90  36  54   0.781   0.0   0.0  859
 4.700  862.5 -90  36  57   0.781   0.0   0.0  861
 4.700  865.0 -90  36  54   0.781   0.0   0.0  863
 4.700  867.5 -90  36  57   0.781   0.0   0.0  865
 4.700  870.0 -90  36  48   0.781   0.0   0.0  869
 4.700  872.5 -90  36  48   0.781   0.0   0.0  870
 4.700  877.5 -90  36  45   0.781   0.0   0.0  877
 4.700  880.0 -90  36  45   0.781   0.0   0.0  877
 4.750  527.5  90  42  57   0.781   0.0   0.0  527
 4.750  530.0  90  42  63   0.781   0.0   0.0  529
 4.750  532.5  90  42  63   0.781   0.0   0.0  531
 4.750  535.0  90  42  60   0.781   0.0   0.0  536
 4.750  537.5  90  42  60   0.781   0.0   0.0  537
 4.750  540.0  90  42  66   0.781   0.0   0.0  539
 4.750  542.5  90  42  60   0.781   0.0   0.0  540
 4.750  545.0  90  42  60   0.781   0.0   0.0  544
 4.750  550.0  90  42  54   0.781   0.0   0.0  550
 4.750  552.5  90  42  57   0.781   0.0   0.0  551
 4.750  555.0  90  42  60   0.781   0.0   0.0  554
 4.750  557.5  90  42  60   0.781   0.0   0.0  556
 4.750  560.0  90  42  51   0.781   0.0   0.0  560
 4.750  562.5  90  42  60   0.781   0.0   0.0  562
 4.750  565.0  90  42  57   0.781   0.0   0.0  563
 4.750  567.5  90  42  60   0.781   0.0   0.0  565
 4.750  572.5  90  42  51   0.781   0.0   0.0  570
 4.750  575.0  90  42  51   0.781   0.0   0.0  572
 4.750 1092.5  90  42  51   0.781   0.0   0.0 1090
 4.750  430.0 -90  39  48   0.781 330.0  30.0  427
 4.750  435.0 -90  39  60   0.781   0.0   0.0  435
 4.750  437.5 -90  39  63   0.781   0.0   0.0  435
 4.750  440.0 -90  39  57   0.781   0.0   0.0  438
 4.750  442.5 -90  39  51   0.781   0.0   0.0  443
 4.750  445.0 -90  39  54   0.781   0.0   0.0  444
 4.750  447.5 -90  39  54   0.781   0.0   0.0  445
 4.750  562.5 -90  39  48   0.781 150.0  30.0  562
 4.750  865.0 -90  39  51   0.781   0.0   0.0  866
 4.750  867.5 -90  39  54   0.781   0.0   0.0  865
 4.750  870.0 -90  39  57   0.781   0.0   0.0  868
 4.750  872.5 -90  39  54   0.781   0.0   0.0  870
 4.750  875.0 -90  39  51   0.781   0.0   0.0  873
 4.800  555.0  90  45  57   0.781   0.0   0.0  553
 4.800  557.5  90  45  57   0.781   0.0   0.0  557
 4.800  560.0  90  45  54   0.781   0.0   0.0  559
 4.800  565.0  90  45  57   0.781   0.0   0.0  565
 4.800  567.5  90  45  63   0.781   0.0   0.0  566
 4.800  572.5  90  45  63   0.781   0.0   0.0  571
 4.800  575.0  90  45  63   0.781   0.0   0.0  573
 4.800  577.5  90  45  57   0.781   0.0   0.0  576
 4.800  582.5  90  45  60   0.781   0.0   0.0  580
 4.800  435.0 -90  42  51   0.781   0.0   0.0  435
 4.800  437.5 -90  42  66   0.781   0.0   0.0  437
 4.800  440.0 -90  42  63   0.781   0.0   0.0  437
 4.800  442.5 -90  42  51   0.781   0.0   0.0  442
 4.800  445.0 -90  42  54   0.781   0.0   0.0  445
 4.800  447.5 -90  42  57   0.781   0.0   0.0  446
 4.800  452.5 -90  42  51   0.781   0.0   0.0  452
 4.800  455.0 -90  42  51   0.781   0.0   0.0  453
 4.800  875.0 -90  42  57   0.781   0.0   0.0  873
 4.800  877.5 -90  42  57   0.781   0.0   0.0  876
 4.800  880.0 -90  42  60   0.781   0.0   0.0  879
 4.800  882.5 -90  42  60   0.781   0.0   0.0  880
 4.800  890.0 -90  42  51   0.781   0.0   0.0  887
 4.850  612.5  90  48  57   0.781   0.0   0.0  610
 4.850  442.5 -90  48  63   0.781   0.0   0.0  442
 4.850  445.0 -90  48  66   0.781   0.0   0.0  443
 4.850  447.5 -90  48  63   0.781   0.0   0.0  447
 4.850  450.0 -90  48  57   0.781   0.0   0.0  449
 4.850  455.0 -90  48  60   0.781   0.0   0.0  455
 4.850  457.5 -90  48  60   0.781   0.0   0.0  457
 4.850  880.0 -90  48  57   0.781   0.0   0.0  879
 4.850  882.5 -90  48  57   0.781   0.0   0.0  880
 4.850  885.0 -90  48  60   0.781   0.0   0.0  883
 4.850  887.5 -90  48  60   0.781   0.0   0.0  885
 4.900  645.0  90  45  54   0.781   0.0   0.0  643
 4.900  660.0  90  45  54   0.781   0.0   0.0  657
 4.900  665.0  90  45  54   0.781   0.0   0.0  663
 4.900  685.0  90  45  54   0.781   0.0   0.0  684
 4.900  695.0  90  45  57   0.781   0.0   0.0  694
 4.900  702.5  90  45  54   0.781   0.0   0.0  702
 4.900  717.5  90  45  54   0.781   0.0   0.0  717
 4.900  732.5  90  45  54   0.781   0.0   0.0  732
 4.900  735.0  90  45  57   0.781   0.0   0.0  733
 4.900  737.5  90  45  57   0.781   0.0   0.0  736
 4.900  447.5 -90  51  60   0.781   0.0   0.0  446
 4.900  450.0 -90  51  60   0.781   0.0   0.0  449
 4.900  452.5 -90  51  63   0.781   0.0   0.0  451
 4.950  455.0 -90  51  63   0.781   0.0   0.0  454
 4.950  457.5 -90  51  63   0.781   0.0   0.0  455
 5.000  452.5 -90  39  51   0.781   0.0   0.0  452
 5.000  455.0 -90  39  51   0.781   0.0   0.0  453
 5.000  457.5 -90  39  57   0.781   0.0   0.0  457
 5.000  460.0 -90  39  66   0.781   0.0   0.0  459
 5.000  462.5 -90  39  63   0.781   0.0   0.0  460
 5.000  465.0 -90  39  60   0.781   0.0   0.0  463
 5.000  467.5 -90  39  54   0.781   0.0   0.0  468
 5.000  472.5 -90  39  51   0.781   0.0   0.0  471
 5.000  475.0 -90  39  48   0.781   0.0   0.0  473
 5.000  905.0 -90  39  48   0.781   0.0   0.0  904
 5.000  910.0 -90  39  51   0.781   0.0   0.0  908
 5.000  912.5 -90  39  54   0.781   0.0   0.0  912
 5.000  915.0 -90  39  54   0.781   0.0   0.0  913
 5.000  917.5 -90  39  57   0.781   0.0   0.0  916
 5.000  920.0 -90  39  51   0.781   0.0   0.0  917
 5.000  922.5 -90  39  54   0.781   0.0   0.0  921
 5.000  925.0 -90  39  54   0.781   0.0   0.0  923
 5.000  927.5 -90  39  51   0.781   0.0   0.0  925
 5.050  460.0 -90  42  54   0.781   0.0   0.0  460
 5.050  462.5 -90  42  54   0.781   0.0   0.0  466
 5.050  465.0 -90  42  69   0.781   0.0   0.0  464
 5.050  467.5 -90  42  69   0.781   0.0   0.0  466
 5.050  470.0 -90  42  63   0.781   0.0   0.0  468
 5.050  472.5 -90  42  51   0.781   0.0   0.0  468
 5.050  480.0 -90  42  51   0.781   0.0   0.0  478
 5.050  920.0 -90  42  54   0.781   0.0   0.0  918
 5.050  922.5 -90  42  54   0.781   0.0   0.0  921
 5.050  925.0 -90  42  57   0.781   0.0   0.0  924
 5.050  927.5 -90  42  60   0.781   0.0   0.0  925
 5.050  930.0 -90  42  54   0.781   0.0   0.0  928
 5.050  935.0 -90  42  54   0.781   0.0   0.0  934
 5.050  937.5 -90  42  57   0.781   0.0   0.0  935
 5.100  465.0 -90  42  54   0.781   0.0   0.0  465
 5.100  470.0 -90  42  54   0.781   0.0   0.0  469
 5.100  472.5 -90  42  63   0.781   0.0   0.0  472
 5.100  475.0 -90  42  57   0.781   0.0   0.0  472
 5.100  477.5 -90  42  51   0.781   0.0   0.0  476
 5.100  480.0 -90  42  57   0.781   0.0   0.0  480
 5.100  482.5 -90  42  57   0.781   0.0   0.0  481
 5.100  485.0 -90  42  51   0.781   0.0   0.0  482
 5.100  937.5 -90  42  51   0.781   0.0   0.0  936
 5.100  942.5 -90  42  57   0.781   0.0   0.0  941
 5.100  945.0 -90  42  57   0.781   0.0   0.0  943
 5.100  947.5 -90  42  57   0.781   0.0   0.0  945
 5.150   82.5  90  57  66   0.781 210.0  30.0   75
 5.150   85.0  90  57  66   0.781 210.0  30.0   92
 5.150  477.5 -90  57  66   0.781   0.0   0.0  476
 5.150  480.0 -90  57  66   0.781   0.0   0.0  478
 5.200  487.5 -90  60  72   0.781   0.0   0.0  487
 5.200  490.0 -90  60  72   0.781   0.0   0.0  488
 5.200  492.5 -90  60  69   0.781   0.0   0.0  491
 5.200  495.0 -90  60  69   0.781   0.0   0.0  493
 5.250  495.0 -90  57  69   0.781   0.0   0.0  493
 5.250  497.5 -90  57  69   0.781   0.0   0.0  496
 5.250  500.0 -90  57  72   0.781   0.0   0.0  499
 5.250  502.5 -90  57  72   0.781   0.0   0.0  501
 5.300  500.0 -90  48  60   0.781   0.0   0.0  500
 5.300  502.5 -90  48  63   0.781   0.0   0.0  501
 5.300  505.0 -90  48  66   0.781   0.0   0.0  504
 5.300  507.5 -90  48  63   0.781   0.0   0.0  506
 5.300  512.5 -90  48  60   0.781   0.0   0.0  511
 5.300  515.0 -90  48  60   0.781   0.0   0.0  514
 5.300  517.5 -90  48  60   0.781   0.0   0.0  515
 5.300  520.0 -90  48  57   0.781   0.0   0.0  519
 5.300  522.5 -90  48  57   0.781   0.0   0.0  521
 5.300  525.0 -90  48  57   0.781   0.0   0.0  523
 5.300 1025.0 -90  48  57   0.781   0.0   0.0 1023
 5.350 1282.5  90  42  51   3.906 210.0  30.0 1273
 5.350  510.0 -90  45  54   0.781   0.0   0.0  509
 5.350  512.5 -90  45  60   0.781   0.0   0.0  511
 5.350  515.0 -90  45  63   0.781   0.0   0.0  514
 5.350  517.5 -90  45  57   0.781   0.0   0.0  516
 5.350  520.0 -90  45  63   0.781   0.0   0.0  519
 5.350  522.5 -90  45  66   0.781   0.0   0.0  521
 5.350  525.0 -90  45  60   0.781   0.0   0.0  527
 5.350  527.5 -90  45  69   0.781   0.0   0.0  526
 5.350  530.0 -90  45  66   0.781   0.0   0.0  528
 5.350  532.5 -90  45  60   0.781   0.0   0.0  531
 5.350  537.5 -90  45  60   0.781   0.0   0.0  536
 5.350  540.0 -90  45  57   0.781   0.0   0.0  538
 5.350  542.5 -90  45  54   0.781   0.0   0.0  544
 5.350  545.0 -90  45  57   0.781   0.0   0.0  544
 5.350  547.5 -90  45  54   0.781   0.0   0.0  546
 5.400  525.0 -90  45  54   0.781   0.0   0.0  521
 5.400  527.5 -90  45  54   0.781   0.0   0.0  529
 5.400  530.0 -90  45  60   0.781   0.0   0.0  528
 5.400  532.5 -90  45  57   0.781   0.0   0.0  531
 5.400  535.0 -90  45  63   0.781   0.0   0.0  535
 5.400  537.5 -90  45  66   0.781   0.0   0.0  537
 5.400  542.5 -90  45  63   0.781   0.0   0.0  540
 5.400  545.0 -90  45  60   0.781   0.0   0.0  543
 5.400  547.5 -90  45  57   0.781   0.0   0.0  550
 5.400  550.0 -90  45  63   0.781   0.0   0.0  548
 5.400  555.0 -90  45  54   0.781   0.0   0.0  555
 5.400  557.5 -90  45  57   0.781   0.0   0.0  553
 5.400  560.0 -90  45  54   0.781   0.0   0.0  560
 5.400  562.5 -90  45  57   0.781   0.0   0.0  561
 5.450  547.5 -90  48  60   0.781   0.0   0.0  547
 5.450  552.5 -90  48  60   0.781   0.0   0.0  552
 5.450  555.0 -90  48  60   0.781   0.0   0.0  554
 5.450  557.5 -90  48  57   0.781   0.0   0.0  557
 5.450  560.0 -90  48  57   0.781   0.0   0.0  559
 5.450  562.5 -90  48  60   0.781   0.0   0.0  561
 5.450  565.0 -90  48  63   0.781   0.0   0.0  564
 5.450  567.5 -90  48  60   0.781   0.0   0.0  566
 5.450  572.5 -90  48  60   0.781   0.0   0.0  571
 5.450  575.0 -90  48  60   0.781   0.0   0.0  574
 5.450  580.0 -90  48  57   0.781   0.0   0.0  578
 5.450  592.5 -90  48  60   0.781   0.0   0.0  590
 5.450  595.0 -90  48  60   0.781   0.0   0.0  594
 5.450  597.5 -90  48  60   0.781   0.0   0.0  595
 5.500  580.0 -90  42  57   0.781   0.0   0.0  578
 5.500  585.0 -90  42  54   0.781   0.0   0.0  585
 5.500  587.5 -90  42  57   0.781   0.0   0.0  586
 5.500  590.0 -90  42  57   0.781   0.0   0.0  588
 5.500  595.0 -90  42  54   0.781   0.0   0.0  595
 5.500  597.5 -90  42  60   0.781   0.0   0.0  596
 5.500  602.5 -90  42  57   0.781   0.0   0.0  601
 5.500  605.0 -90  42  60   0.781   0.0   0.0  604
 5.500  610.0 -90  42  54   0.781   0.0   0.0  608
 5.500  612.5 -90  42  57   0.781   0.0   0.0  611
 5.500  615.0 -90  42  60   0.781   0.0   0.0  614
 5.500  617.5 -90  42  60   0.781   0.0   0.0  615
 5.500  620.0 -90  42  54   0.781   0.0   0.0  620
 5.500  622.5 -90  42  60   0.781   0.0   0.0  621
 5.500  625.0 -90  42  57   0.781   0.0   0.0  622
 5.500  627.5 -90  42  54   0.781   0.0   0.0  627
 5.500  630.0 -90  42  57   0.781   0.0   0.0  628
 5.500  632.5 -90  42  57   0.781   0.0   0.0  632
 5.500  635.0 -90  42  60   0.781   0.0   0.0  634
 5.500  637.5 -90  42  60   0.781   0.0   0.0  636
 5.500  640.0 -90  42  57   0.781   0.0   0.0  638
 5.500  642.5 -90  42  51   0.781   0.0   0.0  641
 5.500  647.5 -90  42  51   0.781   0.0   0.0  645
 5.500  650.0 -90  42  51   0.781   0.0   0.0  648
 5.500  660.0 -90  42  51   0.781   0.0   0.0  657
 5.500  665.0 -90  42  51   0.781   0.0   0.0  664
 5.500  667.5 -90  42  51   0.781   0.0   0.0  666
 5.500  670.0 -90  42  51   0.781   0.0   0.0  667
 5.550  620.0 -90  42  54   0.781   0.0   0.0  619
 5.550  622.5 -90  42  51   0.781   0.0   0.0  621
 5.550  625.0 -90  42  51   0.781   0.0   0.0  623
 5.550  637.5 -90  42  51   0.781   0.0   0.0  637
 5.550  645.0 -90  42  51   0.781   0.0   0.0  644
 5.550  647.5 -90  42  51   0.781   0.0   0.0  646
 5.550  650.0 -90  42  54   0.781   0.0   0.0  649
 5.550  652.5 -90  42  51   0.781   0.0   0.0  651
 5.550  657.5 -90  42  51   0.781   0.0   0.0  656
 5.550  660.0 -90  42  51   0.781   0.0   0.0  658
 5.550  662.5 -90  42  54   0.781   0.0   0.0  662
 5.550  665.0 -90  42  51   0.781   0.0   0.0  663
 5.550  670.0 -90  42  51   0.781   0.0   0.0  669
 5.550  672.5 -90  42  54   0.781   0.0   0.0  671
 5.550  677.5 -90  42  51   0.781   0.0   0.0  676
 5.550  680.0 -90  42  54   0.781   0.0   0.0  679
 5.550  682.5 -90  42  51   0.781   0.0   0.0  681
 5.550  705.0 -90  42  51   0.781   0.0   0.0  704
 5.550  707.5 -90  42  51   0.781   0.0   0.0  705
 5.550  715.0 -90  42  51   0.781   0.0   0.0  715
 5.550  717.5 -90  42  54   0.781   0.0   0.0  715
 5.550  722.5 -90  42  51   0.781   0.0   0.0  720
 5.550  730.0 -90  42  54   0.781   0.0   0.0  729
 5.550  732.5 -90  42  54   0.781   0.0   0.0  731
 5.550  735.0 -90  42  51   0.781   0.0   0.0  736
 5.550  737.5 -90  42  54   0.781   0.0   0.0  735
 5.550  740.0 -90  42  51   0.781   0.0   0.0  738
 5.550  745.0 -90  42  51   0.781   0.0   0.0  744
 5.550  747.5 -90  42  51   0.781   0.0   0.0  746
 5.550  750.0 -90  42  54   0.781   0.0   0.0  750
 5.550  752.5 -90  42  51   0.781   0.0   0.0  750
 5.550  780.0 -90  42  51   0.781   0.0   0.0  778
 5.550  782.5 -90  42  51   0.781   0.0   0.0  780
 5.550  822.5 -90  42  51   0.781   0.0   0.0  821
 5.600  105.0  90  36  45   0.781  90.0  30.0  117
 5.600  107.5  90  36  45   0.781 270.0  30.0   94
 5.600  110.0  90  36  45  -0.781  90.0  30.0  124
 5.600  107.5 -90  36  45  -0.781  90.0  30.0  118
 5.600  110.0 -90  36  45   0.781  90.0  30.0  118
 5.650  107.5  90  36  54   0.781  90.0  30.0  115
 5.650  110.0  90  36  51   0.781  90.0  30.0  123
 5.650  112.5  90  36  45  -0.781  90.0  30.0  117
 5.650  107.5 -90  36  51   0.781  90.0  30.0  115
 5.650  110.0 -90  36  51   0.781  90.0  30.0  119
 5.650  460.0 -90  36  45   0.781 150.0  30.0  447
 5.700 1202.5  90  33  42  -3.906 270.0  30.0 1190
 5.850  117.5 -90  51  60  -0.781  90.0  30.0  119
 5.850  122.5 -90  51  60  -0.781  90.0  30.0  119
 5.850  125.0 -90  51  63  -0.781  90.0  30.0  122
 5.850  127.5 -90  51  60  -0.781  90.0  30.0  127
 5.850  130.0 -90  51  60  -0.781  90.0  30.0  128
 5.850  132.5 -90  51  60  -0.781  90.0  30.0  129
 5.850  135.0 -90  51  60  -0.781  90.0  30.0  134
 5.850  137.5 -90  51  60  -0.781  90.0  30.0  137
 5.850  140.0 -90  51  60  -0.781  90.0  30.0  137
 5.850  142.5 -90  51  60  -0.781  90.0  30.0  140
 5.850  145.0 -90  51  60  -0.781  90.0  30.0  144
 5.850  150.0 -90  51  60  -0.781  90.0  30.0  147
 5.850  152.5 -90  51  60  -0.781  90.0  30.0  150
 5.850  160.0 -90  51  60  -0.781  90.0  30.0  157
 5.900 1277.5 -90  54  63  -5.469  90.0  30.0 1286
 5.900 1282.5 -90  54  63  -5.469  90.0  30.0 1289
 6.050   80.0  90  45  54   5.469 330.0  30.0   67
 6.050  335.0  90  45  54   2.344 330.0  30.0  324
 6.050  755.0  90  45  54   0.781 330.0  30.0  745
 6.050  757.5  90  45  54   0.781 330.0  30.0  743
 6.050  937.5  90  45  54   0.781 330.0  30.0  944
 6.700  875.0 -90  39  48  -0.781 270.0  30.0  889
 6.800   85.0 -90  36  45  -0.781 270.0  30.0   71
 6.800   90.0 -90  36  45  -0.781 270.0  30.0  102
 6.800   95.0 -90  36  45  -0.781 270.0  30.0  106
 6.950  320.0  90  36  45   5.469 330.0  30.0  327
 6.950  325.0  90  36  45  -0.781 330.0  30.0  335
 6.950  335.0  90  36  45  -2.344 330.0  30.0  338
 7.100 1252.5 -90  39  48   2.344 270.0  30.0 1254
 7.800  445.0  90  36  45  -3.906   0.0   0.0  431
 9.800  930.0 -90  39  48   5.469  30.0  30.0  917
 9.800  997.5 -90  39  48   5.469  30.0  30.0  984
 9.800 1185.0 -90  39  48   5.469  30.0  30.0 1193
 9.800 1260.0 -90  39  48   5.469  30.0  30.0 1259
10.450   87.5 -90  33  42  -0.781   0.0   0.0   84
10.450   97.5 -90  33  42  -0.781   0.0   0.0   95
10.450  177.5 -90  33  42   0.781   0.0   0.0  174
10.450  207.5 -90  33  42   0.781   0.0   0.0  203
10.450  257.5 -90  33  42  -0.781   0.0   0.0  253
10.450  267.5 -90  33  42   0.781 330.0  30.0  270
10.450  277.5 -90  33  42   0.781   0.0   0.0  272
10.450  297.5 -90  33  42   0.781  90.0  30.0  294
10.450  327.5 -90  33  42   0.781   0.0   0.0  323
10.500  837.5  90  54  63   0.781 330.0  30.0  845
10.500  840.0  90  54  63   0.781 330.0  30.0  848
10.500  872.5  90  54  63   0.781 330.0  30.0  880
10.500  900.0  90  54  63  -0.781 330.0  30.0  907
10.500  902.5  90  54  63  -0.781 330.0  30.0  909
11.900  127.5  90  30  39  -2.344 270.0  30.0  122
