2023.03.28 (087) 00:00:00.000
Station name: EL ARENOSILLO
URSI code: EA036
Ionosonde model: DPS-4D
  Freq  Range Pol MPA Amp Doppler    Az    Zn  PGH
 1.000  165.0 -90  63  72   2.344 270.0  30.0  150
 1.100   92.5 -90  69  78  -2.344 330.0  30.0   82
 1.100  110.0 -90  69  78  -2.344 330.0  30.0   99
 1.350   80.0  90  60  69  -2.344 270.0  30.0   71
 1.400   87.5 -90  57  69  -0.781   0.0   0.0   89
 1.400 1017.5 -90  57  66  -2.344 330.0  30.0 1030
 1.450  302.5  90  60  69   0.781   0.0   0.0  308
 1.450 1255.0  90  60  69  -3.906 270.0  30.0 1242
 1.450 1267.5  90  60  69  -3.906 270.0  30.0 1254
 1.500  302.5  90  60  69  -0.781   0.0   0.0  308
 1.500  305.0  90  60  69  -0.781   0.0   0.0  310
 1.550  305.0  90  60  69   0.781   0.0   0.0  309
 1.550   87.5 -90  60  69   0.781  30.0  30.0   90
 1.650  305.0  90  48  66  -0.781   0.0   0.0  311
 1.650  307.5  90  48  69  -0.781   0.0   0.0  311
 1.650  617.5  90  48  57  -0.781   0.0   0.0  622
 1.650 1240.0  90  48  57  -0.781 330.0  30.0 1245
 1.650   85.0 -90  48  60  -0.781   0.0   0.0   92
 1.650   87.5 -90  48  66  -0.781   0.0   0.0   91
 1.700   80.0  90  42  54  -0.781  90.0  30.0   88
 1.700  305.0  90  42  57  -0.781   0.0   0.0  313
 1.700  307.5  90  42  72  -0.781   0.0   0.0  312
 1.700  310.0  90  42  63  -0.781   0.0   0.0  312
 1.700  617.5  90  42  54  -0.781   0.0   0.0  624
 1.700  620.0  90  42  57  -0.781   0.0   0.0  624
 1.700  622.5  90  42  57  -0.781   0.0   0.0  626
 1.700  625.0  90  42  57  -0.781   0.0   0.0  629
 1.700  627.5  90  42  54  -0.781   0.0   0.0  632
 1.700  930.0  90  42  57  -0.781   0.0   0.0  934
 1.700 1240.0  90  42  57  -0.781   0.0   0.0 1247
 1.700 1242.5  90  42  60  -0.781   0.0   0.0 1246
 1.700 1245.0  90  42  57  -0.781   0.0   0.0 1249
 1.700   85.0 -90  45  57  -0.781   0.0   0.0   90
 1.700   87.5 -90  45  60  -0.781   0.0   0.0   92
 1.750   80.0  90  45  57  -0.781   0.0   0.0   89
 1.750   82.5  90  45  54  -0.781 150.0  30.0   92
 1.750  307.5  90  45  66  -0.781   0.0   0.0  313
 1.750  310.0  90  45  69  -0.781   0.0   0.0  313
 1.750  312.5  90  45  54  -0.781  90.0  30.0  315
 1.750  395.0  90  45  54  -0.781   0.0   0.0  407
 1.750  620.0  90  45  60  -0.781   0.0   0.0  626
 1.750  622.5  90  45  60  -0.781   0.0   0.0  625
 1.750  625.0  90  45  57  -0.781   0.0   0.0  630
 1.750  932.5  90  45  57  -0.781   0.0   0.0  939
 1.750  935.0  90  45  60  -0.781   0.0   0.0  939
 1.750 1242.5  90  45  57  -0.781   0.0   0.0 1248
 1.750 1245.0  90  45  57  -0.781   0.0   0.0 1249
 1.750 1247.5  90  45  54  -0.781   0.0   0.0 1252
 1.750 1250.0  90  45  54  -0.781   0.0   0.0 1255
 1.750  325.0 -90  45  54  -0.781   0.0   0.0  329
 1.800   85.0  90  45  57  -0.781   0.0   0.0   95
 1.800   87.5  90  45  54  -0.781   0.0   0.0   97
 1.800  307.5  90  45  60  -0.781   0.0   0.0  314
 1.800  310.0  90  45  72  -0.781   0.0   0.0  314
 1.800  312.5  90  45  60  -0.781   0.0   0.0  314
 1.800  622.5  90  45  60  -0.781   0.0   0.0  628
 1.800  625.0  90  45  57  -0.781   0.0   0.0  629
 1.800  627.5  90  45  57  -0.781   0.0   0.0  631
 1.800  937.5  90  45  54  -0.781   0.0   0.0  943
 1.800  940.0  90  45  57  -0.781   0.0   0.0  945
 1.800  942.5  90  45  54  -0.781   0.0   0.0  945
 1.800 1247.5  90  45  57  -0.781   0.0   0.0 1253
 1.800 1250.0  90  45  60  -0.781   0.0   0.0 1254
 1.800 1252.5  90  45  54  -0.781   0.0   0.0 1259
 1.850   87.5  90  45  54  -0.781   0.0   0.0   97
 1.850   90.0  90  45  60  -0.781   0.0   0.0  100
 1.850   92.5  90  45  54  -0.781   0.0   0.0  100
 1.850  120.0  90  45  57  -0.781   0.0   0.0  130
 1.850  310.0  90  45  69  -0.781   0.0   0.0  315
 1.850  312.5  90  45  66  -0.781   0.0   0.0  315
 1.850  625.0  90  45  63  -0.781   0.0   0.0  631
 1.850  627.5  90  45  63  -0.781   0.0   0.0  632
 1.850  630.0  90  45  57  -0.781   0.0   0.0  633
 1.850  937.5  90  45  54  -0.781   0.0   0.0  945
 1.850  940.0  90  45  66  -0.781   0.0   0.0  945
 1.850  945.0  90  45  57  -0.781   0.0   0.0  949
 1.850 1250.0  90  45  54  -0.781   0.0   0.0 1255
 1.850 1252.5  90  45  54  -0.781   0.0   0.0 1256
 1.850 1255.0  90  45  57  -0.781   0.0   0.0 1261
 1.850 1257.5  90  45  57  -0.781   0.0   0.0 1261
 1.850  320.0 -90  45  57  -0.781   0.0   0.0  326
 1.850  322.5 -90  45  54   0.781   0.0   0.0  326
 1.900   95.0  90  45  54  -0.781   0.0   0.0  105
 1.900  310.0  90  45  63  -0.781   0.0   0.0  316
 1.900  312.5  90  45  72  -0.781   0.0   0.0  317
 1.900  315.0  90  45  57  -0.781   0.0   0.0  316
 1.900  317.5  90  45  54  -0.781 210.0  30.0  323
 1.900  627.5  90  45  60  -0.781   0.0   0.0  632
 1.900  632.5  90  45  60  -0.781   0.0   0.0  637
 1.900  635.0  90  45  57  -0.781   0.0   0.0  639
 1.900  942.5  90  45  63  -0.781   0.0   0.0  947
 1.900  947.5  90  45  57  -0.781   0.0   0.0  953
 1.900  950.0  90  45  54  -0.781 330.0  30.0  955
 1.900 1255.0  90  45  60  -0.781   0.0   0.0 1261
 1.900 1257.5  90  45  66  -0.781   0.0   0.0 1262
 1.900 1260.0  90  45  63  -0.781   0.0   0.0 1263
 1.900  320.0 -90  45  60  -0.781   0.0   0.0  325
 1.900  322.5 -90  45  60  -0.781   0.0   0.0  326
 1.950  102.5  90  45  54  -0.781   0.0   0.0  111
 1.950  312.5  90  45  72  -0.781   0.0   0.0  318
 1.950  315.0  90  45  69  -0.781   0.0   0.0  318
 1.950  630.0  90  45  63  -0.781   0.0   0.0  635
 1.950  632.5  90  45  60  -0.781   0.0   0.0  636
 1.950  635.0  90  45  60  -0.781   0.0   0.0  639
 1.950  637.5  90  45  54  -0.781   0.0   0.0  641
 1.950  640.0  90  45  54  -0.781 210.0  30.0  647
 1.950  642.5  90  45  54  -0.781 270.0  30.0  649
 1.950  645.0  90  45  54  -0.781   0.0   0.0  649
 1.950  945.0  90  45  63  -0.781   0.0   0.0  950
 1.950  947.5  90  45  66  -0.781   0.0   0.0  952
 1.950  950.0  90  45  54  -0.781 330.0  30.0  951
 1.950 1260.0  90  45  57  -0.781   0.0   0.0 1264
 1.950 1262.5  90  45  60  -0.781   0.0   0.0 1267
 1.950 1265.0  90  45  60  -0.781   0.0   0.0 1268
 1.950   97.5 -90  42  51   3.906  90.0  30.0  112
 1.950  132.5 -90  42  51   5.469  90.0  30.0  133
 1.950  145.0 -90  42  51   3.906  90.0  30.0  149
 1.950  197.5 -90  42  51   5.469 150.0  30.0  183
 1.950  315.0 -90  42  51  -0.781  90.0  30.0  315
 1.950  317.5 -90  42  57  -0.781   0.0   0.0  324
 1.950  320.0 -90  42  63  -0.781   0.0   0.0  324
 1.950  322.5 -90  42  60  -0.781   0.0   0.0  327
 1.950  425.0 -90  42  51   0.781  90.0  30.0  421
 1.950  642.5 -90  42  51  -0.781   0.0   0.0  646
 2.000  312.5  90  48  69  -0.781   0.0   0.0  319
 2.000  315.0  90  48  75  -0.781   0.0   0.0  319
 2.000  317.5  90  48  57  -0.781   0.0   0.0  319
 2.000  632.5  90  48  63  -0.781   0.0   0.0  637
 2.000  947.5  90  48  60  -0.781   0.0   0.0  953
 2.000  950.0  90  48  69  -0.781   0.0   0.0  954
 2.000 1267.5  90  48  66  -0.781   0.0   0.0 1273
 2.000 1270.0  90  48  63  -0.781   0.0   0.0 1274
 2.000  137.5 -90  45  54  -3.906  90.0  30.0  124
 2.000  317.5 -90  45  63  -0.781   0.0   0.0  323
 2.000  320.0 -90  45  63  -0.781   0.0   0.0  322
 2.000  322.5 -90  45  57   0.781  90.0  30.0  325
 2.000  570.0 -90  45  54   5.469  90.0  30.0  558
 2.000  642.5 -90  45  57  -0.781   0.0   0.0  647
 2.050  110.0  90  45  54  -0.781  30.0  30.0  117
 2.050  312.5  90  45  57   0.781   0.0   0.0  321
 2.050  315.0  90  45  72  -0.781   0.0   0.0  320
 2.050  317.5  90  45  66  -0.781   0.0   0.0  320
 2.050  632.5  90  45  57  -0.781   0.0   0.0  639
 2.050  635.0  90  45  60  -0.781   0.0   0.0  638
 2.050  637.5  90  45  63  -0.781   0.0   0.0  642
 2.050  640.0  90  45  57  -0.781   0.0   0.0  644
 2.050  650.0  90  45  54  -0.781   0.0   0.0  655
 2.050  950.0  90  45  54  -0.781   0.0   0.0  957
 2.050  952.5  90  45  66  -0.781   0.0   0.0  958
 2.050  955.0  90  45  63  -0.781   0.0   0.0  959
 2.050  960.0  90  45  60  -0.781   0.0   0.0  965
 2.050 1267.5  90  45  57  -0.781   0.0   0.0 1276
 2.050 1270.0  90  45  63  -0.781   0.0   0.0 1274
 2.050 1272.5  90  45  63  -0.781   0.0   0.0 1276
 2.050 1275.0  90  45  60  -0.781   0.0   0.0 1279
 2.050 1277.5  90  45  57  -0.781 330.0  30.0 1281
 2.050  317.5 -90  45  63  -0.781   0.0   0.0  323
 2.050  320.0 -90  45  66  -0.781   0.0   0.0  324
 2.050  322.5 -90  45  54  -0.781  90.0  30.0  324
 2.050 1180.0 -90  45  54  -5.469 330.0  30.0 1195
 2.050 1195.0 -90  45  54  -5.469 330.0  30.0 1182
 2.050 1200.0 -90  45  54  -5.469 270.0  30.0 1187
 2.050 1202.5 -90  45  54  -5.469 330.0  30.0 1197
 2.050 1205.0 -90  45  54  -5.469 270.0  30.0 1214
 2.050 1207.5 -90  45  54  -5.469 270.0  30.0 1195
 2.050 1210.0 -90  45  54  -5.469 330.0  30.0 1196
 2.050 1212.5 -90  45  54   3.906 330.0  30.0 1217
 2.050 1215.0 -90  45  54   3.906 330.0  30.0 1221
 2.050 1217.5 -90  45  54   3.906 330.0  30.0 1218
 2.050 1220.0 -90  45  54  -5.469 330.0  30.0 1230
 2.050 1222.5 -90  45  54  -5.469 270.0  30.0 1233
 2.050 1225.0 -90  45  54  -5.469 330.0  30.0 1232
 2.050 1227.5 -90  45  54   5.469 330.0  30.0 1236
 2.050 1230.0 -90  45  54   3.906 330.0  30.0 1234
 2.050 1232.5 -90  45  54  -5.469 330.0  30.0 1243
 2.050 1235.0 -90  45  54   5.469 330.0  30.0 1243
 2.050 1237.5 -90  45  54   3.906 330.0  30.0 1234
 2.050 1240.0 -90  45  57   3.906 330.0  30.0 1244
 2.050 1242.5 -90  45  54  -5.469 330.0  30.0 1252
 2.050 1245.0 -90  45  54   3.906 330.0  30.0 1246
 2.050 1247.5 -90  45  54   5.469 270.0  30.0 1251
 2.050 1250.0 -90  45  54   3.906 330.0  30.0 1249
 2.050 1252.5 -90  45  54  -5.469 330.0  30.0 1258
 2.050 1255.0 -90  45  54   5.469 270.0  30.0 1262
 2.050 1257.5 -90  45  54  -5.469 330.0  30.0 1272
 2.050 1260.0 -90  45  54  -5.469 270.0  30.0 1250
 2.050 1262.5 -90  45  54   5.469 330.0  30.0 1267
 2.050 1265.0 -90  45  54  -5.469 330.0  30.0 1256
 2.050 1267.5 -90  45  54  -5.469 330.0  30.0 1259
 2.050 1270.0 -90  45  54  -5.469 330.0  30.0 1262
 2.050 1272.5 -90  45  54  -5.469 330.0  30.0 1263
 2.050 1275.0 -90  45  57   3.906 330.0  30.0 1274
 2.050 1277.5 -90  45  54   3.906 330.0  30.0 1276
 2.050 1280.0 -90  45  54   3.906 330.0  30.0 1274
 2.050 1282.5 -90  45  54   3.906 330.0  30.0 1276
 2.100  117.5  90  45  54  -0.781 210.0  30.0  126
 2.100  315.0  90  45  66  -0.781   0.0   0.0  321
 2.100  317.5  90  45  69  -0.781   0.0   0.0  320
 2.100  635.0  90  45  63  -0.781   0.0   0.0  642
 2.100  637.5  90  45  72  -0.781   0.0   0.0  642
 2.100  640.0  90  45  60  -0.781   0.0   0.0  643
 2.100  645.0  90  45  54  -0.781 270.0  30.0  648
 2.100  652.5  90  45  54  -0.781   0.0   0.0  656
 2.100  955.0  90  45  66  -0.781   0.0   0.0  960
 2.100  957.5  90  45  66  -0.781   0.0   0.0  961
 2.100  962.5  90  45  54  -0.781   0.0   0.0  966
 2.100  970.0  90  45  54  -0.781 210.0  30.0  975
 2.100 1270.0  90  45  54  -0.781 270.0  30.0 1280
 2.100 1272.5  90  45  60  -0.781   0.0   0.0 1277
 2.100 1275.0  90  45  66  -0.781   0.0   0.0 1280
 2.100 1277.5  90  45  60  -0.781   0.0   0.0 1280
 2.100 1280.0  90  45  54  -0.781   0.0   0.0 1284
 2.100  317.5 -90  45  60  -0.781   0.0   0.0  323
 2.100  320.0 -90  45  63  -0.781   0.0   0.0  324
 2.100  325.0 -90  45  57  -0.781   0.0   0.0  331
 2.150  120.0  90  45  54  -0.781   0.0   0.0  131
 2.150  315.0  90  45  57  -0.781   0.0   0.0  320
 2.150  317.5  90  45  72  -0.781   0.0   0.0  322
 2.150  320.0  90  45  63  -0.781   0.0   0.0  323
 2.150  637.5  90  45  66  -0.781   0.0   0.0  644
 2.150  640.0  90  45  63  -0.781   0.0   0.0  644
 2.150  642.5  90  45  54  -0.781   0.0   0.0  647
 2.150  645.0  90  45  54   0.781   0.0   0.0  649
 2.150  647.5  90  45  54  -0.781 330.0  30.0  651
 2.150  957.5  90  45  60  -0.781   0.0   0.0  963
 2.150  960.0  90  45  69  -0.781   0.0   0.0  965
 2.150  962.5  90  45  60  -0.781   0.0   0.0  966
 2.150  965.0  90  45  63  -0.781   0.0   0.0  970
 2.150  970.0  90  45  54  -0.781 150.0  30.0  975
 2.150 1277.5  90  45  57  -0.781   0.0   0.0 1282
 2.150 1280.0  90  45  63  -0.781   0.0   0.0 1285
 2.150 1282.5  90  45  57  -0.781   0.0   0.0 1288
 2.150  317.5 -90  45  63  -0.781   0.0   0.0  323
 2.150  320.0 -90  45  66  -0.781   0.0   0.0  324
 2.150  325.0 -90  45  54  -0.781   0.0   0.0  328
 2.150  642.5 -90  45  54  -0.781   0.0   0.0  648
 2.150  645.0 -90  45  54  -0.781   0.0   0.0  648
 2.200  317.5  90  48  69  -0.781   0.0   0.0  323
 2.200  320.0  90  48  72  -0.781   0.0   0.0  323
 2.200  322.5  90  48  57  -0.781   0.0   0.0  326
 2.200  640.0  90  48  66  -0.781   0.0   0.0  646
 2.200  642.5  90  48  66  -0.781   0.0   0.0  646
 2.200  645.0  90  48  57  -0.781 150.0  30.0  649
 2.200  647.5  90  48  57  -0.781   0.0   0.0  653
 2.200  962.5  90  48  57  -0.781   0.0   0.0  966
 2.200  965.0  90  48  57  -0.781   0.0   0.0  970
 2.200  967.5  90  48  57  -0.781   0.0   0.0  973
 2.200 1280.0  90  48  57  -0.781   0.0   0.0 1285
 2.200 1282.5  90  48  66  -0.781   0.0   0.0 1288
 2.200  317.5 -90  45  63  -0.781   0.0   0.0  324
 2.200  320.0 -90  45  69  -0.781   0.0   0.0  324
 2.200  322.5 -90  45  57  -0.781   0.0   0.0  325
 2.200  642.5 -90  45  60  -0.781   0.0   0.0  648
 2.200  645.0 -90  45  60  -0.781   0.0   0.0  649
 2.250  317.5  90  48  60  -0.781   0.0   0.0  324
 2.250  320.0  90  48  72  -0.781   0.0   0.0  324
 2.250  322.5  90  48  57  -0.781   0.0   0.0  323
 2.250  642.5  90  48  66  -0.781   0.0   0.0  647
 2.250  647.5  90  48  57  -0.781 330.0  30.0  652
 2.250  965.0  90  48  63  -0.781   0.0   0.0  971
 2.250  967.5  90  48  69  -0.781   0.0   0.0  972
 2.250  970.0  90  48  63  -0.781   0.0   0.0  974
 2.250  975.0  90  48  57  -0.781   0.0   0.0  979
 2.250  317.5 -90  45  60  -0.781   0.0   0.0  324
 2.250  320.0 -90  45  72  -0.781   0.0   0.0  325
 2.250  322.5 -90  45  63  -0.781   0.0   0.0  325
 2.250  325.0 -90  45  60  -0.781   0.0   0.0  328
 2.250  642.5 -90  45  60  -0.781   0.0   0.0  649
 2.250  645.0 -90  45  60  -0.781   0.0   0.0  648
 2.250  647.5 -90  45  54  -0.781   0.0   0.0  654
 2.250  650.0 -90  45  54  -0.781   0.0   0.0  653
 2.250  965.0 -90  45  54  -0.781   0.0   0.0  970
 2.250  967.5 -90  45  57  -0.781   0.0   0.0  972
 2.300  320.0  90  48  69  -0.781   0.0   0.0  325
 2.300  322.5  90  48  69  -0.781   0.0   0.0  325
 2.300  645.0  90  48  66  -0.781   0.0   0.0  650
 2.300  647.5  90  48  57  -0.781   0.0   0.0  653
 2.300  650.0  90  48  60  -0.781   0.0   0.0  653
 2.300  652.5  90  48  57  -0.781 330.0  30.0  657
 2.300  967.5  90  48  60  -0.781   0.0   0.0  973
 2.300  970.0  90  48  60  -0.781   0.0   0.0  972
 2.300  317.5 -90  45  54  -0.781   0.0   0.0  324
 2.300  320.0 -90  45  72  -0.781   0.0   0.0  325
 2.300  322.5 -90  45  60  -0.781   0.0   0.0  325
 2.300  642.5 -90  45  54  -0.781   0.0   0.0  648
 2.300  645.0 -90  45  60  -0.781   0.0   0.0  649
 2.300  647.5 -90  45  57  -0.781   0.0   0.0  651
 2.300  967.5 -90  45  57  -0.781   0.0   0.0  972
 2.300  970.0 -90  45  54  -0.781 270.0  30.0  975
 2.350  320.0  90  48  63  -0.781   0.0   0.0  327
 2.350  322.5  90  48  69  -0.781   0.0   0.0  326
 2.350  647.5  90  48  66  -0.781   0.0   0.0  652
 2.350  650.0  90  48  63  -0.781   0.0   0.0  654
 2.350  972.5  90  48  63  -0.781   0.0   0.0  977
 2.350  975.0  90  48  57  -0.781   0.0   0.0  979
 2.350  980.0  90  48  57  -0.781   0.0   0.0  985
 2.350  320.0 -90  45  69  -0.781   0.0   0.0  326
 2.350  322.5 -90  45  66  -0.781   0.0   0.0  326
 2.350  325.0 -90  45  57  -0.781 210.0  30.0  328
 2.350  645.0 -90  45  66  -0.781   0.0   0.0  650
 2.350  647.5 -90  45  60  -0.781   0.0   0.0  651
 2.350  650.0 -90  45  54  -0.781   0.0   0.0  655
 2.350  970.0 -90  45  54  -0.781   0.0   0.0  976
 2.400  322.5  90  48  69  -0.781   0.0   0.0  327
 2.400  325.0  90  48  66  -0.781   0.0   0.0  328
 2.400  650.0  90  48  66  -0.781   0.0   0.0  655
 2.400  652.5  90  48  66  -0.781   0.0   0.0  656
 2.400  655.0  90  48  57  -0.781 210.0  30.0  658
 2.400  975.0  90  48  66  -0.781   0.0   0.0  981
 2.400  977.5  90  48  63  -0.781   0.0   0.0  981
 2.400  980.0  90  48  63  -0.781   0.0   0.0  985
 2.400  987.5  90  48  57  -0.781   0.0   0.0  992
 2.400  320.0 -90  48  69  -0.781   0.0   0.0  326
 2.400  322.5 -90  48  72  -0.781   0.0   0.0  326
 2.400  645.0 -90  48  57  -0.781   0.0   0.0  651
 2.400  647.5 -90  48  57  -0.781   0.0   0.0  650
 2.400  650.0 -90  48  57  -0.781   0.0   0.0  655
 2.400  652.5 -90  48  57  -0.781   0.0   0.0  656
 2.450  322.5  90  48  66  -0.781   0.0   0.0  328
 2.450  325.0  90  48  72  -0.781   0.0   0.0  329
 2.450  327.5  90  48  60  -0.781   0.0   0.0  330
 2.450  650.0  90  48  57  -0.781 330.0  30.0  657
 2.450  652.5  90  48  60  -0.781   0.0   0.0  655
 2.450  655.0  90  48  60  -0.781   0.0   0.0  660
 2.450  657.5  90  48  60  -0.781   0.0   0.0  662
 2.450  977.5  90  48  60  -0.781   0.0   0.0  983
 2.450  980.0  90  48  57  -0.781   0.0   0.0  984
 2.450  982.5  90  48  66  -0.781   0.0   0.0  987
 2.450  987.5  90  48  57  -0.781 330.0  30.0  992
 2.450  320.0 -90  48  63  -0.781   0.0   0.0  326
 2.450  322.5 -90  48  75  -0.781   0.0   0.0  327
 2.450  325.0 -90  48  66  -0.781   0.0   0.0  328
 2.450  647.5 -90  48  60  -0.781   0.0   0.0  652
 2.450  650.0 -90  48  63  -0.781   0.0   0.0  654
 2.450  655.0 -90  48  57  -0.781   0.0   0.0  659
 2.550  325.0  90  51  69  -0.781   0.0   0.0  331
 2.550  327.5  90  51  75  -0.781   0.0   0.0  331
 2.550  655.0  90  51  63  -0.781   0.0   0.0  662
 2.550  657.5  90  51  66  -0.781   0.0   0.0  662
 2.550  660.0  90  51  63  -0.781   0.0   0.0  666
 2.550  662.5  90  51  60  -0.781   0.0   0.0  666
 2.550  985.0  90  51  69  -0.781   0.0   0.0  991
 2.550  987.5  90  51  66  -0.781   0.0   0.0  990
 2.550  992.5  90  51  60  -0.781   0.0   0.0  998
 2.550  995.0  90  51  60  -0.781   0.0   0.0  998
 2.550  322.5 -90  51  75  -0.781   0.0   0.0  328
 2.550  325.0 -90  51  75  -0.781   0.0   0.0  329
 2.550  650.0 -90  51  63  -0.781   0.0   0.0  655
 2.550  652.5 -90  51  69  -0.781   0.0   0.0  657
 2.550  655.0 -90  51  63  -0.781   0.0   0.0  660
 2.550  977.5 -90  51  60  -0.781   0.0   0.0  981
 2.600  660.0  90  66  75  -0.781   0.0   0.0  664
 2.600  325.0 -90  63  78  -0.781   0.0   0.0  329
 2.650  660.0  90  60  72  -0.781   0.0   0.0  666
 2.650  662.5  90  60  75  -0.781   0.0   0.0  667
 2.650  325.0 -90  63  78  -0.781   0.0   0.0  330
 2.700  177.5  90  51  60  -0.781   0.0   0.0  188
 2.700  327.5  90  51  60  -0.781   0.0   0.0  334
 2.700  330.0  90  51  72  -0.781   0.0   0.0  334
 2.700  332.5  90  51  63  -0.781   0.0   0.0  335
 2.700  662.5  90  51  75  -0.781   0.0   0.0  668
 2.700  665.0  90  51  75  -0.781   0.0   0.0  669
 2.700  667.5  90  51  63  -0.781   0.0   0.0  672
 2.700  672.5  90  51  63  -0.781   0.0   0.0  678
 2.700  995.0  90  51  69  -0.781   0.0   0.0 1000
 2.700  997.5  90  51  69  -0.781   0.0   0.0 1001
 2.700 1000.0  90  51  60  -0.781  30.0  30.0 1005
 2.700 1002.5  90  51  63  -0.781   0.0   0.0 1006
 2.700  325.0 -90  51  78  -0.781   0.0   0.0  331
 2.700  327.5 -90  51  78  -0.781   0.0   0.0  331
 2.700  657.5 -90  51  63  -0.781 330.0  30.0  662
 2.700  985.0 -90  51  66  -0.781   0.0   0.0  990
 2.700  987.5 -90  51  63  -0.781   0.0   0.0  992
 2.750  665.0  90  66  75  -0.781   0.0   0.0  671
 2.750  325.0 -90  60  72  -0.781   0.0   0.0  330
 2.750  327.5 -90  60  81  -0.781   0.0   0.0  332
 2.950  335.0  90  51  75  -0.781   0.0   0.0  340
 2.950  337.5  90  51  72  -0.781   0.0   0.0  340
 2.950  672.5  90  51  63  -0.781   0.0   0.0  680
 2.950  675.0  90  51  72  -0.781   0.0   0.0  680
 2.950  677.5  90  51  63  -0.781   0.0   0.0  680
 2.950 1012.5  90  51  66  -0.781   0.0   0.0 1019
 2.950 1015.0  90  51  69  -0.781   0.0   0.0 1019
 2.950 1017.5  90  51  63  -0.781   0.0   0.0 1023
 2.950 1020.0  90  51  63  -0.781   0.0   0.0 1024
 2.950  172.5 -90  48  57  -0.781  90.0  30.0  184
 2.950  330.0 -90  48  72  -0.781   0.0   0.0  335
 2.950  332.5 -90  48  63  -0.781   0.0   0.0  335
 2.950  662.5 -90  48  57  -0.781   0.0   0.0  669
 2.950  665.0 -90  48  66  -0.781   0.0   0.0  670
 2.950  667.5 -90  48  57  -0.781   0.0   0.0  672
 2.950  670.0 -90  48  60  -0.781   0.0   0.0  675
 2.950  675.0 -90  48  57  -0.781 270.0  30.0  679
 2.950  997.5 -90  48  66  -0.781   0.0   0.0 1003
 2.950 1000.0 -90  48  69  -0.781   0.0   0.0 1005
 2.950 1002.5 -90  48  63  -0.781   0.0   0.0 1007
 2.950 1005.0 -90  48  57  -0.781   0.0   0.0 1010
 3.000  335.0  90  57  66  -0.781   0.0   0.0  342
 3.000  337.5  90  57  75  -0.781   0.0   0.0  341
 3.000  677.5  90  57  72  -0.781   0.0   0.0  683
 3.000 1015.0  90  57  69  -0.781   0.0   0.0 1021
 3.000 1017.5  90  57  72  -0.781   0.0   0.0 1021
 3.000  332.5 -90  63  72  -0.781   0.0   0.0  336
 3.050  335.0  90  48  57  -0.781   0.0   0.0  339
 3.050  337.5  90  48  75  -0.781   0.0   0.0  343
 3.050  340.0  90  48  69  -0.781   0.0   0.0  343
 3.050  410.0  90  48  57  -0.781  90.0  30.0  398
 3.050  677.5  90  48  63  -0.781   0.0   0.0  685
 3.050  680.0  90  48  72  -0.781   0.0   0.0  685
 3.050  682.5  90  48  60  -0.781   0.0   0.0  686
 3.050  685.0  90  48  57  -0.781 210.0  30.0  688
 3.050  687.5  90  48  60  -0.781   0.0   0.0  690
 3.050 1017.5  90  48  63  -0.781   0.0   0.0 1023
 3.050 1020.0  90  48  75  -0.781   0.0   0.0 1025
 3.050 1022.5  90  48  69  -0.781   0.0   0.0 1026
 3.050 1025.0  90  48  60  -0.781   0.0   0.0 1033
 3.050 1030.0  90  48  57  -0.781   0.0   0.0 1034
 3.050 1035.0  90  48  57  -0.781   0.0   0.0 1041
 3.050  330.0 -90  48  60  -0.781 330.0  30.0  337
 3.050  332.5 -90  48  72  -0.781   0.0   0.0  337
 3.050  335.0 -90  48  63  -0.781   0.0   0.0  338
 3.050  340.0 -90  48  57   3.906  90.0  30.0  340
 3.050  405.0 -90  48  57   2.344  90.0  30.0  419
 3.050  472.5 -90  48  57  -0.781  90.0  30.0  470
 3.050  492.5 -90  48  57  -2.344  90.0  30.0  481
 3.050  667.5 -90  48  57  -0.781 330.0  30.0  675
 3.050 1005.0 -90  48  60  -0.781   0.0   0.0 1010
 3.100  337.5  90  51  69  -0.781   0.0   0.0  344
 3.100  340.0  90  51  75  -0.781   0.0   0.0  344
 3.100  680.0  90  51  66  -0.781   0.0   0.0  687
 3.100  682.5  90  51  72  -0.781   0.0   0.0  687
 3.100  685.0  90  51  66  -0.781   0.0   0.0  689
 3.100 1022.5  90  51  69  -0.781   0.0   0.0 1028
 3.100 1025.0  90  51  63  -0.781   0.0   0.0 1029
 3.100 1032.5  90  51  60  -0.781   0.0   0.0 1037
 3.100  332.5 -90  48  72  -0.781   0.0   0.0  338
 3.100  335.0 -90  48  69  -0.781   0.0   0.0  338
 3.100  400.0 -90  48  57  -3.906  90.0  30.0  392
 3.100  670.0 -90  48  66  -0.781   0.0   0.0  676
 3.100  672.5 -90  48  66  -0.781   0.0   0.0  676
 3.100  677.5 -90  48  60  -0.781 270.0  30.0  682
 3.100 1010.0 -90  48  57  -0.781   0.0   0.0 1014
 3.100 1015.0 -90  48  57  -0.781   0.0   0.0 1021
 3.150  337.5  90  51  60   0.781   0.0   0.0  345
 3.150  340.0  90  51  75  -0.781   0.0   0.0  345
 3.150  342.5  90  51  72  -0.781   0.0   0.0  345
 3.150  682.5  90  51  66  -0.781   0.0   0.0  689
 3.150  685.0  90  51  75  -0.781   0.0   0.0  689
 3.150  687.5  90  51  69  -0.781   0.0   0.0  692
 3.150 1030.0  90  51  66  -0.781   0.0   0.0 1035
 3.150  332.5 -90  48  66  -0.781   0.0   0.0  339
 3.150  335.0 -90  48  78  -0.781   0.0   0.0  339
 3.150  337.5 -90  48  63  -0.781   0.0   0.0  339
 3.150  647.5 -90  48  57   2.344  90.0  30.0  654
 3.150  672.5 -90  48  69  -0.781   0.0   0.0  678
 3.150  675.0 -90  48  66  -0.781   0.0   0.0  679
 3.150 1010.0 -90  48  63  -0.781   0.0   0.0 1015
 3.150 1012.5 -90  48  60  -0.781 270.0  30.0 1019
 3.150 1015.0 -90  48  60  -0.781   0.0   0.0 1019
 3.200  340.0  90  51  69  -0.781   0.0   0.0  346
 3.200  342.5  90  51  78  -0.781   0.0   0.0  347
 3.200  685.0  90  51  69  -0.781   0.0   0.0  692
 3.200  687.5  90  51  75  -0.781   0.0   0.0  692
 3.200  690.0  90  51  69  -0.781   0.0   0.0  693
 3.200  692.5  90  51  60  -0.781   0.0   0.0  699
 3.200  695.0  90  51  63  -0.781   0.0   0.0  700
 3.200  697.5  90  51  63  -0.781   0.0   0.0  701
 3.200  700.0  90  51  60  -0.781   0.0   0.0  704
 3.200 1030.0  90  51  66  -0.781   0.0   0.0 1036
 3.200 1032.5  90  51  66  -0.781   0.0   0.0 1037
 3.200 1037.5  90  51  60  -0.781   0.0   0.0 1043
 3.200 1040.0  90  51  60  -0.781   0.0   0.0 1044
 3.200  335.0 -90  51  75  -0.781   0.0   0.0  340
 3.200  337.5 -90  51  72  -0.781   0.0   0.0  340
 3.200  672.5 -90  51  60  -0.781   0.0   0.0  677
 3.200  675.0 -90  51  72  -0.781   0.0   0.0  680
 3.200  677.5 -90  51  60  -0.781   0.0   0.0  680
 3.200  687.5 -90  51  60  -0.781 270.0  30.0  690
 3.200 1012.5 -90  51  69  -0.781   0.0   0.0 1018
 3.200 1015.0 -90  51  63  -0.781   0.0   0.0 1019
 3.200 1022.5 -90  51  63  -0.781   0.0   0.0 1028
 3.250  342.5  90  51  78  -0.781   0.0   0.0  348
 3.250  345.0  90  51  72  -0.781   0.0   0.0  348
 3.250  687.5  90  51  66  -0.781   0.0   0.0  694
 3.250  690.0  90  51  75  -0.781   0.0   0.0  695
 3.250  692.5  90  51  66  -0.781   0.0   0.0  696
 3.250  695.0  90  51  63  -0.781   0.0   0.0  700
 3.250 1035.0  90  51  60  -0.781   0.0   0.0 1040
 3.250  335.0 -90  51  72  -0.781   0.0   0.0  341
 3.250  337.5 -90  51  78  -0.781   0.0   0.0  342
 3.250  340.0 -90  51  63  -0.781   0.0   0.0  342
 3.250  675.0 -90  51  66  -0.781   0.0   0.0  681
 3.250  677.5 -90  51  69  -0.781   0.0   0.0  681
 3.250  682.5 -90  51  60  -0.781   0.0   0.0  687
 3.300  342.5  90  63  72  -0.781   0.0   0.0  348
 3.300  345.0  90  63  78  -0.781   0.0   0.0  349
 3.300  692.5  90  63  75  -0.781   0.0   0.0  696
 3.300  337.5 -90  60  75  -0.781   0.0   0.0  342
 3.300  647.5 -90  60  69  -3.906 330.0  30.0  661
 3.300  652.5 -90  60  69  -5.469 330.0  30.0  640
 3.300  680.0 -90  60  69  -0.781   0.0   0.0  684
 3.350  345.0  90  66  78  -0.781   0.0   0.0  350
 3.350  695.0  90  66  75  -0.781   0.0   0.0  699
 3.350  337.5 -90  60  75  -0.781   0.0   0.0  344
 3.350  340.0 -90  60  78  -0.781   0.0   0.0  343
 3.350  680.0 -90  60  69  -0.781   0.0   0.0  686
 3.400  345.0  90  48  69  -0.781   0.0   0.0  351
 3.400  347.5  90  48  78  -0.781   0.0   0.0  352
 3.400  350.0  90  48  63  -0.781   0.0   0.0  352
 3.400  695.0  90  48  66  -0.781   0.0   0.0  702
 3.400  697.5  90  48  72  -0.781   0.0   0.0  702
 3.400  702.5  90  48  57  -0.781  30.0  30.0  708
 3.400  707.5  90  48  57  -0.781   0.0   0.0  712
 3.400  715.0  90  48  57  -0.781 150.0  30.0  717
 3.400 1042.5  90  48  60  -0.781   0.0   0.0 1049
 3.400 1045.0  90  48  72  -0.781   0.0   0.0 1050
 3.400 1047.5  90  48  69  -0.781   0.0   0.0 1052
 3.400 1050.0  90  48  60  -0.781 210.0  30.0 1056
 3.400 1052.5  90  48  60  -0.781   0.0   0.0 1056
 3.400 1067.5  90  48  57  -0.781   0.0   0.0 1071
 3.400  337.5 -90  48  66  -0.781   0.0   0.0  344
 3.400  340.0 -90  48  78  -0.781   0.0   0.0  344
 3.400  342.5 -90  48  63  -0.781   0.0   0.0  344
 3.400  682.5 -90  48  66  -0.781   0.0   0.0  688
 3.400  685.0 -90  48  66  -0.781   0.0   0.0  689
 3.400  697.5 -90  48  57  -0.781   0.0   0.0  702
 3.400 1025.0 -90  48  60  -0.781 210.0  30.0 1029
 3.400 1027.5 -90  48  63  -0.781   0.0   0.0 1033
 3.400 1030.0 -90  48  63  -0.781   0.0   0.0 1035
 3.400 1032.5 -90  48  57  -0.781   0.0   0.0 1038
 3.450  347.5  90  51  75  -0.781   0.0   0.0  353
 3.450  350.0  90  51  72  -0.781   0.0   0.0  353
 3.450  697.5  90  51  66  -0.781   0.0   0.0  704
 3.450  700.0  90  51  75  -0.781   0.0   0.0  705
 3.450  702.5  90  51  60  -0.781   0.0   0.0  704
 3.450  705.0  90  51  60  -0.781   0.0   0.0  710
 3.450  712.5  90  51  60  -0.781   0.0   0.0  718
 3.450 1047.5  90  51  69  -0.781   0.0   0.0 1053
 3.450 1050.0  90  51  72  -0.781   0.0   0.0 1054
 3.450 1052.5  90  51  66  -0.781   0.0   0.0 1057
 3.450 1055.0  90  51  60  -0.781 210.0  30.0 1058
 3.450 1057.5  90  51  60  -0.781   0.0   0.0 1064
 3.450 1060.0  90  51  60  -0.781   0.0   0.0 1065
 3.450 1062.5  90  51  60  -0.781   0.0   0.0 1068
 3.450  340.0 -90  48  78  -0.781   0.0   0.0  346
 3.450  342.5 -90  48  75  -0.781   0.0   0.0  346
 3.450  685.0 -90  48  69  -0.781   0.0   0.0  690
 3.450  687.5 -90  48  63  -0.781   0.0   0.0  691
 3.450  690.0 -90  48  60  -0.781   0.0   0.0  695
 3.450  695.0 -90  48  60  -0.781   0.0   0.0  699
 3.450 1027.5 -90  48  66  -0.781   0.0   0.0 1034
 3.450 1030.0 -90  48  72  -0.781   0.0   0.0 1035
 3.450 1032.5 -90  48  66  -0.781   0.0   0.0 1036
 3.450 1035.0 -90  48  63  -0.781   0.0   0.0 1041
 3.450 1037.5 -90  48  60  -0.781   0.0   0.0 1042
 3.450 1045.0 -90  48  57  -0.781 270.0  30.0 1047
 3.500  347.5  90  48  69  -0.781   0.0   0.0  354
 3.500  350.0  90  48  78  -0.781   0.0   0.0  354
 3.500  352.5  90  48  63  -0.781   0.0   0.0  355
 3.500  700.0  90  48  60  -0.781   0.0   0.0  706
 3.500  702.5  90  48  72  -0.781   0.0   0.0  707
 3.500  705.0  90  48  63  -0.781   0.0   0.0  709
 3.500  707.5  90  48  63  -0.781   0.0   0.0  712
 3.500 1050.0  90  48  57  -0.781   0.0   0.0 1059
 3.500 1052.5  90  48  69  -0.781   0.0   0.0 1058
 3.500 1055.0  90  48  69  -0.781   0.0   0.0 1059
 3.500 1057.5  90  48  63  -0.781   0.0   0.0 1063
 3.500 1060.0  90  48  57  -0.781   0.0   0.0 1063
 3.500 1062.5  90  48  57  -0.781   0.0   0.0 1069
 3.500 1065.0  90  48  60  -0.781   0.0   0.0 1070
 3.500  340.0 -90  45  69  -0.781   0.0   0.0  347
 3.500  342.5 -90  45  78  -0.781   0.0   0.0  347
 3.500  345.0 -90  45  54  -0.781   0.0   0.0  347
 3.500  685.0 -90  45  54  -0.781   0.0   0.0  691
 3.500  687.5 -90  45  72  -0.781   0.0   0.0  692
 3.500  690.0 -90  45  66  -0.781   0.0   0.0  694
 3.500  692.5 -90  45  57  -0.781   0.0   0.0  698
 3.500  695.0 -90  45  57  -0.781 270.0  30.0  702
 3.500  697.5 -90  45  60  -0.781   0.0   0.0  702
 3.500  705.0 -90  45  54  -0.781   0.0   0.0  709
 3.500  707.5 -90  45  57  -0.781   0.0   0.0  712
 3.500  720.0 -90  45  54  -0.781 270.0  30.0  727
 3.500 1030.0 -90  45  60  -0.781   0.0   0.0 1037
 3.500 1032.5 -90  45  66  -0.781   0.0   0.0 1037
 3.500 1035.0 -90  45  60  -0.781   0.0   0.0 1041
 3.500 1037.5 -90  45  54  -0.781   0.0   0.0 1038
 3.500 1040.0 -90  45  57  -0.781 330.0  30.0 1047
 3.500 1042.5 -90  45  60  -0.781   0.0   0.0 1047
 3.500 1057.5 -90  45  54  -2.344 210.0  30.0 1049
 3.500 1072.5 -90  45  54   0.781 150.0  30.0 1080
 3.500 1095.0 -90  45  54  -3.906 270.0  30.0 1083
 3.500 1105.0 -90  45  54   0.781 270.0  30.0 1108
 3.500 1152.5 -90  45  54  -0.781  30.0  30.0 1159
 3.500 1155.0 -90  45  54   0.781  90.0  30.0 1154
 3.500 1180.0 -90  45  54  -2.344  90.0  30.0 1175
 3.500 1190.0 -90  45  54  -2.344  90.0  30.0 1195
 3.500 1192.5 -90  45  54   5.469 270.0  30.0 1197
 3.500 1202.5 -90  45  54  -2.344 210.0  30.0 1192
 3.500 1210.0 -90  45  54   0.781 210.0  30.0 1200
 3.500 1237.5 -90  45  54  -2.344  90.0  30.0 1236
 3.550  350.0  90  51  75  -0.781   0.0   0.0  356
 3.550  352.5  90  51  75  -0.781   0.0   0.0  356
 3.550  702.5  90  51  60  -0.781   0.0   0.0  709
 3.550  705.0  90  51  69  -0.781   0.0   0.0  710
 3.550  710.0  90  51  60  -0.781   0.0   0.0  714
 3.550 1055.0  90  51  66  -0.781   0.0   0.0 1062
 3.550 1057.5  90  51  72  -0.781   0.0   0.0 1062
 3.550 1060.0  90  51  69  -0.781   0.0   0.0 1065
 3.550 1067.5  90  51  63  -0.781   0.0   0.0 1072
 3.550 1070.0  90  51  60  -0.781   0.0   0.0 1075
 3.550  340.0 -90  48  57  -0.781   0.0   0.0  347
 3.550  342.5 -90  48  78  -0.781   0.0   0.0  348
 3.550  345.0 -90  48  75  -0.781   0.0   0.0  348
 3.550  687.5 -90  48  63  -0.781   0.0   0.0  694
 3.550  690.0 -90  48  72  -0.781   0.0   0.0  695
 3.550  692.5 -90  48  63  -0.781   0.0   0.0  695
 3.550  700.0 -90  48  57  -0.781   0.0   0.0  705
 3.550  705.0 -90  48  57  -0.781   0.0   0.0  710
 3.550 1035.0 -90  48  63  -0.781   0.0   0.0 1040
 3.550 1040.0 -90  48  60  -0.781   0.0   0.0 1044
 3.550 1107.5 -90  48  57  -2.344  90.0  30.0 1121
 3.550 1215.0 -90  48  57  -0.781  30.0  30.0 1211
 3.600  350.0  90  57  66  -0.781   0.0   0.0  357
 3.600  352.5  90  57  78  -0.781   0.0   0.0  357
 3.600  355.0  90  57  66  -0.781   0.0   0.0  357
 3.600  707.5  90  57  69  -0.781   0.0   0.0  713
 3.600 1060.0  90  57  66  -0.781   0.0   0.0 1066
 3.600 1062.5  90  57  69  -0.781   0.0   0.0 1067
 3.600  342.5 -90  51  72  -0.781   0.0   0.0  349
 3.600  345.0 -90  51  78  -0.781   0.0   0.0  349
 3.600  347.5 -90  51  60  -0.781   0.0   0.0  349
 3.600  690.0 -90  51  63  -0.781   0.0   0.0  697
 3.600  692.5 -90  51  72  -0.781   0.0   0.0  697
 3.600  695.0 -90  51  63  -0.781   0.0   0.0  697
 3.600 1037.5 -90  51  66  -0.781   0.0   0.0 1044
 3.600 1040.0 -90  51  69  -0.781   0.0   0.0 1044
 3.600 1042.5 -90  51  63  -0.781   0.0   0.0 1047
 3.600 1047.5 -90  51  60  -0.781   0.0   0.0 1052
 3.650  352.5  90  51  75  -0.781   0.0   0.0  358
 3.650  355.0  90  51  75  -0.781   0.0   0.0  359
 3.650  710.0  90  51  69  -0.781   0.0   0.0  715
 3.650  712.5  90  51  60  -0.781   0.0   0.0  716
 3.650 1062.5  90  51  63  -0.781   0.0   0.0 1068
 3.650 1065.0  90  51  69  -0.781   0.0   0.0 1070
 3.650 1067.5  90  51  63  -0.781   0.0   0.0 1071
 3.650 1070.0  90  51  60  -0.781   0.0   0.0 1076
 3.650 1072.5  90  51  60  -0.781   0.0   0.0 1076
 3.650  342.5 -90  48  60  -0.781   0.0   0.0  349
 3.650  345.0 -90  48  75  -0.781   0.0   0.0  350
 3.650  347.5 -90  48  69  -0.781   0.0   0.0  350
 3.650  692.5 -90  48  66  -0.781   0.0   0.0  699
 3.650  695.0 -90  48  72  -0.781   0.0   0.0  700
 3.650  697.5 -90  48  60  -0.781   0.0   0.0  700
 3.650  700.0 -90  48  60  -0.781   0.0   0.0  706
 3.650  702.5 -90  48  57  -0.781   0.0   0.0  707
 3.650 1040.0 -90  48  69  -0.781   0.0   0.0 1046
 3.650 1042.5 -90  48  72  -0.781   0.0   0.0 1047
 3.650 1045.0 -90  48  66  -0.781   0.0   0.0 1049
 3.650 1050.0 -90  48  63  -0.781   0.0   0.0 1054
 3.650 1052.5 -90  48  57  -0.781   0.0   0.0 1057
 3.700  352.5  90  51  60  -0.781   0.0   0.0  358
 3.700  355.0  90  51  75  -0.781   0.0   0.0  360
 3.700  357.5  90  51  66  -0.781   0.0   0.0  360
 3.700  712.5  90  51  69  -0.781   0.0   0.0  718
 3.700  715.0  90  51  66  -0.781   0.0   0.0  719
 3.700  727.5  90  51  60  -0.781   0.0   0.0  733
 3.700 1067.5  90  51  66  -0.781   0.0   0.0 1074
 3.700 1070.0  90  51  72  -0.781   0.0   0.0 1075
 3.700 1072.5  90  51  60  -0.781   0.0   0.0 1076
 3.700 1080.0  90  51  60  -0.781   0.0   0.0 1087
 3.700  345.0 -90  48  69  -0.781   0.0   0.0  351
 3.700  347.5 -90  48  72  -0.781   0.0   0.0  351
 3.700  695.0 -90  48  66  -0.781   0.0   0.0  701
 3.700  697.5 -90  48  66  -0.781   0.0   0.0  701
 3.700  700.0 -90  48  63  -0.781   0.0   0.0  705
 3.700  705.0 -90  48  57  -0.781 270.0  30.0  710
 3.700 1045.0 -90  48  69  -0.781   0.0   0.0 1051
 3.700 1047.5 -90  48  69  -0.781   0.0   0.0 1052
 3.700 1052.5 -90  48  57  -0.781   0.0   0.0 1058
 3.750  355.0  90  60  69  -0.781   0.0   0.0  361
 3.750  357.5  90  60  72  -0.781   0.0   0.0  361
 3.750  715.0  90  60  69  -0.781   0.0   0.0  721
 3.750  717.5  90  60  69  -0.781   0.0   0.0  721
 3.750  347.5 -90  54  75  -0.781   0.0   0.0  352
 3.750  350.0 -90  54  69  -0.781   0.0   0.0  352
 3.750  697.5 -90  54  69  -0.781   0.0   0.0  703
 3.750  700.0 -90  54  69  -0.781   0.0   0.0  703
 3.750 1047.5 -90  54  69  -0.781   0.0   0.0 1053
 3.750 1050.0 -90  54  69  -0.781   0.0   0.0 1053
 3.800  357.5  90  66  75  -0.781   0.0   0.0  362
 3.850  360.0  90  60  75  -0.781   0.0   0.0  364
 3.850  350.0 -90  57  72  -0.781   0.0   0.0  354
 3.850  702.5 -90  57  69  -0.781   0.0   0.0  708
 3.850  705.0 -90  57  69  -0.781   0.0   0.0  709
 3.850 1055.0 -90  57  66  -0.781   0.0   0.0 1060
 3.850 1057.5 -90  57  66  -0.781   0.0   0.0 1061
 3.900  360.0  90  54  75  -0.781   0.0   0.0  366
 3.900  362.5  90  54  75  -0.781   0.0   0.0  366
 3.900  722.5  90  54  63  -0.781   0.0   0.0  728
 3.900  725.0  90  54  69  -0.781   0.0   0.0  730
 3.900  727.5  90  54  66  -0.781   0.0   0.0  731
 3.900 1085.0  90  54  66  -0.781   0.0   0.0 1090
 3.900 1087.5  90  54  69  -0.781   0.0   0.0 1093
 3.900 1090.0  90  54  66  -0.781   0.0   0.0 1094
 3.900  350.0 -90  51  72  -0.781   0.0   0.0  356
 3.900  352.5 -90  51  75  -0.781   0.0   0.0  356
 3.900  705.0 -90  51  75  -0.781   0.0   0.0  711
 3.900  707.5 -90  51  72  -0.781   0.0   0.0  711
 3.900  710.0 -90  51  66  -0.781   0.0   0.0  714
 3.900  712.5 -90  51  63  -0.781 270.0  30.0  717
 3.900  715.0 -90  51  60  -0.781   0.0   0.0  719
 3.900 1057.5 -90  51  72  -0.781   0.0   0.0 1063
 3.900 1060.0 -90  51  72  -0.781   0.0   0.0 1064
 3.900 1065.0 -90  51  63  -0.781   0.0   0.0 1070
 3.900 1067.5 -90  51  60  -0.781   0.0   0.0 1072
 3.950  360.0  90  51  66  -0.781   0.0   0.0  366
 3.950  362.5  90  51  78  -0.781   0.0   0.0  367
 3.950  365.0  90  51  66  -0.781   0.0   0.0  368
 3.950  727.5  90  51  63  -0.781   0.0   0.0  733
 3.950  730.0  90  51  60  -0.781   0.0   0.0  735
 3.950  737.5  90  51  60  -0.781 330.0  30.0  742
 3.950 1090.0  90  51  69  -0.781   0.0   0.0 1096
 3.950 1092.5  90  51  66  -0.781   0.0   0.0 1096
 3.950 1102.5  90  51  60  -0.781   0.0   0.0 1107
 3.950  350.0 -90  51  60  -0.781   0.0   0.0  359
 3.950  352.5 -90  51  75  -0.781   0.0   0.0  357
 3.950  707.5 -90  51  75  -0.781   0.0   0.0  713
 3.950  710.0 -90  51  72  -0.781   0.0   0.0  714
 3.950  712.5 -90  51  60  -0.781   0.0   0.0  716
 3.950 1062.5 -90  51  63  -0.781   0.0   0.0 1068
 4.000  362.5  90  57  72  -0.781   0.0   0.0  369
 4.000  365.0  90  57  75  -0.781   0.0   0.0  369
 4.000 1092.5  90  57  66  -0.781   0.0   0.0 1098
 4.000 1095.0  90  57  69  -0.781   0.0   0.0 1100
 4.000  352.5 -90  60  72  -0.781   0.0   0.0  358
 4.000  355.0 -90  60  75  -0.781   0.0   0.0  359
 4.000  710.0 -90  60  72  -0.781   0.0   0.0  716
 4.000  712.5 -90  60  72  -0.781   0.0   0.0  716
 4.000 1067.5 -90  60  69  -0.781   0.0   0.0 1072
 4.050  365.0  90  54  75  -0.781   0.0   0.0  370
 4.050  367.5  90  54  69  -0.781   0.0   0.0  370
 4.050 1100.0  90  54  69  -0.781   0.0   0.0 1105
 4.050 1102.5  90  54  63  -0.781   0.0   0.0 1106
 4.050  352.5 -90  54  63  -0.781   0.0   0.0  361
 4.050  355.0 -90  54  75  -0.781   0.0   0.0  360
 4.050  357.5 -90  54  63  -0.781   0.0   0.0  359
 4.050  712.5 -90  54  72  -0.781   0.0   0.0  718
 4.050  715.0 -90  54  69  -0.781   0.0   0.0  718
 4.050 1070.0 -90  54  66  -0.781   0.0   0.0 1075
 4.050 1072.5 -90  54  63  -0.781   0.0   0.0 1076
 4.100  365.0  90  54  66  -0.781   0.0   0.0  371
 4.100  367.5  90  54  75  -0.781   0.0   0.0  372
 4.100  370.0  90  54  63  -0.781   0.0   0.0  372
 4.100  737.5  90  54  66  -0.781   0.0   0.0  743
 4.100 1102.5  90  54  69  -0.781   0.0   0.0 1108
 4.100 1105.0  90  54  72  -0.781   0.0   0.0 1110
 4.100 1110.0  90  54  63  -0.781   0.0   0.0 1117
 4.100  355.0 -90  51  72  -0.781   0.0   0.0  361
 4.100  357.5 -90  51  75  -0.781   0.0   0.0  361
 4.100  715.0 -90  51  69  -0.781   0.0   0.0  721
 4.100  717.5 -90  51  66  -0.781   0.0   0.0  721
 4.100  720.0 -90  51  63  -0.781   0.0   0.0  723
 4.100  722.5 -90  51  60  -0.781   0.0   0.0  728
 4.100  727.5 -90  51  60  -0.781   0.0   0.0  732
 4.150  367.5  90  57  72  -0.781   0.0   0.0  374
 4.150  370.0  90  57  72  -0.781   0.0   0.0  373
 4.150  740.0  90  57  69  -0.781   0.0   0.0  745
 4.150 1105.0  90  57  66  -0.781   0.0   0.0 1111
 4.150 1107.5  90  57  72  -0.781   0.0   0.0 1113
 4.150 1110.0  90  57  69  -0.781   0.0   0.0 1115
 4.150  357.5 -90  57  78  -0.781   0.0   0.0  362
 4.150  360.0 -90  57  69  -0.781   0.0   0.0  363
 4.150  717.5 -90  57  72  -0.781   0.0   0.0  723
 4.150  720.0 -90  57  72  -0.781   0.0   0.0  724
 4.150 1077.5 -90  57  66  -0.781   0.0   0.0 1083
 4.200  370.0  90  57  75  -0.781   0.0   0.0  375
 4.200  372.5  90  57  69  -0.781   0.0   0.0  376
 4.200  742.5  90  57  72  -0.781   0.0   0.0  748
 4.200  745.0  90  57  72  -0.781   0.0   0.0  749
 4.200 1112.5  90  57  72  -0.781   0.0   0.0 1118
 4.200 1115.0  90  57  69  -0.781   0.0   0.0 1120
 4.200  357.5 -90  54  75  -0.781   0.0   0.0  364
 4.200  360.0 -90  54  75  -0.781   0.0   0.0  364
 4.200  720.0 -90  54  66  -0.781   0.0   0.0  726
 4.200  722.5 -90  54  66  -0.781   0.0   0.0  727
 4.200 1080.0 -90  54  63  -0.781   0.0   0.0 1087
 4.250  372.5  90  60  75  -0.781   0.0   0.0  377
 4.250  745.0  90  60  72  -0.781   0.0   0.0  751
 4.250  747.5  90  60  75  -0.781   0.0   0.0  752
 4.250 1117.5  90  60  72  -0.781   0.0   0.0 1122
 4.250 1120.0  90  60  69  -0.781   0.0   0.0 1125
 4.250  360.0 -90  60  78  -0.781   0.0   0.0  365
 4.250  362.5 -90  60  72  -0.781   0.0   0.0  365
 4.300  375.0  90  66  75  -0.781   0.0   0.0  379
 4.300  750.0  90  66  75  -0.781   0.0   0.0  755
 4.300  362.5 -90  66  78  -0.781   0.0   0.0  367
 4.350  375.0  90  69  78  -0.781   0.0   0.0  380
 4.350  362.5 -90  69  78  -0.781   0.0   0.0  368
 4.400  377.5  90  57  78  -0.781   0.0   0.0  382
 4.400  755.0  90  57  69  -0.781   0.0   0.0  761
 4.400  757.5  90  57  75  -0.781   0.0   0.0  762
 4.400  760.0  90  57  72  -0.781   0.0   0.0  763
 4.400 1132.5  90  57  69  -0.781   0.0   0.0 1138
 4.400  362.5 -90  54  69  -0.781   0.0   0.0  369
 4.400  365.0 -90  54  78  -0.781   0.0   0.0  369
 4.400  367.5 -90  54  63  -0.781   0.0   0.0  370
 4.400  732.5 -90  54  66  -0.781   0.0   0.0  737
 4.400 1095.0 -90  54  66  -0.781   0.0   0.0 1101
 4.400 1097.5 -90  54  69  -0.781   0.0   0.0 1102
 4.400 1100.0 -90  54  63  -0.781   0.0   0.0 1105
 4.400 1102.5 -90  54  63  -0.781   0.0   0.0 1107
 4.450  377.5  90  60  72  -0.781   0.0   0.0  384
 4.450  380.0  90  60  78  -0.781   0.0   0.0  384
 4.450  760.0  90  60  75  -0.781   0.0   0.0  764
 4.450  762.5  90  60  72  -0.781   0.0   0.0  766
 4.450  365.0 -90  57  75  -0.781   0.0   0.0  371
 4.450  367.5 -90  57  72  -0.781   0.0   0.0  371
 4.450  735.0 -90  57  72  -0.781   0.0   0.0  740
 4.500  380.0  90  60  75  -0.781   0.0   0.0  386
 4.500  382.5  90  60  75  -0.781   0.0   0.0  386
 4.500  765.0  90  60  72  -0.781   0.0   0.0  769
 4.500  365.0 -90  57  66  -0.781   0.0   0.0  371
 4.500  367.5 -90  57  78  -0.781   0.0   0.0  372
 4.500  370.0 -90  57  66  -0.781   0.0   0.0  372
 4.500  737.5 -90  57  72  -0.781   0.0   0.0  742
 4.500  740.0 -90  57  66  -0.781   0.0   0.0  744
 4.500 1105.0 -90  57  72  -0.781   0.0   0.0 1111
 4.500 1107.5 -90  57  69  -0.781   0.0   0.0 1111
 4.550  382.5  90  60  75  -0.781   0.0   0.0  388
 4.550  385.0  90  60  72  -0.781   0.0   0.0  388
 4.550  767.5  90  60  69  -0.781   0.0   0.0  772
 4.550  367.5 -90  57  72  -0.781   0.0   0.0  373
 4.550  370.0 -90  57  75  -0.781   0.0   0.0  374
 4.550  740.0 -90  57  69  -0.781   0.0   0.0  745
 4.550  742.5 -90  57  69  -0.781   0.0   0.0  747
 4.550 1110.0 -90  57  72  -0.781   0.0   0.0 1115
 4.550 1112.5 -90  57  66  -0.781   0.0   0.0 1116
 4.600  385.0  90  63  75  -0.781   0.0   0.0  389
 4.600  370.0 -90  57  75  -0.781   0.0   0.0  375
 4.600  372.5 -90  57  69  -0.781   0.0   0.0  375
 4.600  742.5 -90  57  66  -0.781   0.0   0.0  749
 4.600  745.0 -90  57  69  -0.781   0.0   0.0  749
 4.600 1112.5 -90  57  66  -0.781   0.0   0.0 1119
 4.600 1115.0 -90  57  69  -0.781   0.0   0.0 1120
 4.650  387.5  90  63  78  -0.781   0.0   0.0  393
 4.650  372.5 -90  63  75  -0.781   0.0   0.0  377
 4.650  747.5 -90  63  72  -0.781   0.0   0.0  752
 4.700  387.5  90  60  69  -0.781   0.0   0.0  395
 4.700  390.0  90  60  75  -0.781   0.0   0.0  394
 4.700  372.5 -90  54  72  -0.781   0.0   0.0  378
 4.700  375.0 -90  54  72  -0.781   0.0   0.0  379
 4.700  747.5 -90  54  63  -0.781   0.0   0.0  754
 4.700  750.0 -90  54  69  -0.781   0.0   0.0  755
 4.750  392.5  90  63  75  -0.781   0.0   0.0  396
 4.750  375.0 -90  60  75  -0.781   0.0   0.0  380
 4.750  377.5 -90  60  69  -0.781   0.0   0.0  381
 4.750  752.5 -90  60  72  -0.781   0.0   0.0  757
 4.800  392.5  90  57  75  -0.781   0.0   0.0  398
 4.800  395.0  90  57  75  -0.781   0.0   0.0  399
 4.800  790.0  90  57  66  -0.781 210.0  30.0  794
 4.800 1177.5  90  57  66  -0.781   0.0   0.0 1181
 4.800  375.0 -90  51  69  -0.781   0.0   0.0  381
 4.800  377.5 -90  51  75  -0.781   0.0   0.0  382
 4.800  380.0 -90  51  60  -0.781   0.0   0.0  382
 4.800  755.0 -90  51  66  -0.781   0.0   0.0  761
 4.800  757.5 -90  51  66  -0.781   0.0   0.0  762
 4.800  760.0 -90  51  66  -0.781   0.0   0.0  764
 4.800  762.5 -90  51  60  -0.781   0.0   0.0  768
 4.800  765.0 -90  51  63  -0.781   0.0   0.0  770
 4.800  767.5 -90  51  60  -0.781   0.0   0.0  771
 4.800 1130.0 -90  51  60  -0.781   0.0   0.0 1135
 4.800 1132.5 -90  51  66  -0.781   0.0   0.0 1138
 4.800 1135.0 -90  51  60  -0.781   0.0   0.0 1139
 4.850  395.0  90  60  75  -0.781   0.0   0.0  400
 4.850  397.5  90  60  72  -0.781   0.0   0.0  401
 4.850  377.5 -90  54  72  -0.781   0.0   0.0  383
 4.850  380.0 -90  54  72  -0.781   0.0   0.0  383
 4.850  760.0 -90  54  69  -0.781   0.0   0.0  765
 4.850  762.5 -90  54  66  -0.781   0.0   0.0  767
 4.850 1137.5 -90  54  69  -0.781   0.0   0.0 1143
 4.850 1140.0 -90  54  66  -0.781   0.0   0.0 1145
 4.900  397.5  90  60  75  -0.781   0.0   0.0  403
 4.900  400.0  90  60  72  -0.781   0.0   0.0  403
 4.900  380.0 -90  54  75  -0.781   0.0   0.0  385
 4.900  382.5 -90  54  69  -0.781   0.0   0.0  385
 4.900  762.5 -90  54  72  -0.781   0.0   0.0  768
 4.900  765.0 -90  54  66  -0.781   0.0   0.0  769
 4.900 1142.5 -90  54  66  -0.781   0.0   0.0 1147
 4.950  400.0  90  60  75  -0.781   0.0   0.0  405
 4.950  402.5  90  60  72  -0.781   0.0   0.0  406
 4.950  802.5  90  60  69  -0.781   0.0   0.0  807
 4.950  380.0 -90  54  69  -0.781   0.0   0.0  386
 4.950  382.5 -90  54  75  -0.781   0.0   0.0  387
 4.950  385.0 -90  54  63  -0.781   0.0   0.0  387
 4.950  765.0 -90  54  69  -0.781   0.0   0.0  771
 4.950  767.5 -90  54  72  -0.781   0.0   0.0  772
 4.950  772.5 -90  54  63  -0.781   0.0   0.0  777
 4.950 1147.5 -90  54  66  -0.781   0.0   0.0 1152
 5.050  405.0  90  54  72  -0.781   0.0   0.0  410
 5.050  407.5  90  54  72  -0.781   0.0   0.0  411
 5.050  810.0  90  54  63  -0.781   0.0   0.0  815
 5.050  812.5  90  54  69  -0.781   0.0   0.0  817
 5.050  815.0  90  54  66  -0.781   0.0   0.0  819
 5.050  385.0 -90  51  75  -0.781   0.0   0.0  390
 5.050  387.5 -90  51  72  -0.781   0.0   0.0  391
 5.050  770.0 -90  51  60  -0.781   0.0   0.0  776
 5.050  772.5 -90  51  75  -0.781   0.0   0.0  778
 5.050  775.0 -90  51  75  -0.781   0.0   0.0  779
 5.050  777.5 -90  51  60  -0.781   0.0   0.0  780
 5.050 1155.0 -90  51  63  -0.781   0.0   0.0 1161
 5.050 1157.5 -90  51  66  -0.781   0.0   0.0 1162
 5.050 1160.0 -90  51  60  -0.781   0.0   0.0 1164
 5.100  407.5  90  54  69  -0.781   0.0   0.0  413
 5.100  410.0  90  54  72  -0.781   0.0   0.0  414
 5.100  817.5  90  54  66  -0.781   0.0   0.0  823
 5.100  820.0  90  54  66  -0.781   0.0   0.0  824
 5.100  385.0 -90  51  60  -0.781   0.0   0.0  392
 5.100  387.5 -90  51  75  -0.781   0.0   0.0  392
 5.100  390.0 -90  51  66  -0.781   0.0   0.0  393
 5.100  775.0 -90  51  69  -0.781   0.0   0.0  781
 5.100  777.5 -90  51  75  -0.781   0.0   0.0  782
 5.100  780.0 -90  51  69  -0.781   0.0   0.0  783
 5.100 1162.5 -90  51  66  -0.781   0.0   0.0 1168
 5.100 1165.0 -90  51  66  -0.781   0.0   0.0 1169
 5.150  410.0  90  57  69  -0.781   0.0   0.0  415
 5.150  412.5  90  57  75  -0.781   0.0   0.0  417
 5.150  825.0  90  57  66  -0.781   0.0   0.0  830
 5.150  390.0 -90  60  75  -0.781   0.0   0.0  394
 5.150  780.0 -90  60  72  -0.781   0.0   0.0  787
 5.150  782.5 -90  60  69  -0.781   0.0   0.0  787
 5.200  415.0  90  63  75  -0.781   0.0   0.0  420
 5.200  392.5 -90  63  72  -0.781   0.0   0.0  396
 5.250  417.5  90  63  75  -0.781   0.0   0.0  423
 5.250  392.5 -90  63  72  -0.781   0.0   0.0  399
 5.250  395.0 -90  63  72  -0.781   0.0   0.0  398
 5.300  420.0  90  57  72  -0.781   0.0   0.0  426
 5.300  422.5  90  57  75  -0.781   0.0   0.0  426
 5.300  395.0 -90  60  72  -0.781   0.0   0.0  400
 5.300  397.5 -90  60  69  -0.781   0.0   0.0  400
 5.300  792.5 -90  60  72  -0.781   0.0   0.0  797
 5.300  795.0 -90  60  69  -0.781   0.0   0.0  799
 5.350  422.5  90  54  66  -0.781   0.0   0.0  429
 5.350  425.0  90  54  75  -0.781   0.0   0.0  430
 5.350  427.5  90  54  66  -0.781   0.0   0.0  430
 5.350  847.5  90  54  66  -0.781   0.0   0.0  852
 5.350  850.0  90  54  63  -0.781   0.0   0.0  853
 5.350 1260.0  90  54  63  -0.781   0.0   0.0 1267
 5.350  395.0 -90  51  60  -0.781   0.0   0.0  400
 5.350  397.5 -90  51  72  -0.781   0.0   0.0  403
 5.350  400.0 -90  51  69  -0.781   0.0   0.0  403
 5.350  795.0 -90  51  63  -0.781   0.0   0.0  802
 5.350  797.5 -90  51  69  -0.781   0.0   0.0  803
 5.350  800.0 -90  51  63  -0.781   0.0   0.0  803
 5.350  802.5 -90  51  60  -0.781   0.0   0.0  807
 5.350 1190.0 -90  51  60  -0.781   0.0   0.0 1196
 5.350 1192.5 -90  51  63  -0.781   0.0   0.0 1197
 5.400  427.5  90  54  72  -0.781   0.0   0.0  433
 5.400  430.0  90  54  72  -0.781   0.0   0.0  434
 5.400  397.5 -90  54  63  -0.781   0.0   0.0  404
 5.400  400.0 -90  54  75  -0.781   0.0   0.0  405
 5.400  402.5 -90  54  66  -0.781   0.0   0.0  405
 5.400  800.0 -90  54  69  -0.781   0.0   0.0  807
 5.400  802.5 -90  54  69  -0.781   0.0   0.0  806
 5.400  805.0 -90  54  63  -0.781   0.0   0.0  810
 5.450  430.0  90  54  66  -0.781   0.0   0.0  436
 5.450  432.5  90  54  75  -0.781   0.0   0.0  437
 5.450  435.0  90  54  69  -0.781   0.0   0.0  438
 5.450  862.5  90  54  63  -0.781   0.0   0.0  866
 5.450 1277.5  90  54  63  -0.781   0.0   0.0 1283
 5.450 1280.0  90  54  63  -0.781   0.0   0.0 1287
 5.450  402.5 -90  57  72  -0.781   0.0   0.0  407
 5.450  405.0 -90  57  66  -0.781   0.0   0.0  408
 5.450 1202.5 -90  57  66  -0.781   0.0   0.0 1208
 5.450 1205.0 -90  57  69  -0.781   0.0   0.0 1209
 5.500  435.0  90  54  69  -0.781   0.0   0.0  440
 5.500  437.5  90  54  75  -0.781   0.0   0.0  442
 5.500  440.0  90  54  63  -0.781   0.0   0.0  443
 5.500  402.5 -90  54  63  -0.781   0.0   0.0  408
 5.500  405.0 -90  54  75  -0.781   0.0   0.0  410
 5.500  407.5 -90  54  66  -0.781   0.0   0.0  410
 5.500 1210.0 -90  54  63  -0.781   0.0   0.0 1215
 5.550  437.5  90  51  60  -0.781   0.0   0.0  444
 5.550  440.0  90  51  72  -0.781   0.0   0.0  445
 5.550  442.5  90  51  72  -0.781   0.0   0.0  446
 5.550  445.0  90  51  60  -0.781   0.0   0.0  447
 5.550  877.5  90  51  63  -0.781   0.0   0.0  882
 5.550  405.0 -90  51  63  -0.781   0.0   0.0  412
 5.550  407.5 -90  51  72  -0.781   0.0   0.0  412
 5.550  410.0 -90  51  63  -0.781   0.0   0.0  412
 5.550  812.5 -90  51  60  -0.781   0.0   0.0  820
 5.550  815.0 -90  51  66  -0.781   0.0   0.0  820
 5.550  817.5 -90  51  63  -0.781   0.0   0.0  822
 5.550 1215.0 -90  51  60  -0.781   0.0   0.0 1222
 5.550 1217.5 -90  51  69  -0.781   0.0   0.0 1222
 5.550 1220.0 -90  51  63  -0.781   0.0   0.0 1225
 5.600  442.5  90  48  63  -0.781   0.0   0.0  448
 5.600  445.0  90  48  72  -0.781   0.0   0.0  450
 5.600  447.5  90  48  72  -0.781   0.0   0.0  452
 5.600  450.0  90  48  63  -0.781   0.0   0.0  453
 5.600  885.0  90  48  60  -0.781   0.0   0.0  890
 5.600  887.5  90  48  63  -0.781   0.0   0.0  892
 5.600  890.0  90  48  60  -0.781   0.0   0.0  895
 5.600  895.0  90  48  57  -0.781 210.0  30.0  900
 5.600  407.5 -90  48  63  -0.781   0.0   0.0  414
 5.600  410.0 -90  48  72  -0.781   0.0   0.0  415
 5.600  412.5 -90  48  63  -0.781   0.0   0.0  416
 5.600  820.0 -90  48  63  -0.781   0.0   0.0  825
 5.600  822.5 -90  48  63  -0.781   0.0   0.0  827
 5.600  827.5 -90  48  57  -0.781   0.0   0.0  831
 5.600 1222.5 -90  48  57  -0.781   0.0   0.0 1229
 5.600 1235.0 -90  48  57  -0.781   0.0   0.0 1239
 5.650  447.5  90  48  63  -0.781   0.0   0.0  453
 5.650  450.0  90  48  72  -0.781   0.0   0.0  455
 5.650  452.5  90  48  75  -0.781   0.0   0.0  457
 5.650  455.0  90  48  63  -0.781   0.0   0.0  458
 5.650  892.5  90  48  57  -0.781   0.0   0.0  898
 5.650  895.0  90  48  60  -0.781   0.0   0.0  899
 5.650  897.5  90  48  60  -0.781   0.0   0.0  902
 5.650  900.0  90  48  60  -0.781   0.0   0.0  904
 5.650  137.5 -90  45  54  -0.781   0.0   0.0  147
 5.650  140.0 -90  45  54  -0.781 210.0  30.0  150
 5.650  410.0 -90  45  57  -0.781   0.0   0.0  416
 5.650  412.5 -90  45  72  -0.781   0.0   0.0  418
 5.650  415.0 -90  45  66  -0.781   0.0   0.0  418
 5.650  625.0 -90  45  54  -0.781   0.0   0.0  613
 5.650  822.5 -90  45  54  -0.781   0.0   0.0  828
 5.650  825.0 -90  45  66  -0.781   0.0   0.0  831
 5.650  827.5 -90  45  66  -0.781   0.0   0.0  832
 5.650  830.0 -90  45  57  -0.781   0.0   0.0  834
 5.650  837.5 -90  45  54  -0.781   0.0   0.0  843
 5.650 1227.5 -90  45  57  -0.781   0.0   0.0 1233
 5.650 1230.0 -90  45  60  -0.781   0.0   0.0 1236
 5.650 1232.5 -90  45  63  -0.781   0.0   0.0 1238
 5.650 1235.0 -90  45  54  -0.781   0.0   0.0 1240
 5.650 1237.5 -90  45  54  -0.781   0.0   0.0 1242
 5.700  140.0  90  48  57   2.344 330.0  30.0  133
 5.700  452.5  90  48  60  -0.781   0.0   0.0  459
 5.700  455.0  90  48  72  -0.781   0.0   0.0  460
 5.700  457.5  90  48  75  -0.781   0.0   0.0  462
 5.700  460.0  90  48  66  -0.781   0.0   0.0  463
 5.700  902.5  90  48  57  -0.781 210.0  30.0  908
 5.700  905.0  90  48  57  -0.781   0.0   0.0  911
 5.700  907.5  90  48  57  -0.781   0.0   0.0  912
 5.700  412.5 -90  48  60  -0.781   0.0   0.0  420
 5.700  415.0 -90  48  72  -0.781   0.0   0.0  420
 5.700  417.5 -90  48  69  -0.781   0.0   0.0  421
 5.700  830.0 -90  48  69  -0.781   0.0   0.0  835
 5.700  832.5 -90  48  66  -0.781   0.0   0.0  837
 5.700  835.0 -90  48  57  -0.781   0.0   0.0  839
 5.800  467.5  90  57  66  -0.781   0.0   0.0  473
 5.800  470.0  90  57  69  -0.781   0.0   0.0  474
 5.800  472.5  90  57  66  -0.781   0.0   0.0  476
 5.800  420.0 -90  57  69  -0.781   0.0   0.0  425
 5.800  422.5 -90  57  72  -0.781   0.0   0.0  427
 5.800  842.5 -90  57  66  -0.781   0.0   0.0  847
 5.800  845.0 -90  57  66  -0.781   0.0   0.0  850
 5.850  475.0  90  60  69  -0.781   0.0   0.0  480
 5.850  477.5  90  60  69  -0.781   0.0   0.0  482
 5.850  422.5 -90  54  66  -0.781   0.0   0.0  430
 5.850  425.0 -90  54  72  -0.781   0.0   0.0  429
 5.850  427.5 -90  54  63  -0.781   0.0   0.0  429
 5.850  847.5 -90  54  66  -0.781   0.0   0.0  854
 5.850  850.0 -90  54  66  -0.781   0.0   0.0  854
 5.900  485.0  90  60  69  -0.781   0.0   0.0  490
 5.900  575.0  90  60  69   2.344 270.0  30.0  587
 5.900  427.5 -90  54  72  -0.781   0.0   0.0  433
 5.900  430.0 -90  54  69  -0.781   0.0   0.0  433
 5.900  855.0 -90  54  66  -0.781   0.0   0.0  859
 5.950  492.5  90  54  63  -0.781   0.0   0.0  498
 5.950  495.0  90  54  66  -0.781   0.0   0.0  500
 5.950  497.5  90  54  63  -0.781   0.0   0.0  501
 5.950  430.0 -90  51  69  -0.781   0.0   0.0  436
 5.950  432.5 -90  51  72  -0.781   0.0   0.0  437
 5.950  860.0 -90  51  63  -0.781   0.0   0.0  866
 5.950  862.5 -90  51  66  -0.781   0.0   0.0  867
 5.950  865.0 -90  51  60  -0.781   0.0   0.0  869
 6.000  505.0  90  54  63  -0.781   0.0   0.0  510
 6.000  432.5 -90  51  60  -0.781   0.0   0.0  440
 6.000  435.0 -90  51  72  -0.781   0.0   0.0  440
 6.000  437.5 -90  51  66  -0.781   0.0   0.0  441
 6.000  867.5 -90  51  63  -0.781   0.0   0.0  872
 6.000  870.0 -90  51  63  -0.781   0.0   0.0  876
 6.000  872.5 -90  51  60  -0.781   0.0   0.0  876
 6.050  515.0  90  51  60  -0.781   0.0   0.0  520
 6.050  517.5  90  51  63  -0.781   0.0   0.0  522
 6.050  520.0  90  51  66  -0.781   0.0   0.0  525
 6.050  522.5  90  51  63  -0.781   0.0   0.0  527
 6.050  525.0  90  51  60  -0.781   0.0   0.0  529
 6.050  437.5 -90  51  66  -0.781   0.0   0.0  443
 6.050  440.0 -90  51  72  -0.781   0.0   0.0  444
 6.050  442.5 -90  51  63  -0.781   0.0   0.0  445
 6.050  875.0 -90  51  66  -0.781   0.0   0.0  880
 6.050  877.5 -90  51  63  -0.781   0.0   0.0  881
 6.100  527.5  90  48  57  -0.781   0.0   0.0  531
 6.100  530.0  90  48  60  -0.781   0.0   0.0  536
 6.100  532.5  90  48  63  -0.781   0.0   0.0  537
 6.100  535.0  90  48  66  -0.781   0.0   0.0  539
 6.100  537.5  90  48  66  -0.781   0.0   0.0  542
 6.100  540.0  90  48  63  -0.781   0.0   0.0  545
 6.100  542.5  90  48  60  -0.781   0.0   0.0  547
 6.100  545.0  90  48  57  -0.781   0.0   0.0  549
 6.100  440.0 -90  48  57  -0.781   0.0   0.0  447
 6.100  442.5 -90  48  72  -0.781   0.0   0.0  448
 6.100  445.0 -90  48  72  -0.781   0.0   0.0  449
 6.100  447.5 -90  48  60  -0.781   0.0   0.0  450
 6.100  882.5 -90  48  57  -0.781   0.0   0.0  888
 6.100  885.0 -90  48  60  -0.781   0.0   0.0  889
 6.150  550.0  90  51  60  -0.781   0.0   0.0  554
 6.150  552.5  90  51  63  -0.781   0.0   0.0  557
 6.150  555.0  90  51  63  -0.781   0.0   0.0  559
 6.150  557.5  90  51  63  -0.781   0.0   0.0  562
 6.150  560.0  90  51  60  -0.781   0.0   0.0  564
 6.150  562.5  90  51  60  -0.781   0.0   0.0  567
 6.150  445.0 -90  51  66  -0.781   0.0   0.0  451
 6.150  447.5 -90  51  75  -0.781   0.0   0.0  452
 6.150  450.0 -90  51  72  -0.781   0.0   0.0  454
 6.150  890.0 -90  51  60  -0.781   0.0   0.0  895
 6.150  892.5 -90  51  60  -0.781   0.0   0.0  897
 6.150  895.0 -90  51  60  -0.781   0.0   0.0  899
 6.200  450.0 -90  57  66  -0.781   0.0   0.0  456
 6.200  452.5 -90  57  75  -0.781   0.0   0.0  457
 6.200  455.0 -90  57  72  -0.781   0.0   0.0  459
 6.250  455.0 -90  51  66  -0.781   0.0   0.0  460
 6.250  457.5 -90  51  75  -0.781   0.0   0.0  462
 6.250  460.0 -90  51  72  -0.781   0.0   0.0  464
 6.250  907.5 -90  51  60  -0.781   0.0   0.0  915
 6.250  910.0 -90  51  60  -0.781   0.0   0.0  914
 6.250  912.5 -90  51  60  -0.781   0.0   0.0  918
 6.250  915.0 -90  51  60  -0.781   0.0   0.0  919
 6.300  460.0 -90  51  63  -0.781   0.0   0.0  466
 6.300  462.5 -90  51  72  -0.781   0.0   0.0  468
 6.300  465.0 -90  51  72  -0.781   0.0   0.0  469
 6.300  467.5 -90  51  63  -0.781   0.0   0.0  471
 6.300  920.0 -90  51  60  -0.781   0.0   0.0  925
 6.300  922.5 -90  51  60  -0.781   0.0   0.0  928
 6.350  470.0 -90  60  72  -0.781   0.0   0.0  474
 6.400   80.0  90  60  69   5.469 210.0  30.0   68
 6.400   82.5  90  60  69   5.469 210.0  30.0   69
 6.400   95.0  90  60  69   5.469 210.0  30.0   82
 6.400  110.0  90  60  69   5.469 210.0  30.0   95
 6.400  475.0 -90  60  69  -0.781   0.0   0.0  479
 6.400  477.5 -90  60  69  -0.781   0.0   0.0  483
 6.550  497.5 -90  48  60  -0.781   0.0   0.0  503
 6.550  500.0 -90  48  66  -0.781   0.0   0.0  505
 6.550  502.5 -90  48  66  -0.781   0.0   0.0  507
 6.550  505.0 -90  48  66  -0.781   0.0   0.0  509
 6.550  507.5 -90  48  57  -0.781   0.0   0.0  511
 6.600  507.5 -90  45  60  -0.781   0.0   0.0  513
 6.600  510.0 -90  45  66  -0.781   0.0   0.0  515
 6.600  512.5 -90  45  69  -0.781   0.0   0.0  517
 6.600  515.0 -90  45  66  -0.781   0.0   0.0  519
 6.600  517.5 -90  45  63  -0.781   0.0   0.0  522
 6.600  520.0 -90  45  57  -0.781   0.0   0.0  523
 6.600 1000.0 -90  45  54  -0.781   0.0   0.0 1006
 6.600 1002.5 -90  45  57  -0.781   0.0   0.0 1008
 6.600 1005.0 -90  45  57  -0.781   0.0   0.0 1010
 6.600 1007.5 -90  45  57  -0.781   0.0   0.0 1013
 6.600 1010.0 -90  45  54  -0.781   0.0   0.0 1015
 6.650  517.5 -90  42  51  -0.781   0.0   0.0  523
 6.650  520.0 -90  42  60  -0.781   0.0   0.0  525
 6.650  522.5 -90  42  63  -0.781   0.0   0.0  528
 6.650  525.0 -90  42  66  -0.781   0.0   0.0  530
 6.650  527.5 -90  42  66  -0.781   0.0   0.0  532
 6.650  530.0 -90  42  63  -0.781   0.0   0.0  535
 6.650  532.5 -90  42  60  -0.781   0.0   0.0  537
 6.650  535.0 -90  42  54  -0.781   0.0   0.0  539
 6.650 1015.0 -90  42  51  -0.781   0.0   0.0 1024
 6.650 1017.5 -90  42  51  -0.781   0.0   0.0 1022
 6.650 1020.0 -90  42  54  -0.781   0.0   0.0 1025
 6.650 1022.5 -90  42  51  -0.781   0.0   0.0 1027
 6.650 1025.0 -90  42  51  -0.781   0.0   0.0 1030
 6.650 1027.5 -90  42  54  -0.781   0.0   0.0 1033
 6.650 1030.0 -90  42  54  -0.781   0.0   0.0 1036
 6.700  535.0 -90  48  57  -0.781   0.0   0.0  540
 6.700  537.5 -90  48  63  -0.781   0.0   0.0  542
 6.700  540.0 -90  48  63  -0.781   0.0   0.0  544
 6.700  542.5 -90  48  63  -0.781   0.0   0.0  547
 6.700  545.0 -90  48  63  -0.781   0.0   0.0  550
 6.700  547.5 -90  48  60  -0.781   0.0   0.0  552
 6.700  550.0 -90  48  57  -0.781   0.0   0.0  554
 6.750  557.5 -90  51  60  -0.781   0.0   0.0  563
 6.750  560.0 -90  51  63  -0.781   0.0   0.0  564
 6.750  562.5 -90  51  63  -0.781   0.0   0.0  567
 6.750  565.0 -90  51  63  -0.781   0.0   0.0  570
 6.750  567.5 -90  51  60  -0.781   0.0   0.0  572
 6.750  570.0 -90  51  60  -0.781   0.0   0.0  573
 6.800  585.0 -90  54  63  -0.781   0.0   0.0  589
 6.800  587.5 -90  54  66  -0.781   0.0   0.0  593
 6.850  612.5 -90  42  51  -0.781   0.0   0.0  618
 6.850  615.0 -90  42  51  -0.781   0.0   0.0  621
 6.850  617.5 -90  42  51  -0.781   0.0   0.0  622
 6.850  620.0 -90  42  51  -0.781   0.0   0.0  624
 6.850  622.5 -90  42  51  -0.781   0.0   0.0  627
 6.850  625.0 -90  42  54  -0.781   0.0   0.0  630
 6.850  627.5 -90  42  54  -0.781   0.0   0.0  632
 6.850  630.0 -90  42  54  -0.781   0.0   0.0  634
 6.850  632.5 -90  42  54  -0.781   0.0   0.0  636
 6.850  635.0 -90  42  51  -0.781   0.0   0.0  638
 6.850  637.5 -90  42  54  -0.781   0.0   0.0  641
 6.850  640.0 -90  42  54  -0.781   0.0   0.0  645
 6.850  642.5 -90  42  54  -0.781   0.0   0.0  647
 6.850  645.0 -90  42  54  -0.781   0.0   0.0  650
 6.850  647.5 -90  42  51  -0.781   0.0   0.0  652
 6.850  650.0 -90  42  51   0.781   0.0   0.0  654
 6.850  655.0 -90  42  51  -0.781   0.0   0.0  661
 6.850 1130.0 -90  42  54  -0.781   0.0   0.0 1135
 6.850 1132.5 -90  42  54  -0.781   0.0   0.0 1137
 6.850 1135.0 -90  42  51  -0.781   0.0   0.0 1138
 6.850 1137.5 -90  42  51  -0.781   0.0   0.0 1141
 6.850 1140.0 -90  42  54  -0.781   0.0   0.0 1145
 6.850 1142.5 -90  42  54  -0.781   0.0   0.0 1148
 6.850 1145.0 -90  42  54  -0.781   0.0   0.0 1149
 6.850 1147.5 -90  42  54  -0.781   0.0   0.0 1152
 6.850 1150.0 -90  42  54  -0.781   0.0   0.0 1154
 6.850 1152.5 -90  42  51  -0.781   0.0   0.0 1156
 6.900  677.5 -90  42  51  -0.781   0.0   0.0  685
 6.900  680.0 -90  42  51  -0.781   0.0   0.0  686
 6.900  682.5 -90  42  54  -0.781   0.0   0.0  687
 6.900  685.0 -90  42  51  -0.781   0.0   0.0  690
 6.900  687.5 -90  42  51  -0.781   0.0   0.0  692
 6.900  690.0 -90  42  51  -0.781   0.0   0.0  694
 6.900  692.5 -90  42  51  -0.781   0.0   0.0  697
 6.900  695.0 -90  42  54  -0.781   0.0   0.0  699
 6.900  697.5 -90  42  54  -0.781   0.0   0.0  701
 6.900  700.0 -90  42  54  -0.781   0.0   0.0  705
 6.900  702.5 -90  42  54  -0.781   0.0   0.0  706
 6.900  705.0 -90  42  54  -0.781   0.0   0.0  710
 6.900  707.5 -90  42  51  -0.781  30.0  30.0  713
 6.900  710.0 -90  42  51  -0.781   0.0   0.0  715
 6.950  940.0  90  48  57   5.469  90.0  30.0  945
 7.350 1142.5  90  69  78  -3.906 150.0  30.0 1156
 7.350 1145.0  90  69  78  -3.906 150.0  30.0 1157
 7.350 1147.5  90  69  78  -3.906 150.0  30.0 1159
 7.400  210.0 -90  54  63   3.906 330.0  30.0  211
 7.400 1282.5 -90  54  63   3.906 330.0  30.0 1283
 7.700 1267.5  90  45  54  -5.469  90.0  30.0 1261
 7.850  790.0 -90  42  51  -5.469 150.0  30.0  791
 7.900  967.5 -90  42  51  -0.781 150.0  30.0  975
 8.100 1150.0  90  45  54  -2.344 150.0  30.0 1156
 8.100 1162.5  90  45  54  -2.344 150.0  30.0 1173
 8.600 1282.5 -90  54  63   0.781   0.0   0.0 1273
 9.700   82.5 -90  57  66  -0.781   0.0   0.0   74
 9.700   85.0 -90  57  66  -0.781   0.0   0.0   76
 9.700   90.0 -90  57  66  -0.781   0.0   0.0   82
