2023.03.28 (087) 00:00:00.000
Station name: Nicosia
URSI code: NI135
Ionosonde model: DPS-4D
  Freq  Range Pol MPA Amp Doppler    Az    Zn  PGH
 1.050  147.5 -90  57  66 -10.938  30.0  30.0
 1.100 1212.5 -90  60  69   4.688  30.0  30.0
 1.125 1267.5  90  60  69  -4.688  90.0  30.0
 1.125 1277.5  90  60  69   4.688  90.0  30.0
 1.125 1270.0 -90  63  72   1.563  30.0  30.0
 1.225  107.5  90  60  69 -10.938  30.0  30.0
 1.350 1277.5 -90  63  72 -10.938 270.0  30.0
 1.375   82.5  90  60  69 -10.938 270.0  30.0
 1.375 1275.0  90  60  69  10.938 270.0  30.0
 1.400   80.0  90  69  78 -10.938 270.0  30.0
 1.400   82.5  90  69  78  -7.813 270.0  30.0
 1.400  112.5  90  69  81  10.938 270.0  30.0
 1.400  115.0  90  69  78   7.813 270.0  30.0
 1.400  117.5  90  69  81  10.938 270.0  30.0
 1.400  122.5  90  69  78  10.938 270.0  30.0
 1.400  127.5  90  69  78  10.938 270.0  30.0
 1.400  130.0  90  69  81  10.938 270.0  30.0
 1.400  135.0  90  69  81  10.938 270.0  30.0
 1.400  140.0  90  69  78  10.938 270.0  30.0
 1.400  145.0  90  69  78  10.938 270.0  30.0
 1.400  147.5  90  69  78  10.938 270.0  30.0
 1.400  150.0  90  69  78  10.938 270.0  30.0
 1.400  152.5  90  69  78  10.938 270.0  30.0
 1.400  157.5  90  69  78  10.938 270.0  30.0
 1.400  162.5  90  69  78  10.938 270.0  30.0
 1.400  167.5  90  69  78  10.938 270.0  30.0
 1.400  180.0  90  69  78  10.938 270.0  30.0
 1.400  185.0  90  69  78  10.938 270.0  30.0
 1.400  202.5  90  69  78  10.938 270.0  30.0
 1.400 1127.5  90  69  78  10.938 270.0  30.0
 1.400 1160.0  90  69  78  10.938 270.0  30.0
 1.400 1177.5  90  69  78  10.938 270.0  30.0
 1.400 1182.5  90  69  78 -10.938 270.0  30.0
 1.400 1187.5  90  69  78  10.938 270.0  30.0
 1.400 1210.0  90  69  78  10.938 270.0  30.0
 1.400 1215.0  90  69  78 -10.938 270.0  30.0
 1.400 1227.5  90  69  78  10.938 270.0  30.0
 1.400 1232.5  90  69  78 -10.938 270.0  30.0
 1.400 1237.5  90  69  78  10.938 270.0  30.0
 1.400 1242.5  90  69  78  10.938 270.0  30.0
 1.400 1255.0  90  69  78  10.938 270.0  30.0
 1.400 1260.0  90  69  78  10.938 270.0  30.0
 1.400 1265.0  90  69  78 -10.938 270.0  30.0
 1.400 1270.0  90  69  78  10.938 270.0  30.0
 1.400 1277.5  90  69  78  10.938 270.0  30.0
 1.400 1282.5  90  69  78 -10.938 270.0  30.0
 1.400 1227.5 -90  69  78  10.938 270.0  30.0
 1.400 1242.5 -90  69  78  10.938 270.0  30.0
 1.400 1260.0 -90  69  78  10.938 270.0  30.0
 1.400 1275.0 -90  69  78  10.938 270.0  30.0
 1.400 1277.5 -90  69  78  10.938 270.0  30.0
 1.425 1227.5  90  69  78  10.938 270.0  30.0
 1.425 1247.5  90  69  78  10.938 270.0  30.0
 1.425 1277.5  90  69  78  10.938 270.0  30.0
 1.425 1280.0  90  69  78  10.938 270.0  30.0
 1.500 1267.5  90  63  72 -10.938  30.0  30.0
 1.500 1197.5 -90  60  69 -10.938  30.0  30.0
 1.575  300.0  90  63  72   1.563 210.0  30.0
 1.600  300.0  90  60  75   1.563   0.0   0.0
 1.600  302.5  90  60  69  -1.563 270.0  30.0
 1.625  300.0  90  60  75   1.563   0.0   0.0
 1.625  302.5  90  60  69   1.563   0.0   0.0
 1.625 1280.0  90  60  69 -10.938 210.0  30.0
 1.650  300.0  90  48  69   1.563   0.0   0.0
 1.650  302.5  90  48  72   1.563   0.0   0.0
 1.650  607.5  90  48  57  -1.563   0.0   0.0
 1.650  912.5  90  48  57   1.563   0.0   0.0
 1.675  300.0  90  48  66   1.563 150.0  30.0
 1.675  302.5  90  48  72   1.563 150.0  30.0
 1.675  607.5  90  48  57   1.563   0.0   0.0
 1.675  912.5  90  48  57   1.563   0.0   0.0
 1.700  302.5  90  63  75   1.563 210.0  30.0
 1.700  665.0 -90  60  69  -4.688 270.0  30.0
 1.700  725.0 -90  60  69  -7.813 270.0  30.0
 1.700 1247.5 -90  60  69  10.938 270.0  30.0
 1.700 1262.5 -90  60  72 -10.938 270.0  30.0
 1.700 1275.0 -90  60  69   4.688 270.0  30.0
 1.700 1280.0 -90  60  72  -1.563 270.0  30.0
 1.725  137.5 -90  63  72  10.938 270.0  30.0
 1.725  362.5 -90  63  72  10.938 270.0  30.0
 1.725  367.5 -90  63  72 -10.938 270.0  30.0
 1.725  392.5 -90  63  72  10.938 270.0  30.0
 1.725  397.5 -90  63  75   1.563 270.0  30.0
 1.725  425.0 -90  63  72   4.688 270.0  30.0
 1.725  427.5 -90  63  72  -7.813 270.0  30.0
 1.725  585.0 -90  63  72   4.688 270.0  30.0
 1.750  112.5 -90  60  69   7.813 270.0  30.0
 1.750  122.5 -90  60  69   7.813 270.0  30.0
 1.750  597.5 -90  60  69  -1.563 270.0  30.0
 1.750  610.0 -90  60  69  -1.563 270.0  30.0
 1.750  615.0 -90  60  69   7.813 270.0  30.0
 1.750  622.5 -90  60  69  -7.813 270.0  30.0
 1.750  632.5 -90  60  69  -1.563 270.0  30.0
 1.750  642.5 -90  60  69  10.938 270.0  30.0
 1.750  652.5 -90  60  69 -10.938 270.0  30.0
 1.750  657.5 -90  60  69   7.813 270.0  30.0
 1.750  662.5 -90  60  69  -4.688 270.0  30.0
 1.750  667.5 -90  60  72  -4.688 270.0  30.0
 1.750  680.0 -90  60  69 -10.938 270.0  30.0
 1.750  707.5 -90  60  69  -1.563 270.0  30.0
 1.775  302.5  90  51  66   1.563   0.0   0.0
 1.775  305.0  90  51  69   1.563   0.0   0.0
 1.775  612.5  90  51  60   1.563   0.0   0.0
 1.800  302.5  90  48  63   1.563   0.0   0.0
 1.800  305.0  90  48  72   1.563   0.0   0.0
 1.800  612.5  90  48  60   1.563   0.0   0.0
 1.800  920.0  90  48  57   1.563   0.0   0.0
 1.825  305.0  90  51  72   1.563   0.0   0.0
 1.825  307.5  90  51  60   1.563 150.0  30.0
 1.850  305.0  90  57  72  -1.563   0.0   0.0
 1.850  307.5  90  57  69   1.563   0.0   0.0
 1.850 1100.0  90  57  66  10.938 210.0  30.0
 1.850 1212.5  90  57  66   4.688 210.0  30.0
 1.850 1220.0  90  57  66   1.563 210.0  30.0
 1.850 1265.0  90  57  66 -10.938 210.0  30.0
 1.850 1280.0  90  57  66 -10.938 210.0  30.0
 1.875  305.0  90  48  69   1.563   0.0   0.0
 1.875  307.5  90  48  69   1.563   0.0   0.0
 1.900  305.0  90  54  69   1.563   0.0   0.0
 1.900  307.5  90  54  75   1.563   0.0   0.0
 1.925  307.5  90  60  75   1.563   0.0   0.0
 1.925  202.5 -90  66  75  -4.688  30.0  30.0
 1.950  307.5  90  54  78   1.563   0.0   0.0
 1.950  310.0  90  54  69  -1.563   0.0   0.0
 1.975  307.5  90  54  75   1.563   0.0   0.0
 1.975  310.0  90  54  72   1.563   0.0   0.0
 1.975  315.0 -90  54  63   1.563  30.0  30.0
 2.000  307.5  90  51  72   1.563   0.0   0.0
 2.000  310.0  90  51  75   1.563   0.0   0.0
 2.000  622.5  90  51  60   1.563   0.0   0.0
 2.000  312.5 -90  51  63   1.563  30.0  30.0
 2.000  315.0 -90  51  66  -1.563  30.0  30.0
 2.025  307.5  90  51  69   1.563   0.0   0.0
 2.025  310.0  90  51  78   1.563   0.0   0.0
 2.025  312.5  90  51  63  -1.563  90.0  30.0
 2.025  622.5  90  51  63   1.563   0.0   0.0
 2.025  625.0  90  51  60   1.563 210.0  30.0
 2.025 1140.0  90  51  60  -7.813 270.0  30.0
 2.025  142.5 -90  48  57  -1.563 270.0  30.0
 2.025  167.5 -90  48  57  10.938 270.0  30.0
 2.025  182.5 -90  48  57  -4.688 270.0  30.0
 2.025  220.0 -90  48  57  -4.688 270.0  30.0
 2.025  240.0 -90  48  57  10.938 270.0  30.0
 2.025  270.0 -90  48  57  -4.688 330.0  30.0
 2.025  310.0 -90  48  57   1.563  30.0  30.0
 2.025  312.5 -90  48  66   1.563  30.0  30.0
 2.025  315.0 -90  48  66   1.563  30.0  30.0
 2.050  307.5  90  48  63   1.563   0.0   0.0
 2.050  310.0  90  48  78   1.563   0.0   0.0
 2.050  312.5  90  48  69   1.563   0.0   0.0
 2.050  622.5  90  48  60   1.563   0.0   0.0
 2.050  625.0  90  48  63  -1.563   0.0   0.0
 2.050  627.5  90  48  57   1.563   0.0   0.0
 2.050  312.5 -90  45  66   1.563  30.0  30.0
 2.050  315.0 -90  45  63   1.563  30.0  30.0
 2.050  317.5 -90  45  54  -1.563 330.0  30.0
 2.075  307.5  90  48  57   1.563   0.0   0.0
 2.075  310.0  90  48  78   1.563   0.0   0.0
 2.075  312.5  90  48  72   1.563   0.0   0.0
 2.075  315.0  90  48  57   1.563   0.0   0.0
 2.075  622.5  90  48  57  -1.563   0.0   0.0
 2.075  625.0  90  48  63   1.563   0.0   0.0
 2.075  627.5  90  48  57   1.563   0.0   0.0
 2.075  312.5 -90  48  66  -1.563   0.0   0.0
 2.075  315.0 -90  48  66   1.563  30.0  30.0
 2.100  310.0  90  48  75   1.563   0.0   0.0
 2.100  312.5  90  48  75   1.563   0.0   0.0
 2.100  625.0  90  48  57   1.563 150.0  30.0
 2.100  627.5  90  48  57   1.563 150.0  30.0
 2.100  940.0  90  48  57  -1.563   0.0   0.0
 2.100  312.5 -90  48  69   1.563   0.0   0.0
 2.100  315.0 -90  48  66  -1.563   0.0   0.0
 2.125  310.0  90  48  72   1.563   0.0   0.0
 2.125  312.5  90  48  75   1.563   0.0   0.0
 2.125  315.0  90  48  57  -1.563 150.0  30.0
 2.125  627.5  90  48  60   1.563   0.0   0.0
 2.125  942.5  90  48  57  -1.563   0.0   0.0
 2.125 1257.5  90  48  57   1.563 210.0  30.0
 2.125  312.5 -90  51  69   1.563   0.0   0.0
 2.125  315.0 -90  51  69   1.563   0.0   0.0
 2.150  310.0  90  51  69   1.563   0.0   0.0
 2.150  312.5  90  51  78   1.563   0.0   0.0
 2.150  315.0  90  51  66  -1.563   0.0   0.0
 2.150  312.5 -90  51  69   1.563   0.0   0.0
 2.150  315.0 -90  51  69   1.563   0.0   0.0
 2.175  310.0  90  51  63  -1.563   0.0   0.0
 2.175  312.5  90  51  78   1.563   0.0   0.0
 2.175  315.0  90  51  66   1.563   0.0   0.0
 2.175  120.0 -90  48  57  10.938 330.0  30.0
 2.175  130.0 -90  48  57 -10.938 330.0  30.0
 2.175  312.5 -90  48  69   1.563  30.0  30.0
 2.175  315.0 -90  48  69   1.563  30.0  30.0
 2.200  312.5  90  51  75   1.563   0.0   0.0
 2.200  315.0  90  51  69  -1.563   0.0   0.0
 2.200   80.0 -90  51  63 -10.938 330.0  30.0
 2.200   82.5 -90  51  63 -10.938 330.0  30.0
 2.200   85.0 -90  51  60 -10.938 330.0  30.0
 2.200   87.5 -90  51  60 -10.938 330.0  30.0
 2.200   90.0 -90  51  63  10.938 330.0  30.0
 2.200   92.5 -90  51  63 -10.938 330.0  30.0
 2.200   95.0 -90  51  60 -10.938 330.0  30.0
 2.200   97.5 -90  51  60 -10.938 330.0  30.0
 2.200  100.0 -90  51  60 -10.938 330.0  30.0
 2.200  102.5 -90  51  60 -10.938 330.0  30.0
 2.200  105.0 -90  51  60 -10.938 330.0  30.0
 2.200  107.5 -90  51  60 -10.938 330.0  30.0
 2.200  112.5 -90  51  60 -10.938 330.0  30.0
 2.200  115.0 -90  51  60  10.938 330.0  30.0
 2.200  117.5 -90  51  60 -10.938 330.0  30.0
 2.200  120.0 -90  51  60 -10.938 330.0  30.0
 2.200  122.5 -90  51  60 -10.938 330.0  30.0
 2.200  127.5 -90  51  60 -10.938 330.0  30.0
 2.200  130.0 -90  51  60 -10.938 330.0  30.0
 2.200  135.0 -90  51  60 -10.938 330.0  30.0
 2.200  137.5 -90  51  60 -10.938 330.0  30.0
 2.200  140.0 -90  51  60 -10.938 330.0  30.0
 2.200  142.5 -90  51  60  10.938 330.0  30.0
 2.200  312.5 -90  51  69   1.563  30.0  30.0
 2.200  315.0 -90  51  69   1.563  30.0  30.0
 2.225  312.5  90  51  72   1.563   0.0   0.0
 2.225  315.0  90  51  69   1.563   0.0   0.0
 2.225  312.5 -90  48  66   1.563  30.0  30.0
 2.225  315.0 -90  48  66   1.563 330.0  30.0
 2.250  312.5  90  54  66  -1.563  30.0  30.0
 2.250  315.0  90  54  72   1.563 330.0  30.0
 2.250  650.0  90  54  63  -1.563 150.0  30.0
 2.250  687.5  90  54  63  -1.563  90.0  30.0
 2.250  312.5 -90  48  66   1.563   0.0   0.0
 2.250  315.0 -90  48  72   1.563  30.0  30.0
 2.250  317.5 -90  48  60   1.563  30.0  30.0
 2.275  312.5  90  51  63   1.563   0.0   0.0
 2.275  315.0  90  51  75   1.563   0.0   0.0
 2.275  317.5  90  51  66   1.563   0.0   0.0
 2.275  952.5  90  51  60   1.563   0.0   0.0
 2.275 1272.5  90  51  60   1.563 210.0  30.0
 2.275  312.5 -90  48  63   1.563   0.0   0.0
 2.275  315.0 -90  48  72   1.563  30.0  30.0
 2.275  317.5 -90  48  57   1.563  30.0  30.0
 2.300  315.0  90  66  75  -1.563   0.0   0.0
 2.300  207.5 -90  54  63  -4.688 210.0  30.0
 2.300  212.5 -90  54  63  -4.688 210.0  30.0
 2.300  312.5 -90  54  63  -1.563   0.0   0.0
 2.300  315.0 -90  54  72   1.563  30.0  30.0
 2.325  315.0 -90  60  72   1.563   0.0   0.0
 2.350  315.0  90  66  75   1.563 210.0  30.0
 2.350  317.5  90  66  75   1.563   0.0   0.0
 2.350  315.0 -90  57  75   1.563   0.0   0.0
 2.375  315.0  90  51  69   1.563   0.0   0.0
 2.375  317.5  90  51  78   1.563   0.0   0.0
 2.375  637.5  90  51  63   1.563   0.0   0.0
 2.375  640.0  90  51  60   1.563   0.0   0.0
 2.375  957.5  90  51  60   1.563   0.0   0.0
 2.375  960.0  90  51  60   1.563   0.0   0.0
 2.375  315.0 -90  54  75   1.563   0.0   0.0
 2.375  317.5 -90  54  63  -1.563  30.0  30.0
 2.400  315.0  90  51  60   1.563   0.0   0.0
 2.400  317.5  90  51  78   1.563   0.0   0.0
 2.400  320.0  90  51  72   1.563   0.0   0.0
 2.400  637.5  90  51  63   1.563   0.0   0.0
 2.400  640.0  90  51  63  -1.563   0.0   0.0
 2.400  960.0  90  51  63   1.563   0.0   0.0
 2.400  962.5  90  51  60   1.563   0.0   0.0
 2.400  315.0 -90  51  75   1.563   0.0   0.0
 2.400  317.5 -90  51  69   1.563   0.0   0.0
 2.425  317.5  90  51  78   1.563   0.0   0.0
 2.425  320.0  90  51  75   1.563 150.0  30.0
 2.425  640.0  90  51  66   1.563   0.0   0.0
 2.425  962.5  90  51  63   1.563   0.0   0.0
 2.425  315.0 -90  48  72   1.563   0.0   0.0
 2.425  317.5 -90  48  72  -1.563   0.0   0.0
 2.425  320.0 -90  48  57   1.563  30.0  30.0
 2.425  422.5 -90  48  57  -4.688 330.0  30.0
 2.425  435.0 -90  48  57  -4.688 330.0  30.0
 2.450  317.5  90  48  75   1.563   0.0   0.0
 2.450  320.0  90  48  75   1.563   0.0   0.0
 2.450  322.5  90  48  57   1.563  30.0  30.0
 2.450  640.0  90  48  57   1.563   0.0   0.0
 2.450  642.5  90  48  63   1.563   0.0   0.0
 2.450  962.5  90  48  60   1.563   0.0   0.0
 2.450  965.0  90  48  60   1.563   0.0   0.0
 2.450  967.5  90  48  57   1.563 210.0  30.0
 2.450  315.0 -90  48  72   1.563   0.0   0.0
 2.450  317.5 -90  48  72   1.563   0.0   0.0
 2.450  457.5 -90  48  57  -1.563 330.0  30.0
 2.475  317.5  90  60  69   1.563   0.0   0.0
 2.475  320.0  90  60  78   1.563   0.0   0.0
 2.475  315.0 -90  54  69  -1.563   0.0   0.0
 2.475  317.5 -90  54  72   1.563   0.0   0.0
 2.500  317.5  90  48  66   1.563   0.0   0.0
 2.500  320.0  90  48  78   1.563   0.0   0.0
 2.500  322.5  90  48  69   1.563 150.0  30.0
 2.500  460.0  90  48  57   1.563 150.0  30.0
 2.500  545.0  90  48  57   7.813 330.0  30.0
 2.500  642.5  90  48  60   1.563   0.0   0.0
 2.500  645.0  90  48  63   1.563   0.0   0.0
 2.500  967.5  90  48  60   1.563   0.0   0.0
 2.500  315.0 -90  48  66   1.563   0.0   0.0
 2.500  317.5 -90  48  75   1.563   0.0   0.0
 2.500  532.5 -90  48  57   7.813 330.0  30.0
 2.500  537.5 -90  48  57  -7.813 330.0  30.0
 2.525  320.0  90  60  78   1.563   0.0   0.0
 2.525  322.5  90  60  69   1.563   0.0   0.0
 2.525  317.5 -90  57  78   1.563   0.0   0.0
 2.550  320.0  90  48  75   1.563   0.0   0.0
 2.550  322.5  90  48  75   1.563   0.0   0.0
 2.550  325.0  90  48  57  -1.563  30.0  30.0
 2.550  417.5  90  48  57   1.563   0.0   0.0
 2.550  465.0  90  48  60   1.563   0.0   0.0
 2.550  467.5  90  48  60   1.563   0.0   0.0
 2.550  470.0  90  48  57   1.563   0.0   0.0
 2.550  645.0  90  48  60  -1.563   0.0   0.0
 2.550  315.0 -90  48  60   1.563   0.0   0.0
 2.550  317.5 -90  48  75   1.563   0.0   0.0
 2.550  320.0 -90  48  66   1.563  30.0  30.0
 2.550  632.5 -90  48  57   1.563 330.0  30.0
 2.575  320.0  90  54  72   1.563   0.0   0.0
 2.575  322.5  90  54  78   1.563   0.0   0.0
 2.575  325.0  90  54  63  -1.563 150.0  30.0
 2.575  317.5 -90  51  75   1.563   0.0   0.0
 2.575  320.0 -90  51  69   1.563   0.0   0.0
 2.600  322.5  90  57  75   1.563   0.0   0.0
 2.600  317.5 -90  54  72   1.563   0.0   0.0
 2.600  320.0 -90  54  66   1.563   0.0   0.0
 2.625  322.5  90  57  75   1.563   0.0   0.0
 2.625  317.5 -90  54  72   1.563   0.0   0.0
 2.625  320.0 -90  54  72   1.563   0.0   0.0
 2.650  322.5  90  51  72   1.563   0.0   0.0
 2.650  325.0  90  51  69   1.563   0.0   0.0
 2.650  805.0  90  51  60   1.563   0.0   0.0
 2.650  807.5  90  51  60   1.563   0.0   0.0
 2.650  317.5 -90  51  66   1.563   0.0   0.0
 2.650  320.0 -90  51  75   1.563   0.0   0.0
 2.675  322.5  90  54  69   1.563   0.0   0.0
 2.675  325.0  90  54  72   1.563   0.0   0.0
 2.675  652.5  90  54  63   1.563   0.0   0.0
 2.675  317.5 -90  54  63   1.563   0.0   0.0
 2.675  320.0 -90  54  72   1.563   0.0   0.0
 2.700  322.5  90  48  63  -1.563   0.0   0.0
 2.700  325.0  90  48  72   1.563   0.0   0.0
 2.700  327.5  90  48  60   1.563   0.0   0.0
 2.700  652.5  90  48  57   1.563   0.0   0.0
 2.700  980.0  90  48  57   1.563   0.0   0.0
 2.700  982.5  90  48  60   1.563   0.0   0.0
 2.700  317.5 -90  48  60   1.563   0.0   0.0
 2.700  320.0 -90  48  75   1.563   0.0   0.0
 2.700  322.5 -90  48  66   1.563   0.0   0.0
 2.725  322.5  90  51  60   1.563 210.0  30.0
 2.725  325.0  90  51  75   1.563   0.0   0.0
 2.725  327.5  90  51  69   1.563   0.0   0.0
 2.725  320.0 -90  48  75   1.563   0.0   0.0
 2.725  322.5 -90  48  69   1.563   0.0   0.0
 2.750  325.0  90  54  72   1.563   0.0   0.0
 2.750  327.5  90  54  69  -1.563   0.0   0.0
 2.750  320.0 -90  48  72   1.563   0.0   0.0
 2.750  322.5 -90  48  69   1.563   0.0   0.0
 2.750  800.0 -90  48  57   4.688 330.0  30.0
 2.750  820.0 -90  48  57   7.813 330.0  30.0
 2.775  325.0  90  54  69   1.563   0.0   0.0
 2.775  327.5  90  54  72   1.563   0.0   0.0
 2.775  987.5  90  54  63  -1.563 210.0  30.0
 2.775  320.0 -90  54  69   1.563   0.0   0.0
 2.775  322.5 -90  54  72   1.563   0.0   0.0
 2.800  325.0  90  54  66  -1.563   0.0   0.0
 2.800  327.5  90  54  75   1.563   0.0   0.0
 2.800  330.0  90  54  63  -1.563   0.0   0.0
 2.800  990.0  90  54  63  -1.563   0.0   0.0
 2.800  320.0 -90  51  69   1.563  30.0  30.0
 2.800  322.5 -90  51  75   1.563  30.0  30.0
 2.800  325.0 -90  51  60  -1.563   0.0   0.0
 2.825  327.5  90  60  78   1.563   0.0   0.0
 2.825  322.5 -90  60  78   1.563   0.0   0.0
 2.825  545.0 -90  60  69  10.938 270.0  30.0
 2.825  580.0 -90  60  69  -4.688 270.0  30.0
 2.825  650.0 -90  60  69  -1.563 270.0  30.0
 2.825  737.5 -90  60  69   1.563 270.0  30.0
 2.850  327.5  90  69  78   1.563 210.0  30.0
 2.850  322.5 -90  63  78   1.563   0.0   0.0
 2.850  325.0 -90  63  72   1.563   0.0   0.0
 2.875  327.5  90  63  72   1.563   0.0   0.0
 2.875  330.0  90  63  75   1.563   0.0   0.0
 2.875  747.5  90  63  72  10.938 270.0  30.0
 2.875  322.5 -90  60  78   1.563   0.0   0.0
 2.875  325.0 -90  60  72  -1.563   0.0   0.0
 2.900  327.5  90  63  72   1.563 210.0  30.0
 2.900  330.0  90  63  75   1.563   0.0   0.0
 2.900  322.5 -90  63  75  -1.563   0.0   0.0
 2.900  325.0 -90  63  72  -1.563  30.0  30.0
 2.925  330.0  90  66  78   1.563   0.0   0.0
 2.925  322.5 -90  60  72   1.563   0.0   0.0
 2.925  325.0 -90  60  75   1.563  30.0  30.0
 2.950  325.0 -90  63  78   1.563  30.0  30.0
 2.975  325.0 -90  66  78   1.563  30.0  30.0
 2.975 1217.5 -90  66  75   7.813 270.0  30.0
 3.000  330.0  90  57  66   1.563   0.0   0.0
 3.000  332.5  90  57  75   1.563   0.0   0.0
 3.000  910.0  90  57  66 -10.938 270.0  30.0
 3.000  922.5  90  57  66  -1.563 270.0  30.0
 3.000  935.0  90  57  66  10.938 270.0  30.0
 3.000  965.0  90  57  66 -10.938 270.0  30.0
 3.000  325.0 -90  51  78   1.563   0.0   0.0
 3.000  327.5 -90  51  69   1.563   0.0   0.0
 3.000  655.0 -90  51  60   1.563  30.0  30.0
 3.025  330.0  90  51  60  -1.563   0.0   0.0
 3.025  332.5  90  51  75   1.563   0.0   0.0
 3.025  335.0  90  51  60   1.563   0.0   0.0
 3.025  325.0 -90  48  75   1.563   0.0   0.0
 3.025  327.5 -90  48  72   1.563   0.0   0.0
 3.025  655.0 -90  48  60   1.563   0.0   0.0
 3.025  657.5 -90  48  57   1.563   0.0   0.0
 3.050  330.0  90  48  57   1.563   0.0   0.0
 3.050  332.5  90  48  75   1.563   0.0   0.0
 3.050  335.0  90  48  69   1.563   0.0   0.0
 3.050  670.0  90  48  57   1.563 210.0  30.0
 3.050  325.0 -90  48  72   1.563   0.0   0.0
 3.050  327.5 -90  48  75   1.563   0.0   0.0
 3.050  655.0 -90  48  57   1.563   0.0   0.0
 3.050  657.5 -90  48  60  -1.563   0.0   0.0
 3.050  987.5 -90  48  57   1.563   0.0   0.0
 3.075  332.5  90  51  69   1.563   0.0   0.0
 3.075  335.0  90  51  72   1.563   0.0   0.0
 3.075  325.0 -90  51  69   1.563   0.0   0.0
 3.075  327.5 -90  51  75   1.563   0.0   0.0
 3.075  657.5 -90  51  60   1.563   0.0   0.0
 3.100  332.5  90  54  66   1.563   0.0   0.0
 3.100  335.0  90  54  75   1.563   0.0   0.0
 3.100  325.0 -90  51  63   1.563   0.0   0.0
 3.100  327.5 -90  51  78   1.563   0.0   0.0
 3.100  330.0 -90  51  63   1.563   0.0   0.0
 3.125  335.0  90  54  72   1.563   0.0   0.0
 3.125  337.5  90  54  63   1.563   0.0   0.0
 3.125  325.0 -90  51  60   1.563   0.0   0.0
 3.125  327.5 -90  51  75   1.563   0.0   0.0
 3.125  330.0 -90  51  66   1.563   0.0   0.0
 3.125  660.0 -90  51  60   1.563   0.0   0.0
 3.150  335.0  90  54  72   1.563   0.0   0.0
 3.150  337.5  90  54  69  -1.563   0.0   0.0
 3.150  327.5 -90  51  72   1.563   0.0   0.0
 3.150  330.0 -90  51  69   1.563   0.0   0.0
 3.200  335.0  90  60  69  -7.813 270.0  30.0
 3.200  337.5  90  60  75   1.563 210.0  30.0
 3.200  342.5  90  60  69   1.563 270.0  30.0
 3.200  345.0  90  60  69   1.563 270.0  30.0
 3.200  635.0  90  60  69   1.563 270.0  30.0
 3.200   80.0 -90  60  69  -1.563 330.0  30.0
 3.200   82.5 -90  60  72  -1.563 270.0  30.0
 3.200   85.0 -90  60  72  -1.563 270.0  30.0
 3.200   90.0 -90  60  69   7.813 270.0  30.0
 3.200   92.5 -90  60  69   7.813 270.0  30.0
 3.200  107.5 -90  60  69   7.813 270.0  30.0
 3.200  110.0 -90  60  69  -4.688 270.0  30.0
 3.200  112.5 -90  60  69  -7.813 270.0  30.0
 3.200  127.5 -90  60  69  10.938 270.0  30.0
 3.200  130.0 -90  60  69  10.938 270.0  30.0
 3.200  132.5 -90  60  69  -4.688 270.0  30.0
 3.200  135.0 -90  60  72  -4.688 270.0  30.0
 3.200  137.5 -90  60  69  -4.688 270.0  30.0
 3.200  150.0 -90  60  69 -10.938 270.0  30.0
 3.200  152.5 -90  60  69 -10.938 270.0  30.0
 3.200  160.0 -90  60  69  -1.563 270.0  30.0
 3.200  330.0 -90  60  72   1.563   0.0   0.0
 3.200  922.5 -90  60  69  10.938 270.0  30.0
 3.200  925.0 -90  60  69   7.813 270.0  30.0
 3.200  930.0 -90  60  69  -4.688 270.0  30.0
 3.200  932.5 -90  60  69  -4.688 270.0  30.0
 3.200  935.0 -90  60  69  10.938 270.0  30.0
 3.200  937.5 -90  60  69   7.813 270.0  30.0
 3.200  947.5 -90  60  69 -10.938 270.0  30.0
 3.200  950.0 -90  60  69 -10.938 270.0  30.0
 3.200  952.5 -90  60  69 -10.938 270.0  30.0
 3.200  957.5 -90  60  69  -1.563 270.0  30.0
 3.200  960.0 -90  60  69  -1.563 270.0  30.0
 3.200  962.5 -90  60  69   7.813 270.0  30.0
 3.200 1007.5 -90  60  69  -1.563 270.0  30.0
 3.200 1207.5 -90  60  69  -4.688 270.0  30.0
 3.200 1210.0 -90  60  69  -4.688 270.0  30.0
 3.200 1212.5 -90  60  69   1.563 330.0  30.0
 3.200 1215.0 -90  60  69   1.563 270.0  30.0
 3.200 1217.5 -90  60  69   4.688 270.0  30.0
 3.200 1220.0 -90  60  69   4.688 270.0  30.0
 3.200 1222.5 -90  60  69  10.938 270.0  30.0
 3.200 1225.0 -90  60  69  10.938 270.0  30.0
 3.200 1230.0 -90  60  69  -4.688 270.0  30.0
 3.200 1232.5 -90  60  69  -4.688 270.0  30.0
 3.200 1235.0 -90  60  69 -10.938 270.0  30.0
 3.200 1237.5 -90  60  69 -10.938 270.0  30.0
 3.200 1240.0 -90  60  69   1.563 270.0  30.0
 3.200 1242.5 -90  60  69  -1.563 270.0  30.0
 3.200 1245.0 -90  60  69  -1.563 270.0  30.0
 3.200 1250.0 -90  60  69   7.813 270.0  30.0
 3.200 1252.5 -90  60  69   7.813 270.0  30.0
 3.200 1272.5 -90  60  69 -10.938 270.0  30.0
 3.200 1282.5 -90  60  69  -1.563 270.0  30.0
 3.225  305.0  90  54  63  -7.813 270.0  30.0
 3.225  312.5  90  54  63   1.563 270.0  30.0
 3.225  315.0  90  54  63   1.563 270.0  30.0
 3.225  320.0  90  54  63  10.938 270.0  30.0
 3.225  322.5  90  54  63 -10.938 270.0  30.0
 3.225  330.0  90  54  63  -7.813 270.0  30.0
 3.225  332.5  90  54  63  -7.813 270.0  30.0
 3.225  335.0  90  54  63   7.813 270.0  30.0
 3.225  337.5  90  54  72   1.563   0.0   0.0
 3.225  340.0  90  54  63   4.688 270.0  30.0
 3.225  342.5  90  54  63   4.688 270.0  30.0
 3.225  345.0  90  54  63   4.688 270.0  30.0
 3.225  347.5  90  54  66  10.938 270.0  30.0
 3.225  350.0  90  54  66  10.938 270.0  30.0
 3.225  352.5  90  54  63  -1.563 270.0  30.0
 3.225  355.0  90  54  63  10.938 270.0  30.0
 3.225  357.5  90  54  63  -4.688 270.0  30.0
 3.225  360.0  90  54  63  -4.688 270.0  30.0
 3.225  362.5  90  54  63   4.688 270.0  30.0
 3.225  365.0  90  54  63   4.688 270.0  30.0
 3.225  367.5  90  54  63   4.688 270.0  30.0
 3.225  370.0  90  54  63  10.938 270.0  30.0
 3.225  377.5  90  54  63 -10.938 270.0  30.0
 3.225  477.5  90  54  63   7.813 270.0  30.0
 3.225  480.0  90  54  63   7.813 270.0  30.0
 3.225  497.5  90  54  63   1.563 270.0  30.0
 3.225  510.0  90  54  63  -1.563 270.0  30.0
 3.225  600.0  90  54  63  10.938 270.0  30.0
 3.225  605.0  90  54  63  -7.813 270.0  30.0
 3.225  607.5  90  54  63  -4.688 270.0  30.0
 3.225  612.5  90  54  63   1.563 270.0  30.0
 3.225  670.0  90  54  63   7.813 270.0  30.0
 3.225  695.0  90  54  63 -10.938 270.0  30.0
 3.225  735.0  90  54  63  10.938 270.0  30.0
 3.225  737.5  90  54  63 -10.938 270.0  30.0
 3.225  740.0  90  54  63  -1.563 270.0  30.0
 3.225  742.5  90  54  63  -4.688 270.0  30.0
 3.225  762.5  90  54  63  -7.813 270.0  30.0
 3.225  790.0  90  54  63  -7.813 270.0  30.0
 3.225   80.0 -90  51  69   4.688 270.0  30.0
 3.225   82.5 -90  51  66   7.813 270.0  30.0
 3.225   85.0 -90  51  66 -10.938 270.0  30.0
 3.225   87.5 -90  51  60   4.688 270.0  30.0
 3.225   90.0 -90  51  63   4.688 270.0  30.0
 3.225   92.5 -90  51  63   4.688 270.0  30.0
 3.225   95.0 -90  51  66 -10.938 270.0  30.0
 3.225   97.5 -90  51  63 -10.938 270.0  30.0
 3.225  100.0 -90  51  63   4.688 270.0  30.0
 3.225  102.5 -90  51  63   4.688 270.0  30.0
 3.225  105.0 -90  51  60 -10.938 270.0  30.0
 3.225  110.0 -90  51  60   1.563 270.0  30.0
 3.225  112.5 -90  51  63   7.813 270.0  30.0
 3.225  115.0 -90  51  63   7.813 270.0  30.0
 3.225  117.5 -90  51  63   7.813 270.0  30.0
 3.225  120.0 -90  51  63   7.813 270.0  30.0
 3.225  122.5 -90  51  63   7.813 270.0  30.0
 3.225  125.0 -90  51  63  -4.688 270.0  30.0
 3.225  127.5 -90  51  66  -4.688 270.0  30.0
 3.225  130.0 -90  51  63  -7.813 270.0  30.0
 3.225  132.5 -90  51  66   4.688 270.0  30.0
 3.225  135.0 -90  51  63 -10.938 270.0  30.0
 3.225  137.5 -90  51  63  -7.813 270.0  30.0
 3.225  140.0 -90  51  63   1.563 270.0  30.0
 3.225  142.5 -90  51  63   1.563 270.0  30.0
 3.225  145.0 -90  51  63   4.688 270.0  30.0
 3.225  147.5 -90  51  63  -4.688 270.0  30.0
 3.225  150.0 -90  51  66  -4.688 270.0  30.0
 3.225  152.5 -90  51  60   1.563 270.0  30.0
 3.225  155.0 -90  51  60   4.688 270.0  30.0
 3.225  157.5 -90  51  60  -7.813 270.0  30.0
 3.225  160.0 -90  51  63   4.688 270.0  30.0
 3.225  162.5 -90  51  63  -4.688 270.0  30.0
 3.225  165.0 -90  51  63 -10.938 270.0  30.0
 3.225  167.5 -90  51  63 -10.938 270.0  30.0
 3.225  177.5 -90  51  60  -1.563 270.0  30.0
 3.225  182.5 -90  51  63   7.813 270.0  30.0
 3.225  185.0 -90  51  60   7.813 270.0  30.0
 3.225  187.5 -90  51  60  -7.813 270.0  30.0
 3.225  215.0 -90  51  60  -1.563 270.0  30.0
 3.225  217.5 -90  51  60  -1.563 270.0  30.0
 3.225  222.5 -90  51  60   7.813 270.0  30.0
 3.225  327.5 -90  51  63  -1.563   0.0   0.0
 3.225  330.0 -90  51  75   1.563   0.0   0.0
 3.225  332.5 -90  51  63  -1.563   0.0   0.0
 3.225  350.0 -90  51  60  10.938 270.0  30.0
 3.225  355.0 -90  51  60  -7.813 330.0  30.0
 3.225  882.5 -90  51  60  -7.813 270.0  30.0
 3.225  885.0 -90  51  60  -7.813 270.0  30.0
 3.225  887.5 -90  51  60  -7.813 330.0  30.0
 3.225  890.0 -90  51  63   7.813 270.0  30.0
 3.225  892.5 -90  51  63   1.563 270.0  30.0
 3.225  895.0 -90  51  63   1.563 270.0  30.0
 3.225  897.5 -90  51  60   1.563 270.0  30.0
 3.225  900.0 -90  51  63  -7.813 270.0  30.0
 3.225  902.5 -90  51  63 -10.938 270.0  30.0
 3.225  905.0 -90  51  63  10.938 270.0  30.0
 3.225  907.5 -90  51  60  10.938 270.0  30.0
 3.225  910.0 -90  51  60  -4.688 270.0  30.0
 3.225  912.5 -90  51  60  -4.688 270.0  30.0
 3.225  915.0 -90  51  63 -10.938 270.0  30.0
 3.225  917.5 -90  51  60  10.938 270.0  30.0
 3.225  920.0 -90  51  63   1.563 270.0  30.0
 3.225  922.5 -90  51  60  -1.563 270.0  30.0
 3.225  925.0 -90  51  60  -1.563 270.0  30.0
 3.225  930.0 -90  51  63   7.813 270.0  30.0
 3.225  932.5 -90  51  63   7.813 270.0  30.0
 3.225  935.0 -90  51  60  -7.813 270.0  30.0
 3.225  937.5 -90  51  66  -7.813 270.0  30.0
 3.225  940.0 -90  51  66  -7.813 270.0  30.0
 3.225  942.5 -90  51  66  -7.813 270.0  30.0
 3.225  945.0 -90  51  66   4.688 270.0  30.0
 3.225  947.5 -90  51  66   1.563 270.0  30.0
 3.225  950.0 -90  51  66   1.563 270.0  30.0
 3.225  952.5 -90  51  66  -7.813 270.0  30.0
 3.225  955.0 -90  51  66 -10.938 270.0  30.0
 3.225  957.5 -90  51  66   1.563 270.0  30.0
 3.225  960.0 -90  51  66   1.563 270.0  30.0
 3.225  962.5 -90  51  66  -1.563 270.0  30.0
 3.225  965.0 -90  51  66  -1.563 270.0  30.0
 3.225  967.5 -90  51  66 -10.938 270.0  30.0
 3.225  970.0 -90  51  66  10.938 270.0  30.0
 3.225  972.5 -90  51  63  10.938 270.0  30.0
 3.225  975.0 -90  51  66  -1.563 270.0  30.0
 3.225  977.5 -90  51  66  -1.563 270.0  30.0
 3.225  980.0 -90  51  66  -1.563 270.0  30.0
 3.225  982.5 -90  51  63   7.813 270.0  30.0
 3.225  985.0 -90  51  66   7.813 270.0  30.0
 3.225  987.5 -90  51  63   7.813 270.0  30.0
 3.225  990.0 -90  51  60   4.688 270.0  30.0
 3.225  992.5 -90  51  63  -7.813 330.0  30.0
 3.225  995.0 -90  51  60   7.813 270.0  30.0
 3.225 1005.0 -90  51  60  -1.563 270.0  30.0
 3.225 1007.5 -90  51  63  -1.563 270.0  30.0
 3.225 1010.0 -90  51  63  -1.563 270.0  30.0
 3.225 1012.5 -90  51  63  -7.813 270.0  30.0
 3.225 1015.0 -90  51  60  -7.813 270.0  30.0
 3.225 1017.5 -90  51  60 -10.938 270.0  30.0
 3.225 1020.0 -90  51  63  -7.813 270.0  30.0
 3.225 1025.0 -90  51  63   1.563 270.0  30.0
 3.225 1027.5 -90  51  63  -7.813 270.0  30.0
 3.225 1030.0 -90  51  66 -10.938 270.0  30.0
 3.225 1032.5 -90  51  60 -10.938 270.0  30.0
 3.225 1035.0 -90  51  60   7.813 270.0  30.0
 3.225 1037.5 -90  51  60  10.938 270.0  30.0
 3.225 1040.0 -90  51  63   1.563 270.0  30.0
 3.225 1042.5 -90  51  63  -1.563 270.0  30.0
 3.225 1045.0 -90  51  63 -10.938 270.0  30.0
 3.225 1047.5 -90  51  60   4.688 270.0  30.0
 3.225 1050.0 -90  51  60  10.938 270.0  30.0
 3.225 1052.5 -90  51  60  -1.563 270.0  30.0
 3.225 1055.0 -90  51  60  -7.813 270.0  30.0
 3.225 1057.5 -90  51  60  -4.688 270.0  30.0
 3.225 1060.0 -90  51  60  10.938 270.0  30.0
 3.225 1062.5 -90  51  63   4.688 270.0  30.0
 3.225 1065.0 -90  51  60   7.813 270.0  30.0
 3.225 1067.5 -90  51  60 -10.938 270.0  30.0
 3.225 1070.0 -90  51  63  -7.813 270.0  30.0
 3.225 1072.5 -90  51  60  10.938 270.0  30.0
 3.225 1075.0 -90  51  60   4.688 270.0  30.0
 3.225 1077.5 -90  51  60   4.688 270.0  30.0
 3.225 1080.0 -90  51  60  -7.813 270.0  30.0
 3.225 1082.5 -90  51  60  -7.813 270.0  30.0
 3.225 1085.0 -90  51  60  10.938 270.0  30.0
 3.225 1087.5 -90  51  60  10.938 270.0  30.0
 3.225 1090.0 -90  51  63   1.563 270.0  30.0
 3.225 1092.5 -90  51  63  -1.563 270.0  30.0
 3.225 1095.0 -90  51  60  -1.563 270.0  30.0
 3.225 1100.0 -90  51  60  10.938 270.0  30.0
 3.225 1102.5 -90  51  60  10.938 270.0  30.0
 3.225 1105.0 -90  51  60  -4.688 270.0  30.0
 3.225 1107.5 -90  51  60  -4.688 270.0  30.0
 3.225 1110.0 -90  51  63 -10.938 270.0  30.0
 3.225 1112.5 -90  51  60 -10.938 270.0  30.0
 3.225 1125.0 -90  51  60 -10.938 270.0  30.0
 3.225 1180.0 -90  51  60   7.813 270.0  30.0
 3.225 1182.5 -90  51  60  -7.813 330.0  30.0
 3.225 1187.5 -90  51  63  -7.813 270.0  30.0
 3.225 1190.0 -90  51  63  -7.813 270.0  30.0
 3.225 1192.5 -90  51  63   7.813 270.0  30.0
 3.225 1195.0 -90  51  63   1.563 270.0  30.0
 3.225 1197.5 -90  51  63   1.563 270.0  30.0
 3.225 1200.0 -90  51  66  -7.813 270.0  30.0
 3.225 1202.5 -90  51  66  10.938 270.0  30.0
 3.225 1205.0 -90  51  66  10.938 270.0  30.0
 3.225 1207.5 -90  51  66   1.563 270.0  30.0
 3.225 1210.0 -90  51  66  -1.563 270.0  30.0
 3.225 1212.5 -90  51  69  -4.688 270.0  30.0
 3.225 1215.0 -90  51  66  -4.688 270.0  30.0
 3.225 1217.5 -90  51  63  10.938 270.0  30.0
 3.225 1220.0 -90  51  66   4.688 270.0  30.0
 3.225 1222.5 -90  51  66   4.688 270.0  30.0
 3.225 1225.0 -90  51  60   4.688 270.0  30.0
 3.225 1227.5 -90  51  63 -10.938 270.0  30.0
 3.225 1230.0 -90  51  63 -10.938 270.0  30.0
 3.225 1232.5 -90  51  63 -10.938 270.0  30.0
 3.225 1235.0 -90  51  63  -4.688 270.0  30.0
 3.225 1237.5 -90  51  66  -1.563 270.0  30.0
 3.225 1240.0 -90  51  63  -1.563 270.0  30.0
 3.225 1242.5 -90  51  63   4.688 270.0  30.0
 3.225 1245.0 -90  51  66   4.688 270.0  30.0
 3.225 1247.5 -90  51  63   4.688 270.0  30.0
 3.225 1250.0 -90  51  63 -10.938 330.0  30.0
 3.225 1252.5 -90  51  66 -10.938 270.0  30.0
 3.225 1255.0 -90  51  63 -10.938 270.0  30.0
 3.225 1257.5 -90  51  66  -7.813 270.0  30.0
 3.225 1260.0 -90  51  66  -1.563 270.0  30.0
 3.225 1262.5 -90  51  66  -1.563 270.0  30.0
 3.225 1265.0 -90  51  63  -7.813 270.0  30.0
 3.225 1267.5 -90  51  63  -1.563 270.0  30.0
 3.225 1270.0 -90  51  66  -1.563 270.0  30.0
 3.225 1272.5 -90  51  63   1.563 270.0  30.0
 3.225 1275.0 -90  51  60  -1.563 270.0  30.0
 3.225 1277.5 -90  51  60   7.813 270.0  30.0
 3.225 1280.0 -90  51  63  10.938 270.0  30.0
 3.225 1282.5 -90  51  63   1.563 270.0  30.0
 3.250  337.5  90  54  72   1.563   0.0   0.0
 3.250  340.0  90  54  72   1.563   0.0   0.0
 3.250  445.0  90  54  63   1.563 270.0  30.0
 3.250  452.5  90  54  63  -7.813 270.0  30.0
 3.250  455.0  90  54  63  -7.813 270.0  30.0
 3.250  462.5  90  54  63  -7.813 270.0  30.0
 3.250  465.0  90  54  63   7.813 270.0  30.0
 3.250  470.0  90  54  63   1.563 270.0  30.0
 3.250  472.5  90  54  63   1.563 270.0  30.0
 3.250  475.0  90  54  63   4.688 270.0  30.0
 3.250  480.0  90  54  66  10.938 270.0  30.0
 3.250  482.5  90  54  63  10.938 270.0  30.0
 3.250  487.5  90  54  66  -4.688 270.0  30.0
 3.250  490.0  90  54  66  -4.688 270.0  30.0
 3.250  495.0  90  54  63   4.688 270.0  30.0
 3.250  497.5  90  54  66   4.688 270.0  30.0
 3.250  500.0  90  54  63   4.688 270.0  30.0
 3.250  502.5  90  54  63 -10.938 270.0  30.0
 3.250  505.0  90  54  63 -10.938 270.0  30.0
 3.250  507.5  90  54  63 -10.938 270.0  30.0
 3.250  510.0  90  54  63  -1.563 270.0  30.0
 3.250  512.5  90  54  63  -1.563 270.0  30.0
 3.250  515.0  90  54  63  -1.563 270.0  30.0
 3.250  762.5  90  54  63  -4.688 270.0  30.0
 3.250  765.0  90  54  63  -7.813 270.0  30.0
 3.250  777.5  90  54  63 -10.938 270.0  30.0
 3.250  780.0  90  54  63  10.938 270.0  30.0
 3.250  785.0  90  54  63  -4.688 270.0  30.0
 3.250  787.5  90  54  63  -4.688 270.0  30.0
 3.250  795.0  90  54  63   4.688 270.0  30.0
 3.250  797.5  90  54  63   4.688 270.0  30.0
 3.250  805.0  90  54  63 -10.938 270.0  30.0
 3.250  807.5  90  54  63 -10.938 270.0  30.0
 3.250  812.5  90  54  63  -1.563 270.0  30.0
 3.250   82.5 -90  51  60  -1.563 270.0  30.0
 3.250   85.0 -90  51  60  -1.563 270.0  30.0
 3.250   87.5 -90  51  60  -4.688 270.0  30.0
 3.250   90.0 -90  51  60  -1.563 270.0  30.0
 3.250   95.0 -90  51  60  -4.688 270.0  30.0
 3.250   97.5 -90  51  60   4.688 270.0  30.0
 3.250  100.0 -90  51  60   4.688 270.0  30.0
 3.250  127.5 -90  51  60  -7.813 270.0  30.0
 3.250  130.0 -90  51  63  -7.813 270.0  30.0
 3.250  132.5 -90  51  63  -7.813 270.0  30.0
 3.250  135.0 -90  51  66  -7.813 270.0  30.0
 3.250  137.5 -90  51  66  -7.813 270.0  30.0
 3.250  140.0 -90  51  63   1.563 270.0  30.0
 3.250  142.5 -90  51  66   1.563 270.0  30.0
 3.250  145.0 -90  51  66   1.563 270.0  30.0
 3.250  147.5 -90  51  63   1.563 270.0  30.0
 3.250  150.0 -90  51  63 -10.938 270.0  30.0
 3.250  152.5 -90  51  66 -10.938 270.0  30.0
 3.250  155.0 -90  51  63 -10.938 270.0  30.0
 3.250  157.5 -90  51  63 -10.938 270.0  30.0
 3.250  160.0 -90  51  63  -1.563 270.0  30.0
 3.250  162.5 -90  51  60  -1.563 270.0  30.0
 3.250  165.0 -90  51  60  -1.563 270.0  30.0
 3.250  167.5 -90  51  63  -1.563 270.0  30.0
 3.250  170.0 -90  51  63  -1.563 270.0  30.0
 3.250  172.5 -90  51  63   1.563 270.0  30.0
 3.250  175.0 -90  51  60   1.563 270.0  30.0
 3.250  180.0 -90  51  60 -10.938 270.0  30.0
 3.250  182.5 -90  51  63 -10.938 270.0  30.0
 3.250  185.0 -90  51  60   4.688 270.0  30.0
 3.250  187.5 -90  51  60   7.813 270.0  30.0
 3.250  190.0 -90  51  60  -1.563 270.0  30.0
 3.250  192.5 -90  51  60  -1.563 270.0  30.0
 3.250  195.0 -90  51  60   7.813 270.0  30.0
 3.250  197.5 -90  51  63   7.813 270.0  30.0
 3.250  200.0 -90  51  60   7.813 270.0  30.0
 3.250  202.5 -90  51  60  -7.813 270.0  30.0
 3.250  205.0 -90  51  60  -7.813 270.0  30.0
 3.250  210.0 -90  51  60  -1.563 270.0  30.0
 3.250  212.5 -90  51  60   1.563 270.0  30.0
 3.250  215.0 -90  51  60   1.563 270.0  30.0
 3.250  217.5 -90  51  60   1.563 270.0  30.0
 3.250  220.0 -90  51  60  -1.563 270.0  30.0
 3.250  222.5 -90  51  60  -1.563 270.0  30.0
 3.250  227.5 -90  51  60 -10.938 270.0  30.0
 3.250  230.0 -90  51  60 -10.938 270.0  30.0
 3.250  237.5 -90  51  60  -1.563 270.0  30.0
 3.250  330.0 -90  51  75   1.563   0.0   0.0
 3.250  332.5 -90  51  69   1.563   0.0   0.0
 3.250  665.0 -90  51  60  -1.563   0.0   0.0
 3.250  667.5 -90  51  60   1.563   0.0   0.0
 3.250  955.0 -90  51  60  -4.688 270.0  30.0
 3.250  960.0 -90  51  60   4.688 270.0  30.0
 3.250  970.0 -90  51  60   7.813 270.0  30.0
 3.250  972.5 -90  51  60  10.938 270.0  30.0
 3.250  977.5 -90  51  60  -1.563 270.0  30.0
 3.250  992.5 -90  51  60  -1.563 270.0  30.0
 3.250  995.0 -90  51  60 -10.938 270.0  30.0
 3.250 1007.5 -90  51  60 -10.938 270.0  30.0
 3.250 1012.5 -90  51  60   7.813 270.0  30.0
 3.250 1017.5 -90  51  60   7.813 270.0  30.0
 3.250 1022.5 -90  51  60   1.563 270.0  30.0
 3.250 1025.0 -90  51  60   4.688 270.0  30.0
 3.250 1027.5 -90  51  60   7.813 270.0  30.0
 3.250 1030.0 -90  51  63   4.688 270.0  30.0
 3.250 1032.5 -90  51  60  -1.563 270.0  30.0
 3.250 1035.0 -90  51  63  -7.813 270.0  30.0
 3.250 1037.5 -90  51  63  -7.813 270.0  30.0
 3.250 1040.0 -90  51  60  -7.813 270.0  30.0
 3.250 1042.5 -90  51  63   4.688 270.0  30.0
 3.250 1045.0 -90  51  63   4.688 270.0  30.0
 3.250 1052.5 -90  51  63   7.813 270.0  30.0
 3.250 1055.0 -90  51  63  10.938 270.0  30.0
 3.250 1057.5 -90  51  63  -1.563 270.0  30.0
 3.250 1060.0 -90  51  63  -1.563 270.0  30.0
 3.250 1062.5 -90  51  63  -7.813 270.0  30.0
 3.250 1065.0 -90  51  63  10.938 270.0  30.0
 3.250 1067.5 -90  51  63   7.813 270.0  30.0
 3.250 1070.0 -90  51  63   4.688 270.0  30.0
 3.250 1072.5 -90  51  63  -1.563 270.0  30.0
 3.250 1075.0 -90  51  63  -1.563 270.0  30.0
 3.250 1077.5 -90  51  63 -10.938 270.0  30.0
 3.250 1080.0 -90  51  63  -7.813 270.0  30.0
 3.250 1082.5 -90  51  63  -7.813 270.0  30.0
 3.250 1085.0 -90  51  63  -4.688 270.0  30.0
 3.250 1087.5 -90  51  63  -1.563 270.0  30.0
 3.250 1090.0 -90  51  60   1.563 270.0  30.0
 3.250 1092.5 -90  51  60   4.688 270.0  30.0
 3.250 1095.0 -90  51  60   7.813 270.0  30.0
 3.250 1097.5 -90  51  60  10.938 270.0  30.0
 3.250 1100.0 -90  51  60 -10.938 270.0  30.0
 3.250 1102.5 -90  51  60   4.688 270.0  30.0
 3.250 1105.0 -90  51  60   4.688 270.0  30.0
 3.250 1107.5 -90  51  60  -4.688 270.0  30.0
 3.250 1112.5 -90  51  60   4.688 270.0  30.0
 3.250 1120.0 -90  51  60  -1.563 270.0  30.0
 3.250 1122.5 -90  51  60  -1.563 270.0  30.0
 3.250 1137.5 -90  51  60  -1.563 270.0  30.0
 3.250 1270.0 -90  51  60  -7.813 270.0  30.0
 3.250 1272.5 -90  51  60  -7.813 270.0  30.0
 3.250 1280.0 -90  51  60   7.813 270.0  30.0
 3.250 1282.5 -90  51  60   1.563 270.0  30.0
 3.275  337.5  90  51  69   1.563   0.0   0.0
 3.275  340.0  90  51  75   1.563   0.0   0.0
 3.275  342.5  90  51  60   1.563   0.0   0.0
 3.275  442.5  90  51  60  -7.813 270.0  30.0
 3.275  445.0  90  51  60 -10.938 270.0  30.0
 3.275  447.5  90  51  60 -10.938 270.0  30.0
 3.275  450.0  90  51  60 -10.938 270.0  30.0
 3.275  455.0  90  51  63  -4.688 270.0  30.0
 3.275  457.5  90  51  63  -4.688 270.0  30.0
 3.275  460.0  90  51  60 -10.938 270.0  30.0
 3.275  462.5  90  51  63   4.688 270.0  30.0
 3.275  465.0  90  51  60  -1.563 270.0  30.0
 3.275  467.5  90  51  63  -1.563 270.0  30.0
 3.275  470.0  90  51  60 -10.938 270.0  30.0
 3.275  475.0  90  51  60   4.688 270.0  30.0
 3.275  477.5  90  51  60  -4.688 270.0  30.0
 3.275  480.0  90  51  63  -4.688 270.0  30.0
 3.275  487.5  90  51  60   4.688 270.0  30.0
 3.275  502.5  90  51  60  -4.688 270.0  30.0
 3.275  507.5  90  51  60   4.688 270.0  30.0
 3.275  512.5  90  51  60   4.688 270.0  30.0
 3.275  515.0  90  51  60 -10.938 270.0  30.0
 3.275  520.0  90  51  60   1.563 270.0  30.0
 3.275  522.5  90  51  60  10.938 270.0  30.0
 3.275  527.5  90  51  60  -1.563 270.0  30.0
 3.275  530.0  90  51  60  -1.563 270.0  30.0
 3.275  747.5  90  51  60  10.938 270.0  30.0
 3.275  750.0  90  51  60 -10.938 270.0  30.0
 3.275  752.5  90  51  60  -1.563 270.0  30.0
 3.275  755.0  90  51  60  -4.688 270.0  30.0
 3.275  757.5  90  51  60 -10.938 270.0  30.0
 3.275  762.5  90  51  60   7.813 270.0  30.0
 3.275  765.0  90  51  60   7.813 270.0  30.0
 3.275  770.0  90  51  60   7.813 270.0  30.0
 3.275  777.5  90  51  60  -7.813 270.0  30.0
 3.275  780.0  90  51  60  -7.813 270.0  30.0
 3.275  782.5  90  51  60   1.563 270.0  30.0
 3.275  785.0  90  51  60  -7.813 270.0  30.0
 3.275  787.5  90  51  63   1.563 270.0  30.0
 3.275  795.0  90  51  60   1.563 270.0  30.0
 3.275 1025.0  90  51  60   1.563   0.0   0.0
 3.275 1027.5  90  51  60  -1.563 210.0  30.0
 3.275  125.0 -90  51  60   1.563 270.0  30.0
 3.275  127.5 -90  51  60   1.563 270.0  30.0
 3.275  142.5 -90  51  60  -4.688 270.0  30.0
 3.275  145.0 -90  51  60  -7.813 270.0  30.0
 3.275  147.5 -90  51  60 -10.938 270.0  30.0
 3.275  150.0 -90  51  60   4.688 270.0  30.0
 3.275  152.5 -90  51  60   4.688 270.0  30.0
 3.275  157.5 -90  51  63 -10.938 270.0  30.0
 3.275  160.0 -90  51  60 -10.938 270.0  30.0
 3.275  165.0 -90  51  60  -1.563 270.0  30.0
 3.275  167.5 -90  51  63  -1.563 270.0  30.0
 3.275  170.0 -90  51  60  -1.563 270.0  30.0
 3.275  175.0 -90  51  63   7.813 270.0  30.0
 3.275  177.5 -90  51  63   7.813 270.0  30.0
 3.275  182.5 -90  51  60  -7.813 270.0  30.0
 3.275  185.0 -90  51  63  -7.813 270.0  30.0
 3.275  187.5 -90  51  60  -7.813 270.0  30.0
 3.275  192.5 -90  51  60   1.563 270.0  30.0
 3.275  195.0 -90  51  60   1.563 270.0  30.0
 3.275  210.0 -90  51  60 -10.938 270.0  30.0
 3.275  330.0 -90  51  72   1.563   0.0   0.0
 3.275  332.5 -90  51  72   1.563   0.0   0.0
 3.275  980.0 -90  51  60  -4.688 270.0  30.0
 3.275  985.0 -90  51  60   4.688 270.0  30.0
 3.275  987.5 -90  51  60   4.688 270.0  30.0
 3.275 1015.0 -90  51  60  -7.813 270.0  30.0
 3.275 1035.0 -90  51  60  -7.813 270.0  30.0
 3.275 1037.5 -90  51  60  -7.813 270.0  30.0
 3.275 1040.0 -90  51  60  -7.813 270.0  30.0
 3.275 1042.5 -90  51  60   1.563 270.0  30.0
 3.275 1045.0 -90  51  60   1.563 270.0  30.0
 3.275 1047.5 -90  51  60   1.563 270.0  30.0
 3.275 1050.0 -90  51  60  10.938 270.0  30.0
 3.275 1052.5 -90  51  63  10.938 270.0  30.0
 3.275 1055.0 -90  51  63  10.938 270.0  30.0
 3.275 1057.5 -90  51  63  -4.688 270.0  30.0
 3.275 1060.0 -90  51  63  -4.688 270.0  30.0
 3.275 1062.5 -90  51  66  -4.688 270.0  30.0
 3.275 1065.0 -90  51  60  -4.688 270.0  30.0
 3.275 1067.5 -90  51  63   4.688 270.0  30.0
 3.275 1070.0 -90  51  66   4.688 270.0  30.0
 3.275 1072.5 -90  51  63   7.813 270.0  30.0
 3.275 1075.0 -90  51  60 -10.938 270.0  30.0
 3.275 1077.5 -90  51  60 -10.938 270.0  30.0
 3.275 1085.0 -90  51  60  -1.563 270.0  30.0
 3.275 1107.5 -90  51  60 -10.938 270.0  30.0
 3.300  337.5  90  54  63  -1.563 210.0  30.0
 3.300  340.0  90  54  75   1.563   0.0   0.0
 3.300  330.0 -90  51  69   1.563   0.0   0.0
 3.300  332.5 -90  51  72   1.563   0.0   0.0
 3.300 1060.0 -90  51  60   1.563 270.0  30.0
 3.325  340.0  90  57  75   1.563   0.0   0.0
 3.325  342.5  90  57  66   1.563   0.0   0.0
 3.325  332.5 -90  57  72   1.563   0.0   0.0
 3.325 1250.0 -90  57  66  -4.688 270.0  30.0
 3.350  340.0  90  60  72   1.563   0.0   0.0
 3.350  342.5  90  60  72   1.563   0.0   0.0
 3.350  332.5 -90  60  72  -1.563   0.0   0.0
 3.375  340.0  90  51  66   1.563   0.0   0.0
 3.375  342.5  90  51  75   1.563   0.0   0.0
 3.375  345.0  90  51  60  -1.563   0.0   0.0
 3.375  890.0  90  51  60   1.563 330.0  30.0
 3.375  892.5  90  51  60   1.563   0.0   0.0
 3.375  940.0  90  51  60   1.563   0.0   0.0
 3.375  942.5  90  51  60   1.563   0.0   0.0
 3.375  332.5 -90  51  72   1.563   0.0   0.0
 3.375  335.0 -90  51  69   1.563   0.0   0.0
 3.375  670.0 -90  51  60  -1.563 330.0  30.0
 3.400  342.5  90  54  75   1.563   0.0   0.0
 3.400  345.0  90  54  69   1.563   0.0   0.0
 3.400  690.0  90  54  63   1.563   0.0   0.0
 3.400  332.5 -90  54  69   1.563   0.0   0.0
 3.400  335.0 -90  54  75   1.563   0.0   0.0
 3.400  672.5 -90  54  63  -1.563 330.0  30.0
 3.425  342.5  90  60  75   1.563   0.0   0.0
 3.425  345.0  90  60  75   1.563   0.0   0.0
 3.425  332.5 -90  57  69   1.563   0.0   0.0
 3.425  335.0 -90  57  78   1.563   0.0   0.0
 3.450  342.5  90  54  72   1.563   0.0   0.0
 3.450  345.0  90  54  78   1.563   0.0   0.0
 3.450  692.5  90  54  66   1.563   0.0   0.0
 3.450 1052.5  90  54  63  -1.563 330.0  30.0
 3.450  335.0 -90  57  78   1.563   0.0   0.0
 3.450  337.5 -90  57  66  -1.563   0.0   0.0
 3.475  342.5  90  51  63   1.563   0.0   0.0
 3.475  345.0  90  51  78   1.563   0.0   0.0
 3.475  347.5  90  51  63  -1.563   0.0   0.0
 3.475  607.5  90  51  60   1.563   0.0   0.0
 3.475  610.0  90  51  60   1.563   0.0   0.0
 3.475  692.5  90  51  63   1.563   0.0   0.0
 3.475  695.0  90  51  66   1.563   0.0   0.0
 3.475  335.0 -90  51  75   1.563   0.0   0.0
 3.475  337.5 -90  51  69   1.563   0.0   0.0
 3.475 1015.0 -90  51  63   1.563   0.0   0.0
 3.500  345.0  90  48  75   1.563   0.0   0.0
 3.500  347.5  90  48  69   1.563   0.0   0.0
 3.500  605.0  90  48  57   1.563 150.0  30.0
 3.500  695.0  90  48  60   1.563   0.0   0.0
 3.500  697.5  90  48  63   1.563   0.0   0.0
 3.500  917.5  90  48  57   1.563   0.0   0.0
 3.500  335.0 -90  48  69   1.563   0.0   0.0
 3.500  337.5 -90  48  69   1.563   0.0   0.0
 3.525  345.0  90  51  69   1.563   0.0   0.0
 3.525  347.5  90  51  72   1.563   0.0   0.0
 3.525  697.5  90  51  60   1.563   0.0   0.0
 3.525  335.0 -90  48  66   1.563   0.0   0.0
 3.525  337.5 -90  48  72   1.563   0.0   0.0
 3.550  347.5  90  66  75   1.563   0.0   0.0
 3.550  337.5 -90  60  75   1.563   0.0   0.0
 3.575  337.5 -90  63  75   1.563   0.0   0.0
 3.625  350.0  90  66  78   1.563   0.0   0.0
 3.650  350.0  90  66  75   1.563   0.0   0.0
 3.650  340.0 -90  63  72  -1.563   0.0   0.0
 3.675  350.0  90  57  72   1.563   0.0   0.0
 3.675  352.5  90  57  72   1.563   0.0   0.0
 3.675  340.0 -90  54  72   1.563   0.0   0.0
 3.675  342.5 -90  54  63  -1.563   0.0   0.0
 3.700  350.0  90  54  69   1.563   0.0   0.0
 3.700  352.5  90  54  72   1.563   0.0   0.0
 3.700  340.0 -90  54  69   1.563   0.0   0.0
 3.700  342.5 -90  54  63   1.563   0.0   0.0
 3.725  352.5  90  57  75   1.563   0.0   0.0
 3.750  352.5  90  60  72   1.563   0.0   0.0
 3.750  355.0  90  60  69   1.563   0.0   0.0
 3.750  342.5 -90  66  75   1.563   0.0   0.0
 3.775  352.5  90  54  66  -1.563   0.0   0.0
 3.775  355.0  90  54  75   1.563   0.0   0.0
 3.775 1072.5  90  54  63   1.563   0.0   0.0
 3.775  342.5 -90  63  75   1.563   0.0   0.0
 3.800  355.0  90  54  75   1.563   0.0   0.0
 3.800  357.5  90  54  63  -1.563   0.0   0.0
 3.800  342.5 -90  51  72   1.563   0.0   0.0
 3.800  345.0 -90  51  69   1.563   0.0   0.0
 3.825  355.0  90  54  72   1.563   0.0   0.0
 3.825  357.5  90  54  72   1.563   0.0   0.0
 3.825  342.5 -90  51  69   1.563   0.0   0.0
 3.825  345.0 -90  51  72   1.563   0.0   0.0
 3.850  355.0  90  57  69   1.563   0.0   0.0
 3.850  357.5  90  57  75   1.563   0.0   0.0
 3.850  342.5 -90  57  66  -1.563   0.0   0.0
 3.850  345.0 -90  57  75   1.563   0.0   0.0
 3.875  357.5  90  54  75   1.563   0.0   0.0
 3.875  360.0  90  54  69   1.563   0.0   0.0
 3.875  345.0 -90  54  75   1.563   0.0   0.0
 3.875  347.5 -90  54  69   1.563   0.0   0.0
 3.900  357.5  90  51  72   1.563   0.0   0.0
 3.900  360.0  90  51  75   1.563   0.0   0.0
 3.900  722.5  90  51  63   1.563   0.0   0.0
 3.900  345.0 -90  51  75   1.563   0.0   0.0
 3.900  347.5 -90  51  72   1.563   0.0   0.0
 3.925  357.5  90  54  69   1.563   0.0   0.0
 3.925  360.0  90  54  78   1.563   0.0   0.0
 3.925  362.5  90  54  63   1.563   0.0   0.0
 3.925  345.0 -90  54  72   1.563   0.0   0.0
 3.925  347.5 -90  54  78   1.563   0.0   0.0
 3.925  350.0 -90  54  63  -1.563 210.0  30.0
 3.925  360.0 -90  54  63  -1.563 270.0  30.0
 3.925  385.0 -90  54  63   1.563 270.0  30.0
 3.925  405.0 -90  54  63  -7.813 270.0  30.0
 3.950  357.5  90  51  63   1.563   0.0   0.0
 3.950  360.0  90  51  78   1.563   0.0   0.0
 3.950  362.5  90  51  72   1.563   0.0   0.0
 3.950  725.0  90  51  60   1.563   0.0   0.0
 3.950  345.0 -90  51  66   1.563   0.0   0.0
 3.950  347.5 -90  51  78   1.563   0.0   0.0
 3.950  350.0 -90  51  69   1.563   0.0   0.0
 3.975  360.0  90  54  75   1.563   0.0   0.0
 3.975  362.5  90  54  78   1.563   0.0   0.0
 3.975  347.5 -90  57  78   1.563   0.0   0.0
 3.975  350.0 -90  57  72   1.563   0.0   0.0
 4.000  362.5  90  63  78   1.563   0.0   0.0
 4.000  347.5 -90  63  75   1.563   0.0   0.0
 4.000  350.0 -90  63  75   1.563   0.0   0.0
 4.025   80.0  90  57  66  -4.688 330.0  30.0
 4.025   87.5  90  57  66  -4.688  30.0  30.0
 4.025   95.0  90  57  66  -4.688 330.0  30.0
 4.025  105.0  90  57  66  -4.688  30.0  30.0
 4.025  115.0  90  57  66  -4.688 210.0  30.0
 4.025  125.0  90  57  66  -4.688 210.0  30.0
 4.025  135.0  90  57  66  -4.688 330.0  30.0
 4.025  142.5  90  57  66  -4.688 330.0  30.0
 4.025  362.5  90  57  78  -1.563   0.0   0.0
 4.025  365.0  90  57  72   1.563   0.0   0.0
 4.025 1152.5  90  57  66  -4.688 330.0  30.0
 4.025 1192.5  90  57  66  -4.688 330.0  30.0
 4.025 1200.0  90  57  66  -4.688 330.0  30.0
 4.025 1210.0  90  57  66  -4.688  30.0  30.0
 4.025 1215.0  90  57  66  -4.688 210.0  30.0
 4.025 1217.5  90  57  66  -4.688 210.0  30.0
 4.025 1227.5  90  57  66  -4.688 330.0  30.0
 4.025 1230.0  90  57  66  -4.688 330.0  30.0
 4.025 1237.5  90  57  66  -4.688 330.0  30.0
 4.025 1245.0  90  57  66  -4.688  30.0  30.0
 4.025 1250.0  90  57  66  -4.688 330.0  30.0
 4.025 1255.0  90  57  66  -4.688 330.0  30.0
 4.025 1257.5  90  57  66  -4.688 330.0  30.0
 4.025 1262.5  90  57  66  -4.688 330.0  30.0
 4.025 1265.0  90  57  66  -4.688 330.0  30.0
 4.025 1267.5  90  57  66  -4.688 330.0  30.0
 4.025 1270.0  90  57  66  -4.688 330.0  30.0
 4.025 1272.5  90  57  66  -4.688  30.0  30.0
 4.025 1280.0  90  57  66  -4.688 210.0  30.0
 4.025  347.5 -90  57  69   1.563   0.0   0.0
 4.025  350.0 -90  57  78   1.563   0.0   0.0
 4.050  362.5  90  63  72   1.563   0.0   0.0
 4.050  365.0  90  63  78   1.563   0.0   0.0
 4.050  350.0 -90  57  78   1.563   0.0   0.0
 4.050  352.5 -90  57  66   1.563   0.0   0.0
 4.050 1010.0 -90  57  66  -1.563 270.0  30.0
 4.050 1015.0 -90  57  66 -10.938 270.0  30.0
 4.050 1087.5 -90  57  66   7.813 270.0  30.0
 4.050 1107.5 -90  57  66   4.688 270.0  30.0
 4.075  362.5  90  54  66   1.563   0.0   0.0
 4.075  365.0  90  54  78   1.563   0.0   0.0
 4.075  367.5  90  54  69   1.563   0.0   0.0
 4.075  350.0 -90  51  75   1.563   0.0   0.0
 4.075  352.5 -90  51  75   1.563   0.0   0.0
 4.075  705.0 -90  51  60   1.563   0.0   0.0
 4.100  365.0  90  51  75   1.563   0.0   0.0
 4.100  367.5  90  51  75   1.563   0.0   0.0
 4.100  737.5  90  51  60   1.563   0.0   0.0
 4.100  350.0 -90  51  72   1.563   0.0   0.0
 4.100  352.5 -90  51  75   1.563   0.0   0.0
 4.125  365.0  90  51  69   1.563   0.0   0.0
 4.125  367.5  90  51  78   1.563   0.0   0.0
 4.125  370.0  90  51  66   1.563   0.0   0.0
 4.125  737.5  90  51  60   1.563   0.0   0.0
 4.125  350.0 -90  51  66   1.563   0.0   0.0
 4.125  352.5 -90  51  78   1.563   0.0   0.0
 4.125  355.0 -90  51  66   1.563   0.0   0.0
 4.125  710.0 -90  51  60   1.563   0.0   0.0
 4.150  367.5  90  54  75   1.563   0.0   0.0
 4.150  370.0  90  54  69   1.563   0.0   0.0
 4.150  350.0 -90  51  60   1.563   0.0   0.0
 4.150  352.5 -90  51  78   1.563   0.0   0.0
 4.150  355.0 -90  51  72   1.563   0.0   0.0
 4.150  710.0 -90  51  60   1.563   0.0   0.0
 4.175  100.0  90  57  66  10.938 270.0  30.0
 4.175  147.5  90  57  66  -7.813 270.0  30.0
 4.175  150.0  90  57  66  -4.688 270.0  30.0
 4.175  155.0  90  57  66   4.688 270.0  30.0
 4.175  160.0  90  57  66 -10.938 270.0  30.0
 4.175  165.0  90  57  66 -10.938 270.0  30.0
 4.175  172.5  90  57  69   1.563 270.0  30.0
 4.175  175.0  90  57  66   1.563 270.0  30.0
 4.175  180.0  90  57  66  10.938 270.0  30.0
 4.175  182.5  90  57  66  10.938 270.0  30.0
 4.175  207.5  90  57  66 -10.938 270.0  30.0
 4.175  217.5  90  57  66 -10.938 270.0  30.0
 4.175  367.5  90  57  72   1.563   0.0   0.0
 4.175  370.0  90  57  75   1.563   0.0   0.0
 4.175  760.0  90  57  66  -7.813 270.0  30.0
 4.175  765.0  90  57  66  -1.563 270.0  30.0
 4.175  767.5  90  57  69   7.813 270.0  30.0
 4.175  770.0  90  57  66   7.813 270.0  30.0
 4.175  780.0  90  57  66  -7.813 270.0  30.0
 4.175  782.5  90  57  69   7.813 270.0  30.0
 4.175  800.0  90  57  66   4.688 270.0  30.0
 4.175  802.5  90  57  66   1.563 270.0  30.0
 4.175  805.0  90  57  69   7.813 270.0  30.0
 4.175  807.5  90  57  69  10.938 270.0  30.0
 4.175  810.0  90  57  66  -1.563 210.0  30.0
 4.175  815.0  90  57  69   7.813 270.0  30.0
 4.175  822.5  90  57  66  -7.813 270.0  30.0
 4.175  840.0  90  57  66  -7.813 210.0  30.0
 4.175  842.5  90  57  66  10.938 270.0  30.0
 4.175  852.5  90  57  66  -1.563 270.0  30.0
 4.175  860.0  90  57  69 -10.938 270.0  30.0
 4.175  870.0  90  57  66  -4.688 270.0  30.0
 4.175  872.5  90  57  66  -1.563 270.0  30.0
 4.175  877.5  90  57  66   1.563 270.0  30.0
 4.175  927.5  90  57  66   4.688 270.0  30.0
 4.175  962.5  90  57  66   4.688 270.0  30.0
 4.175 1045.0  90  57  66   7.813 270.0  30.0
 4.175 1050.0  90  57  66   1.563 270.0  30.0
 4.175 1052.5  90  57  66  -7.813 270.0  30.0
 4.175 1057.5  90  57  66 -10.938 270.0  30.0
 4.175 1060.0  90  57  66   1.563 270.0  30.0
 4.175 1062.5  90  57  66  -1.563 270.0  30.0
 4.175 1065.0  90  57  66  -4.688 270.0  30.0
 4.175 1067.5  90  57  66  10.938 270.0  30.0
 4.175 1070.0  90  57  66 -10.938 270.0  30.0
 4.175 1072.5  90  57  66   7.813 270.0  30.0
 4.175 1075.0  90  57  66  -4.688 270.0  30.0
 4.175 1077.5  90  57  66  -1.563 270.0  30.0
 4.175 1080.0  90  57  69  -1.563 270.0  30.0
 4.175 1082.5  90  57  66 -10.938 270.0  30.0
 4.175 1085.0  90  57  66   4.688 270.0  30.0
 4.175 1087.5  90  57  66   7.813 270.0  30.0
 4.175 1095.0  90  57  66 -10.938 270.0  30.0
 4.175  352.5 -90  57  75   1.563   0.0   0.0
 4.175  355.0 -90  57  75   1.563   0.0   0.0
 4.200  130.0  90  57  66   1.563 270.0  30.0
 4.200  137.5  90  57  66  10.938 270.0  30.0
 4.200  140.0  90  57  66  10.938 270.0  30.0
 4.200  145.0  90  57  66  -7.813 270.0  30.0
 4.200  147.5  90  57  66  -7.813 270.0  30.0
 4.200  157.5  90  57  66   1.563 270.0  30.0
 4.200  160.0  90  57  66 -10.938 270.0  30.0
 4.200  162.5  90  57  66  10.938 270.0  30.0
 4.200  165.0  90  57  66  10.938 270.0  30.0
 4.200  187.5  90  57  66   7.813 270.0  30.0
 4.200  190.0  90  57  66   7.813 270.0  30.0
 4.200  197.5  90  57  66  -7.813 270.0  30.0
 4.200  205.0  90  57  66   1.563 270.0  30.0
 4.200  367.5  90  57  66   1.563   0.0   0.0
 4.200  370.0  90  57  78   1.563   0.0   0.0
 4.200  372.5  90  57  69   1.563   0.0   0.0
 4.200 1047.5  90  57  66   1.563 270.0  30.0
 4.200 1052.5  90  57  66  -4.688 270.0  30.0
 4.200 1055.0  90  57  66  10.938 270.0  30.0
 4.200 1057.5  90  57  66   7.813 270.0  30.0
 4.200 1060.0  90  57  66   4.688 270.0  30.0
 4.200 1062.5  90  57  66   4.688 270.0  30.0
 4.200 1065.0  90  57  66  -7.813 270.0  30.0
 4.200 1067.5  90  57  66  -7.813 270.0  30.0
 4.200 1072.5  90  57  66   4.688 270.0  30.0
 4.200 1075.0  90  57  66  -7.813 270.0  30.0
 4.200 1077.5  90  57  66  -1.563 270.0  30.0
 4.200 1080.0  90  57  66 -10.938 270.0  30.0
 4.200 1082.5  90  57  66 -10.938  90.0  30.0
 4.200 1085.0  90  57  66   7.813 270.0  30.0
 4.200 1087.5  90  57  66   7.813 270.0  30.0
 4.200  352.5 -90  57  72   1.563   0.0   0.0
 4.200  355.0 -90  57  78   1.563   0.0   0.0
 4.200  357.5 -90  57  66  -1.563   0.0   0.0
 4.200  450.0 -90  57  66  -4.688 270.0  30.0
 4.225  370.0  90  63  75   1.563   0.0   0.0
 4.225  372.5  90  63  75   1.563   0.0   0.0
 4.225 1210.0  90  63  72 -10.938 210.0  30.0
 4.225 1220.0  90  63  72 -10.938 210.0  30.0
 4.225 1227.5  90  63  72 -10.938 210.0  30.0
 4.225 1235.0  90  63  72 -10.938 210.0  30.0
 4.225 1282.5  90  63  72 -10.938 270.0  30.0
 4.225  355.0 -90  63  78   1.563   0.0   0.0
 4.225  357.5 -90  63  72   1.563   0.0   0.0
 4.250  372.5  90  60  78   1.563   0.0   0.0
 4.250  355.0 -90  60  78  -1.563   0.0   0.0
 4.250  357.5 -90  60  75   1.563   0.0   0.0
 4.275  372.5  90  60  75   1.563   0.0   0.0
 4.275  375.0  90  60  72   1.563   0.0   0.0
 4.275  355.0 -90  60  72  -1.563   0.0   0.0
 4.275  357.5 -90  60  78   1.563   0.0   0.0
 4.275 1240.0 -90  60  69  10.938   0.0   0.0
 4.300  375.0  90  63  78   1.563   0.0   0.0
 4.300  357.5 -90  63  78   1.563   0.0   0.0
 4.325  375.0  90  63  78   1.563   0.0   0.0
 4.325  377.5  90  63  72   1.563   0.0   0.0
 4.325  155.0 -90  63  72   7.813 210.0  30.0
 4.325  357.5 -90  63  75   1.563   0.0   0.0
 4.325  360.0 -90  63  75   1.563   0.0   0.0
 4.350  375.0  90  63  72   1.563   0.0   0.0
 4.350  377.5  90  63  78   1.563   0.0   0.0
 4.350  360.0 -90  66  78   1.563   0.0   0.0
 4.375  377.5  90  60  78   1.563   0.0   0.0
 4.375  380.0  90  60  75   1.563   0.0   0.0
 4.375  360.0 -90  63  81   1.563   0.0   0.0
 4.375  362.5 -90  63  72   1.563   0.0   0.0
 4.400  377.5  90  60  75   1.563   0.0   0.0
 4.400  380.0  90  60  78   1.563   0.0   0.0
 4.400  360.0 -90  66  78   1.563   0.0   0.0
 4.400  362.5 -90  66  75   1.563   0.0   0.0
 4.425  132.5  90  57  66 -10.938 270.0  30.0
 4.425  140.0  90  57  66  -7.813 270.0  30.0
 4.425  142.5  90  57  66  -4.688 270.0  30.0
 4.425  377.5  90  57  66  -1.563   0.0   0.0
 4.425  380.0  90  57  78   1.563   0.0   0.0
 4.425  382.5  90  57  72   1.563   0.0   0.0
 4.425  400.0  90  57  66  -4.688 270.0  30.0
 4.425  420.0  90  57  66  -4.688 270.0  30.0
 4.425 1045.0  90  57  66   1.563  30.0  30.0
 4.425  360.0 -90  60  72   1.563   0.0   0.0
 4.425  362.5 -90  60  75   1.563   0.0   0.0
 4.450  117.5  90  60  69  -4.688 270.0  30.0
 4.450  137.5  90  60  69   7.813 270.0  30.0
 4.450  145.0  90  60  69  -7.813 270.0  30.0
 4.450  380.0  90  60  72  -1.563   0.0   0.0
 4.450  382.5  90  60  75   1.563   0.0   0.0
 4.450 1265.0  90  60  69  -4.688 270.0  30.0
 4.450  362.5 -90  60  78   1.563   0.0   0.0
 4.450  365.0 -90  60  69   1.563  30.0  30.0
 4.475  100.0  90  57  66  -4.688 270.0  30.0
 4.475  382.5  90  57  75   1.563   0.0   0.0
 4.475  385.0  90  57  66  -1.563   0.0   0.0
 4.475  362.5 -90  57  75   1.563   0.0   0.0
 4.475  365.0 -90  57  72   1.563   0.0   0.0
 4.475  730.0 -90  57  66   1.563   0.0   0.0
 4.500  382.5  90  54  72  -1.563   0.0   0.0
 4.500  385.0  90  54  75   1.563   0.0   0.0
 4.500  387.5  90  54  63  -1.563   0.0   0.0
 4.500  772.5  90  54  63   1.563   0.0   0.0
 4.500  362.5 -90  54  72   1.563   0.0   0.0
 4.500  365.0 -90  54  78   1.563   0.0   0.0
 4.500  367.5 -90  54  63   1.563   0.0   0.0
 4.500  732.5 -90  54  63   1.563   0.0   0.0
 4.525  382.5  90  54  63   1.563   0.0   0.0
 4.525  385.0  90  54  75   1.563   0.0   0.0
 4.525  387.5  90  54  72   1.563   0.0   0.0
 4.525  362.5 -90  54  66  -1.563   0.0   0.0
 4.525  365.0 -90  54  78   1.563   0.0   0.0
 4.525  367.5 -90  54  72   1.563   0.0   0.0
 4.550  385.0  90  57  72   1.563   0.0   0.0
 4.550  387.5  90  57  75   1.563   0.0   0.0
 4.550  365.0 -90  54  75   1.563   0.0   0.0
 4.550  367.5 -90  54  75   1.563   0.0   0.0
 4.550  737.5 -90  54  63   1.563   0.0   0.0
 4.575   85.0  90  57  66   7.813 270.0  30.0
 4.575   87.5  90  57  66   4.688 270.0  30.0
 4.575   92.5  90  57  66   7.813 270.0  30.0
 4.575   95.0  90  57  66   7.813 270.0  30.0
 4.575  102.5  90  57  66   7.813 270.0  30.0
 4.575  110.0  90  57  66   7.813 270.0  30.0
 4.575  387.5  90  57  75   1.563   0.0   0.0
 4.575  390.0  90  57  72   1.563   0.0   0.0
 4.575  365.0 -90  57  69   1.563   0.0   0.0
 4.575  367.5 -90  57  78   1.563   0.0   0.0
 4.600  387.5  90  54  69   1.563   0.0   0.0
 4.600  390.0  90  54  78   1.563   0.0   0.0
 4.600  392.5  90  54  66  -1.563   0.0   0.0
 4.600  365.0 -90  54  63   1.563   0.0   0.0
 4.600  367.5 -90  54  78   1.563   0.0   0.0
 4.600  370.0 -90  54  69   1.563   0.0   0.0
 4.625  390.0  90  60  78   1.563   0.0   0.0
 4.625  392.5  90  60  78   1.563   0.0   0.0
 4.625  367.5 -90  60  75   1.563   0.0   0.0
 4.625  370.0 -90  60  75   1.563   0.0   0.0
 4.650  392.5  90  63  78   1.563   0.0   0.0
 4.650  395.0  90  63  72   1.563   0.0   0.0
 4.650  367.5 -90  60  69   1.563   0.0   0.0
 4.650  370.0 -90  60  78   1.563   0.0   0.0
 4.675  392.5  90  54  75   1.563   0.0   0.0
 4.675  395.0  90  54  78   1.563   0.0   0.0
 4.675  397.5  90  54  63   1.563   0.0   0.0
 4.675  790.0  90  54  63  -1.563   0.0   0.0
 4.675  370.0 -90  54  75   1.563   0.0   0.0
 4.675  372.5 -90  54  72   1.563   0.0   0.0
 4.700  392.5  90  48  66   1.563   0.0   0.0
 4.700  395.0  90  48  78   1.563   0.0   0.0
 4.700  397.5  90  48  72   1.563   0.0   0.0
 4.700  400.0  90  48  57  -1.563   0.0   0.0
 4.700  795.0  90  48  60   1.563   0.0   0.0
 4.700  797.5  90  48  60   1.563   0.0   0.0
 4.700  820.0  90  48  57   1.563   0.0   0.0
 4.700  370.0 -90  48  69   1.563   0.0   0.0
 4.700  372.5 -90  48  75   1.563   0.0   0.0
 4.700  375.0 -90  48  57  -1.563   0.0   0.0
 4.700  750.0 -90  48  60   1.563   0.0   0.0
 4.725  395.0  90  48  72   1.563   0.0   0.0
 4.725  397.5  90  48  78   1.563   0.0   0.0
 4.725  400.0  90  48  66   1.563   0.0   0.0
 4.725  795.0  90  48  57   1.563   0.0   0.0
 4.725  797.5  90  48  60   1.563   0.0   0.0
 4.725  800.0  90  48  60   1.563   0.0   0.0
 4.725  370.0 -90  48  60   1.563   0.0   0.0
 4.725  372.5 -90  48  75   1.563   0.0   0.0
 4.725  375.0 -90  48  66   1.563   0.0   0.0
 4.725  750.0 -90  48  57   1.563   0.0   0.0
 4.750  395.0  90  51  63   1.563   0.0   0.0
 4.750  397.5  90  51  78   1.563   0.0   0.0
 4.750  400.0  90  51  75   1.563   0.0   0.0
 4.750  402.5  90  51  60  -1.563   0.0   0.0
 4.750  802.5  90  51  63   1.563   0.0   0.0
 4.750  805.0  90  51  63   1.563   0.0   0.0
 4.750  372.5 -90  51  75   1.563   0.0   0.0
 4.750  375.0 -90  51  72   1.563   0.0   0.0
 4.750  762.5 -90  51  60   1.563 330.0  30.0
 4.775  397.5  90  54  69   1.563   0.0   0.0
 4.775  400.0  90  54  78   1.563   0.0   0.0
 4.775  402.5  90  54  72   1.563   0.0   0.0
 4.775  805.0  90  54  63   1.563   0.0   0.0
 4.775  372.5 -90  51  69   1.563   0.0   0.0
 4.775  375.0 -90  51  78   1.563   0.0   0.0
 4.775  377.5 -90  51  66   1.563   0.0   0.0
 4.775  752.5 -90  51  60   1.563   0.0   0.0
 4.775  755.0 -90  51  60   1.563   0.0   0.0
 4.800  400.0  90  60  72   1.563   0.0   0.0
 4.800  402.5  90  60  78   1.563   0.0   0.0
 4.800  375.0 -90  57  75   1.563   0.0   0.0
 4.800  377.5 -90  57  72   1.563   0.0   0.0
 4.825  402.5  90  63  75   1.563   0.0   0.0
 4.825  405.0  90  63  75   1.563   0.0   0.0
 4.825  375.0 -90  60  72   1.563   0.0   0.0
 4.825  377.5 -90  60  78   1.563   0.0   0.0
 4.850  405.0  90  69  78   1.563   0.0   0.0
 4.850  377.5 -90  66  75   1.563   0.0   0.0
 4.875  407.5  90  66  78   1.563   0.0   0.0
 4.875  377.5 -90  60  75   1.563   0.0   0.0
 4.875  380.0 -90  60  75   1.563   0.0   0.0
 4.900  407.5  90  54  72   1.563   0.0   0.0
 4.900  410.0  90  54  78   1.563   0.0   0.0
 4.900  412.5  90  54  66   1.563   0.0   0.0
 4.900  377.5 -90  51  66   1.563   0.0   0.0
 4.900  380.0 -90  51  78   1.563   0.0   0.0
 4.900  382.5 -90  51  69   1.563   0.0   0.0
 4.900  765.0 -90  51  60   1.563   0.0   0.0
 4.925  407.5  90  54  63   1.563   0.0   0.0
 4.925  410.0  90  54  75   1.563   0.0   0.0
 4.925  412.5  90  54  75   1.563   0.0   0.0
 4.925  380.0 -90  54  75   1.563   0.0   0.0
 4.925  382.5 -90  54  75   1.563   0.0   0.0
 4.950  412.5  90  60  75   1.563   0.0   0.0
 4.950  415.0  90  60  75   1.563   0.0   0.0
 4.950  380.0 -90  57  69   1.563   0.0   0.0
 4.950  382.5 -90  57  78   1.563   0.0   0.0
 4.950  385.0 -90  57  69  -1.563   0.0   0.0
 4.975  415.0  90  63  78   1.563   0.0   0.0
 4.975  417.5  90  63  72   1.563   0.0   0.0
 4.975  382.5 -90  60  78   1.563   0.0   0.0
 4.975  385.0 -90  60  75   1.563   0.0   0.0
 5.000  415.0  90  63  72   1.563   0.0   0.0
 5.000  417.5  90  63  78   1.563   0.0   0.0
 5.000  382.5 -90  57  72   1.563   0.0   0.0
 5.000  385.0 -90  57  78   1.563   0.0   0.0
 5.000  387.5 -90  57  66   1.563   0.0   0.0
 5.025  417.5  90  60  69   1.563   0.0   0.0
 5.025  420.0  90  60  75   1.563   0.0   0.0
 5.025  422.5  90  60  69   1.563   0.0   0.0
 5.025  382.5 -90  54  63  -1.563   0.0   0.0
 5.025  385.0 -90  54  78   1.563   0.0   0.0
 5.025  387.5 -90  54  75   1.563   0.0   0.0
 5.050  420.0  90  60  69   1.563   0.0   0.0
 5.050  422.5  90  60  75   1.563   0.0   0.0
 5.050  425.0  90  60  69   1.563   0.0   0.0
 5.050  385.0 -90  57  72   1.563   0.0   0.0
 5.050  387.5 -90  57  78   1.563   0.0   0.0
 5.050  390.0 -90  57  66   1.563   0.0   0.0
 5.075  422.5  90  57  69   1.563   0.0   0.0
 5.075  425.0  90  57  75   1.563   0.0   0.0
 5.075  427.5  90  57  69   1.563   0.0   0.0
 5.075 1270.0  90  57  66   1.563   0.0   0.0
 5.075 1272.5  90  57  66   1.563   0.0   0.0
 5.075  387.5 -90  57  78   1.563   0.0   0.0
 5.075  390.0 -90  57  75   1.563   0.0   0.0
 5.100  425.0  90  51  69   1.563   0.0   0.0
 5.100  427.5  90  51  75   1.563   0.0   0.0
 5.100  430.0  90  51  69   1.563   0.0   0.0
 5.100  432.5  90  51  60   1.563   0.0   0.0
 5.100 1275.0  90  51  60   1.563   0.0   0.0
 5.100 1277.5  90  51  63   1.563   0.0   0.0
 5.100 1280.0  90  51  60   1.563   0.0   0.0
 5.100   87.5 -90  51  60   1.563   0.0   0.0
 5.100  387.5 -90  51  72   1.563   0.0   0.0
 5.100  390.0 -90  51  81   1.563   0.0   0.0
 5.100  392.5 -90  51  69   1.563   0.0   0.0
 5.125  427.5  90  57  69   1.563   0.0   0.0
 5.125  430.0  90  57  75   1.563   0.0   0.0
 5.125  432.5  90  57  72   1.563   0.0   0.0
 5.125  387.5 -90  54  63   1.563   0.0   0.0
 5.125  390.0 -90  54  78   1.563   0.0   0.0
 5.125  392.5 -90  54  78   1.563   0.0   0.0
 5.150  430.0  90  54  69   1.563   0.0   0.0
 5.150  432.5  90  54  75   1.563   0.0   0.0
 5.150  435.0  90  54  72   1.563   0.0   0.0
 5.150  437.5  90  54  63  -1.563  90.0  30.0
 5.150  390.0 -90  63  72   1.563   0.0   0.0
 5.150  392.5 -90  63  81   1.563   0.0   0.0
 5.150  395.0 -90  63  72   1.563   0.0   0.0
 5.175  432.5  90  57  69   1.563   0.0   0.0
 5.175  435.0  90  57  75   1.563   0.0   0.0
 5.175  437.5  90  57  72   1.563   0.0   0.0
 5.175  440.0  90  57  66   1.563   0.0   0.0
 5.175  392.5 -90  69  81   1.563   0.0   0.0
 5.175  395.0 -90  69  78   1.563   0.0   0.0
 5.200  437.5  90  63  75   1.563   0.0   0.0
 5.200  440.0  90  63  72   1.563   0.0   0.0
 5.200  395.0 -90  66  81   1.563   0.0   0.0
 5.250  397.5 -90  72  81   1.563   0.0   0.0
 5.275  397.5 -90  66  75   1.563   0.0   0.0
 5.275  400.0 -90  66  81   1.563   0.0   0.0
 5.300  400.0 -90  69  78   1.563   0.0   0.0
 5.325  402.5 -90  72  81   1.563   0.0   0.0
 5.350  402.5 -90  69  78   1.563   0.0   0.0
 5.350  405.0 -90  69  78   1.563   0.0   0.0
 5.375  465.0  90  60  69   1.563   0.0   0.0
 5.375  467.5  90  60  69   1.563   0.0   0.0
 5.375  470.0  90  60  69  -1.563   0.0   0.0
 5.375  402.5 -90  60  69  -1.563   0.0   0.0
 5.375  405.0 -90  60  78   1.563   0.0   0.0
 5.375  407.5 -90  60  75   1.563   0.0   0.0
 5.400  467.5  90  54  63   1.563   0.0   0.0
 5.400  470.0  90  54  69   1.563   0.0   0.0
 5.400  472.5  90  54  69   1.563   0.0   0.0
 5.400  475.0  90  54  69   1.563   0.0   0.0
 5.400  477.5  90  54  63   1.563   0.0   0.0
 5.400  405.0 -90  54  72   1.563   0.0   0.0
 5.400  407.5 -90  54  81   1.563   0.0   0.0
 5.400  410.0 -90  54  72   1.563   0.0   0.0
 5.425  472.5  90  54  63   1.563   0.0   0.0
 5.425  475.0  90  54  69   1.563   0.0   0.0
 5.425  477.5  90  54  69   1.563   0.0   0.0
 5.425  480.0  90  54  69   1.563   0.0   0.0
 5.425  482.5  90  54  66   1.563   0.0   0.0
 5.425  405.0 -90  51  60   1.563   0.0   0.0
 5.425  407.5 -90  51  75   1.563   0.0   0.0
 5.425  410.0 -90  51  78   1.563   0.0   0.0
 5.425  412.5 -90  51  66   1.563   0.0   0.0
 5.450  477.5  90  51  60   1.563   0.0   0.0
 5.450  480.0  90  51  66   1.563   0.0   0.0
 5.450  482.5  90  51  69   1.563   0.0   0.0
 5.450  485.0  90  51  69   1.563   0.0   0.0
 5.450  487.5  90  51  66   1.563   0.0   0.0
 5.450  490.0  90  51  63   1.563   0.0   0.0
 5.450  407.5 -90  51  66   1.563   0.0   0.0
 5.450  410.0 -90  51  78   1.563   0.0   0.0
 5.450  412.5 -90  51  78   1.563   0.0   0.0
 5.450  415.0 -90  51  60   1.563   0.0   0.0
 5.450  822.5 -90  51  60   1.563   0.0   0.0
 5.475  487.5  90  57  66   1.563   0.0   0.0
 5.475  490.0  90  57  66   1.563   0.0   0.0
 5.475  492.5  90  57  66   1.563   0.0   0.0
 5.475  495.0  90  57  66   1.563   0.0   0.0
 5.475  410.0 -90  57  69   1.563   0.0   0.0
 5.475  412.5 -90  57  78   1.563   0.0   0.0
 5.475  415.0 -90  57  75   1.563   0.0   0.0
 5.500  412.5 -90  66  75  -1.563   0.0   0.0
 5.500  415.0 -90  66  78   1.563   0.0   0.0
 5.525  415.0 -90  66  78   1.563   0.0   0.0
 5.525  417.5 -90  66  78   1.563   0.0   0.0
 5.550  417.5 -90  60  78   1.563   0.0   0.0
 5.550  420.0 -90  60  78   1.563   0.0   0.0
 5.575  520.0  90  48  60   1.563   0.0   0.0
 5.575  522.5  90  48  60   1.563   0.0   0.0
 5.575  525.0  90  48  63   1.563   0.0   0.0
 5.575  527.5  90  48  63   1.563   0.0   0.0
 5.575  530.0  90  48  63   1.563   0.0   0.0
 5.575  532.5  90  48  63   1.563   0.0   0.0
 5.575  535.0  90  48  63   1.563   0.0   0.0
 5.575  537.5  90  48  60   1.563   0.0   0.0
 5.575  540.0  90  48  60   1.563   0.0   0.0
 5.575  542.5  90  48  57   1.563   0.0   0.0
 5.575 1032.5  90  48  57   1.563   0.0   0.0
 5.575 1035.0  90  48  57   1.563   0.0   0.0
 5.575 1037.5  90  48  57   1.563   0.0   0.0
 5.575 1040.0  90  48  57   1.563   0.0   0.0
 5.575  417.5 -90  51  69   1.563   0.0   0.0
 5.575  420.0 -90  51  78   1.563   0.0   0.0
 5.575  422.5 -90  51  75   1.563   0.0   0.0
 5.575  425.0 -90  51  60  -1.563   0.0   0.0
 5.575  845.0 -90  51  60   1.563   0.0   0.0
 5.575  847.5 -90  51  60   1.563   0.0   0.0
 5.600  532.5  90  48  57  -1.563   0.0   0.0
 5.600  535.0  90  48  57   1.563   0.0   0.0
 5.600  537.5  90  48  60   1.563   0.0   0.0
 5.600  540.0  90  48  63   1.563   0.0   0.0
 5.600  542.5  90  48  60   1.563   0.0   0.0
 5.600  545.0  90  48  60   1.563   0.0   0.0
 5.600  547.5  90  48  60   1.563   0.0   0.0
 5.600  550.0  90  48  60   1.563   0.0   0.0
 5.600  552.5  90  48  57   1.563   0.0   0.0
 5.600  555.0  90  48  57  -1.563   0.0   0.0
 5.600  557.5  90  48  57   1.563   0.0   0.0
 5.600  560.0  90  48  57   1.563   0.0   0.0
 5.600  562.5  90  48  57   1.563   0.0   0.0
 5.600  570.0  90  48  57   1.563 270.0  30.0
 5.600  420.0 -90  48  69   1.563   0.0   0.0
 5.600  422.5 -90  48  78   1.563   0.0   0.0
 5.600  425.0 -90  48  75   1.563   0.0   0.0
 5.600  427.5 -90  48  60   1.563   0.0   0.0
 5.600  850.0 -90  48  57   1.563   0.0   0.0
 5.625  547.5  90  45  54   1.563   0.0   0.0
 5.625  550.0  90  45  54   1.563   0.0   0.0
 5.625  552.5  90  45  57   1.563   0.0   0.0
 5.625  555.0  90  45  57   1.563   0.0   0.0
 5.625  557.5  90  45  57   1.563   0.0   0.0
 5.625  560.0  90  45  57   1.563   0.0   0.0
 5.625  562.5  90  45  60   1.563   0.0   0.0
 5.625  565.0  90  45  60   1.563   0.0   0.0
 5.625  567.5  90  45  60   1.563   0.0   0.0
 5.625  570.0  90  45  60   1.563   0.0   0.0
 5.625  572.5  90  45  60   1.563   0.0   0.0
 5.625  575.0  90  45  57   1.563   0.0   0.0
 5.625  577.5  90  45  57   1.563   0.0   0.0
 5.625  580.0  90  45  57   1.563   0.0   0.0
 5.625  582.5  90  45  57   1.563   0.0   0.0
 5.625  585.0  90  45  54   1.563   0.0   0.0
 5.625  587.5  90  45  54   1.563   0.0   0.0
 5.625 1087.5  90  45  54   1.563   0.0   0.0
 5.625  420.0 -90  45  57   1.563   0.0   0.0
 5.625  422.5 -90  45  72   1.563   0.0   0.0
 5.625  425.0 -90  45  78   1.563   0.0   0.0
 5.625  427.5 -90  45  75   1.563   0.0   0.0
 5.625  430.0 -90  45  60   1.563   0.0   0.0
 5.625  850.0 -90  45  57   1.563   0.0   0.0
 5.625  855.0 -90  45  54   1.563   0.0   0.0
 5.650  565.0  90  45  54   1.563   0.0   0.0
 5.650  567.5  90  45  54   1.563   0.0   0.0
 5.650  570.0  90  45  57   1.563   0.0   0.0
 5.650  572.5  90  45  57   1.563   0.0   0.0
 5.650  575.0  90  45  60   1.563   0.0   0.0
 5.650  577.5  90  45  60   1.563   0.0   0.0
 5.650  580.0  90  45  60   1.563   0.0   0.0
 5.650  582.5  90  45  60   1.563   0.0   0.0
 5.650  585.0  90  45  60   1.563   0.0   0.0
 5.650  587.5  90  45  60   1.563   0.0   0.0
 5.650  590.0  90  45  60   1.563   0.0   0.0
 5.650  592.5  90  45  60   1.563   0.0   0.0
 5.650  595.0  90  45  60   1.563   0.0   0.0
 5.650  597.5  90  45  60   1.563   0.0   0.0
 5.650  600.0  90  45  57   1.563   0.0   0.0
 5.650  602.5  90  45  57   1.563   0.0   0.0
 5.650  605.0  90  45  57   1.563   0.0   0.0
 5.650  607.5  90  45  57   1.563   0.0   0.0
 5.650  610.0  90  45  57   1.563   0.0   0.0
 5.650  612.5  90  45  57   1.563   0.0   0.0
 5.650  615.0  90  45  54   1.563   0.0   0.0
 5.650  617.5  90  45  54   1.563   0.0   0.0
 5.650  422.5 -90  45  60   1.563   0.0   0.0
 5.650  425.0 -90  45  72   1.563   0.0   0.0
 5.650  427.5 -90  45  78   1.563   0.0   0.0
 5.650  430.0 -90  45  72   1.563   0.0   0.0
 5.650  432.5 -90  45  57   1.563   0.0   0.0
 5.650  570.0 -90  45  54   1.563 330.0  30.0
 5.650  860.0 -90  45  57   1.563   0.0   0.0
 5.650  862.5 -90  45  57   1.563   0.0   0.0
 5.675  595.0  90  48  57   1.563   0.0   0.0
 5.675  597.5  90  48  57   1.563   0.0   0.0
 5.675  600.0  90  48  57   1.563   0.0   0.0
 5.675  602.5  90  48  57   1.563   0.0   0.0
 5.675  605.0  90  48  60   1.563   0.0   0.0
 5.675  607.5  90  48  60   1.563   0.0   0.0
 5.675  610.0  90  48  60   1.563   0.0   0.0
 5.675  612.5  90  48  60   1.563   0.0   0.0
 5.675  615.0  90  48  60   1.563   0.0   0.0
 5.675  617.5  90  48  60   1.563   0.0   0.0
 5.675  620.0  90  48  60   1.563   0.0   0.0
 5.675  622.5  90  48  57   1.563   0.0   0.0
 5.675  625.0  90  48  60   1.563   0.0   0.0
 5.675  627.5  90  48  60   1.563   0.0   0.0
 5.675  630.0  90  48  57   1.563   0.0   0.0
 5.675  632.5  90  48  57   1.563   0.0   0.0
 5.675  635.0  90  48  60   1.563   0.0   0.0
 5.675  637.5  90  48  57   1.563   0.0   0.0
 5.675  640.0  90  48  57   1.563   0.0   0.0
 5.675  642.5  90  48  57   1.563   0.0   0.0
 5.675  645.0  90  48  57   1.563   0.0   0.0
 5.675  647.5  90  48  57   1.563   0.0   0.0
 5.675  652.5  90  48  57  -1.563   0.0   0.0
 5.675  425.0 -90  48  60   1.563   0.0   0.0
 5.675  427.5 -90  48  75   1.563   0.0   0.0
 5.675  430.0 -90  48  78   1.563   0.0   0.0
 5.675  432.5 -90  48  72   1.563   0.0   0.0
 5.675  435.0 -90  48  57  -1.563   0.0   0.0
 5.675  862.5 -90  48  57   1.563   0.0   0.0
 5.675  865.0 -90  48  57   1.563   0.0   0.0
 5.675  882.5 -90  48  57   1.563 330.0  30.0
 5.700  575.0  90  48  57 -10.938 330.0  30.0
 5.700  640.0  90  48  57   1.563   0.0   0.0
 5.700  645.0  90  48  57   1.563   0.0   0.0
 5.700  650.0  90  48  57   1.563   0.0   0.0
 5.700  652.5  90  48  57   1.563   0.0   0.0
 5.700  655.0  90  48  57  -1.563   0.0   0.0
 5.700  657.5  90  48  57   1.563   0.0   0.0
 5.700  660.0  90  48  57   1.563   0.0   0.0
 5.700  662.5  90  48  57   1.563   0.0   0.0
 5.700  665.0  90  48  57   1.563   0.0   0.0
 5.700  667.5  90  48  57   1.563   0.0   0.0
 5.700  672.5  90  48  57  -1.563   0.0   0.0
 5.700  677.5  90  48  57   1.563   0.0   0.0
 5.700  682.5  90  48  57   1.563   0.0   0.0
 5.700  687.5  90  48  57   1.563   0.0   0.0
 5.700  692.5  90  48  57   1.563   0.0   0.0
 5.700  427.5 -90  48  57   1.563   0.0   0.0
 5.700  430.0 -90  48  72   1.563   0.0   0.0
 5.700  432.5 -90  48  78   1.563   0.0   0.0
 5.700  435.0 -90  48  72   1.563   0.0   0.0
 5.700  437.5 -90  48  60   1.563   0.0   0.0
 5.725  430.0 -90  51  60   1.563   0.0   0.0
 5.725  432.5 -90  51  72   1.563   0.0   0.0
 5.725  435.0 -90  51  78   1.563   0.0   0.0
 5.725  437.5 -90  51  75   1.563   0.0   0.0
 5.725  440.0 -90  51  63   1.563   0.0   0.0
 5.750  435.0 -90  57  72   1.563   0.0   0.0
 5.750  437.5 -90  57  78   1.563   0.0   0.0
 5.750  440.0 -90  57  75   1.563   0.0   0.0
 5.750  997.5 -90  57  66 -10.938 270.0  30.0
 5.750 1027.5 -90  57  66   1.563 270.0  30.0
 5.775  437.5 -90  60  69  -1.563   0.0   0.0
 5.775  440.0 -90  60  78   1.563   0.0   0.0
 5.775  442.5 -90  60  75   1.563   0.0   0.0
 5.800  445.0 -90  69  78   1.563   0.0   0.0
 5.850  450.0 -90  69  78   1.563   0.0   0.0
 5.875  452.5 -90  69  78   1.563   0.0   0.0
 5.900  457.5 -90  69  78   1.563   0.0   0.0
 5.925  462.5 -90  69  78   1.563   0.0   0.0
 5.950  462.5 -90  57  72   1.563   0.0   0.0
 5.950  465.0 -90  57  75   1.563   0.0   0.0
 5.950  467.5 -90  57  75   1.563   0.0   0.0
 5.950  470.0 -90  57  69   1.563   0.0   0.0
 5.975  467.5 -90  57  72   1.563   0.0   0.0
 5.975  470.0 -90  57  75   1.563   0.0   0.0
 5.975  472.5 -90  57  72   1.563   0.0   0.0
 5.975  475.0 -90  57  69   1.563   0.0   0.0
 6.000  470.0 -90  54  63   1.563   0.0   0.0
 6.000  472.5 -90  54  72   1.563   0.0   0.0
 6.000  475.0 -90  54  72   1.563   0.0   0.0
 6.000  477.5 -90  54  72   1.563   0.0   0.0
 6.000  480.0 -90  54  69   1.563   0.0   0.0
 6.025  477.5 -90  60  69   1.563   0.0   0.0
 6.025  480.0 -90  60  72   1.563   0.0   0.0
 6.025  482.5 -90  60  72   1.563   0.0   0.0
 6.025  485.0 -90  60  69   1.563   0.0   0.0
 6.050  482.5 -90  57  69   1.563   0.0   0.0
 6.050  485.0 -90  57  75   1.563   0.0   0.0
 6.050  487.5 -90  57  75   1.563   0.0   0.0
 6.050  490.0 -90  57  72   1.563   0.0   0.0
 6.050  492.5 -90  57  69   1.563   0.0   0.0
 6.075  487.5 -90  57  66   1.563   0.0   0.0
 6.075  490.0 -90  57  72   1.563   0.0   0.0
 6.075  492.5 -90  57  75   1.563   0.0   0.0
 6.075  495.0 -90  57  75   1.563   0.0   0.0
 6.075  497.5 -90  57  72   1.563   0.0   0.0
 6.075  500.0 -90  57  69   1.563   0.0   0.0
 6.100  492.5 -90  54  63   1.563   0.0   0.0
 6.100  495.0 -90  54  69   1.563   0.0   0.0
 6.100  497.5 -90  54  72   1.563   0.0   0.0
 6.100  500.0 -90  54  75   1.563   0.0   0.0
 6.100  502.5 -90  54  75   1.563   0.0   0.0
 6.100  505.0 -90  54  72   1.563   0.0   0.0
 6.100  507.5 -90  54  69   1.563   0.0   0.0
 6.100  510.0 -90  54  63   1.563   0.0   0.0
 6.125  502.5 -90  60  69   1.563   0.0   0.0
 6.125  505.0 -90  60  72   1.563   0.0   0.0
 6.125  507.5 -90  60  72   1.563   0.0   0.0
 6.125  510.0 -90  60  72   1.563   0.0   0.0
 6.125  512.5 -90  60  72   1.563   0.0   0.0
 6.125  515.0 -90  60  69   1.563   0.0   0.0
 6.150  507.5 -90  54  63   1.563   0.0   0.0
 6.150  510.0 -90  54  69   1.563   0.0   0.0
 6.150  512.5 -90  54  72   1.563   0.0   0.0
 6.150  515.0 -90  54  72   1.563   0.0   0.0
 6.150  517.5 -90  54  75   1.563   0.0   0.0
 6.150  520.0 -90  54  72   1.563   0.0   0.0
 6.150  522.5 -90  54  72   1.563   0.0   0.0
 6.150  525.0 -90  54  69   1.563   0.0   0.0
 6.150  527.5 -90  54  66   1.563   0.0   0.0
 6.150  530.0 -90  54  63   1.563   0.0   0.0
 6.175  522.5 -90  60  69   1.563   0.0   0.0
 6.175  525.0 -90  60  72   1.563   0.0   0.0
 6.175  527.5 -90  60  72   1.563   0.0   0.0
 6.175  530.0 -90  60  72   1.563   0.0   0.0
 6.175  532.5 -90  60  69   1.563   0.0   0.0
 6.175  535.0 -90  60  69   1.563   0.0   0.0
 6.200  532.5 -90  57  66   1.563   0.0   0.0
 6.200  535.0 -90  57  69   1.563   0.0   0.0
 6.200  537.5 -90  57  69   1.563   0.0   0.0
 6.200  540.0 -90  57  69   1.563   0.0   0.0
 6.200  542.5 -90  57  69   1.563   0.0   0.0
 6.200  545.0 -90  57  69   1.563   0.0   0.0
 6.200  547.5 -90  57  69   1.563   0.0   0.0
 6.200  550.0 -90  57  69   1.563   0.0   0.0
 6.200  552.5 -90  57  66   1.563   0.0   0.0
 6.225  542.5 -90  54  63   1.563   0.0   0.0
 6.225  545.0 -90  54  63   1.563   0.0   0.0
 6.225  547.5 -90  54  66   1.563   0.0   0.0
 6.225  550.0 -90  54  66   1.563   0.0   0.0
 6.225  552.5 -90  54  66   1.563   0.0   0.0
 6.225  555.0 -90  54  66   1.563   0.0   0.0
 6.225  557.5 -90  54  69   1.563   0.0   0.0
 6.225  560.0 -90  54  69   1.563   0.0   0.0
 6.225  562.5 -90  54  69   1.563   0.0   0.0
 6.225  565.0 -90  54  66   1.563   0.0   0.0
 6.225  567.5 -90  54  66   1.563   0.0   0.0
 6.225  570.0 -90  54  66   1.563   0.0   0.0
 6.225  572.5 -90  54  66   1.563   0.0   0.0
 6.225  575.0 -90  54  63   1.563   0.0   0.0
 6.225  582.5 -90  54  63   1.563   0.0   0.0
 6.250  562.5 -90  51  60   1.563   0.0   0.0
 6.250  565.0 -90  51  63   1.563   0.0   0.0
 6.250  567.5 -90  51  63   1.563   0.0   0.0
 6.250  570.0 -90  51  63   1.563   0.0   0.0
 6.250  572.5 -90  51  66   1.563   0.0   0.0
 6.250  575.0 -90  51  66   1.563   0.0   0.0
 6.250  577.5 -90  51  66   1.563   0.0   0.0
 6.250  580.0 -90  51  66   1.563   0.0   0.0
 6.250  582.5 -90  51  66   1.563   0.0   0.0
 6.250  585.0 -90  51  66   1.563   0.0   0.0
 6.250  587.5 -90  51  66   1.563   0.0   0.0
 6.250  590.0 -90  51  63   1.563   0.0   0.0
 6.250  592.5 -90  51  63   1.563   0.0   0.0
 6.250  595.0 -90  51  63   1.563   0.0   0.0
 6.250  597.5 -90  51  63   1.563   0.0   0.0
 6.250  600.0 -90  51  60   1.563   0.0   0.0
 6.250  602.5 -90  51  60   1.563   0.0   0.0
 6.250  605.0 -90  51  60   1.563   0.0   0.0
 6.275  580.0 -90  48  57   1.563   0.0   0.0
 6.275  582.5 -90  48  57  -1.563   0.0   0.0
 6.275  585.0 -90  48  60   1.563   0.0   0.0
 6.275  587.5 -90  48  60   1.563   0.0   0.0
 6.275  590.0 -90  48  60  -1.563   0.0   0.0
 6.275  592.5 -90  48  60   1.563   0.0   0.0
 6.275  595.0 -90  48  60   1.563   0.0   0.0
 6.275  597.5 -90  48  63   1.563   0.0   0.0
 6.275  600.0 -90  48  63   1.563   0.0   0.0
 6.275  602.5 -90  48  63   1.563   0.0   0.0
 6.275  605.0 -90  48  63   1.563   0.0   0.0
 6.275  607.5 -90  48  63   1.563   0.0   0.0
 6.275  610.0 -90  48  63   1.563   0.0   0.0
 6.275  612.5 -90  48  63   1.563   0.0   0.0
 6.275  615.0 -90  48  60   1.563   0.0   0.0
 6.275  617.5 -90  48  60   1.563   0.0   0.0
 6.275  620.0 -90  48  57   1.563   0.0   0.0
 6.275  622.5 -90  48  60   1.563   0.0   0.0
 6.275  625.0 -90  48  57  -1.563   0.0   0.0
 6.275  647.5 -90  48  57   1.563   0.0   0.0
 6.275  650.0 -90  48  57  -1.563   0.0   0.0
 6.275  652.5 -90  48  57   1.563   0.0   0.0
 6.275  655.0 -90  48  57   1.563   0.0   0.0
 6.275  657.5 -90  48  57   1.563   0.0   0.0
 6.600  255.0 -90  45  54 -10.938  90.0  30.0
 6.600  257.5 -90  45  54  10.938  90.0  30.0
 6.875  935.0  90  42  51 -10.938  30.0  30.0
 6.900  612.5  90  42  51 -10.938 210.0  30.0
 6.900  935.0  90  42  51   1.563 210.0  30.0
 6.900  937.5  90  42  51 -10.938 210.0  30.0
 6.950  582.5 -90  60  69  -7.813   0.0   0.0
 6.950  585.0 -90  60  69  -7.813   0.0   0.0
 6.950  587.5 -90  60  69  -7.813   0.0   0.0
 6.950  755.0 -90  60  69   1.563 150.0  30.0
 6.950  757.5 -90  60  69   1.563 150.0  30.0
 6.950  760.0 -90  60  69   1.563 330.0  30.0
 6.950  777.5 -90  60  69   4.688 330.0  30.0
 6.950  780.0 -90  60  69   1.563 330.0  30.0
 6.975  105.0 -90  63  72 -10.938  90.0  30.0
 6.975  107.5 -90  63  72 -10.938  90.0  30.0
 6.975  110.0 -90  63  72 -10.938  90.0  30.0
 6.975  112.5 -90  63  72 -10.938 330.0  30.0
 6.975  115.0 -90  63  72 -10.938  90.0  30.0
 6.975  117.5 -90  63  72 -10.938 330.0  30.0
 6.975  120.0 -90  63  72 -10.938 330.0  30.0
 6.975  122.5 -90  63  72  -7.813 330.0  30.0
 6.975  125.0 -90  63  72 -10.938 330.0  30.0
 6.975  127.5 -90  63  72 -10.938 330.0  30.0
 6.975  130.0 -90  63  72  -7.813 330.0  30.0
 6.975  132.5 -90  63  72  -7.813 330.0  30.0
 7.000  140.0  90  63  72  10.938   0.0   0.0
 7.000  142.5  90  63  72  10.938 330.0  30.0
 7.000  597.5 -90  63  72  -1.563   0.0   0.0
 7.000  600.0 -90  63  72  -1.563   0.0   0.0
 7.000  602.5 -90  63  72  -4.688   0.0   0.0
 7.000  605.0 -90  63  72  -4.688   0.0   0.0
 7.000  607.5 -90  63  72  -4.688   0.0   0.0
 7.000  625.0 -90  63  72  -4.688   0.0   0.0
 7.000  627.5 -90  63  72  -4.688   0.0   0.0
 7.000  630.0 -90  63  72  -4.688   0.0   0.0
 7.000  632.5 -90  63  72  -4.688   0.0   0.0
 7.000  727.5 -90  63  72 -10.938 330.0  30.0
 7.025  627.5  90  57  66  -1.563   0.0   0.0
 7.025  635.0  90  57  66  -7.813   0.0   0.0
 7.025  652.5  90  57  66  -4.688   0.0   0.0
 7.025  657.5  90  57  66  -4.688   0.0   0.0
 7.025  660.0  90  57  69  -4.688   0.0   0.0
 7.025  662.5  90  57  66  -7.813   0.0   0.0
 7.025  682.5  90  57  66   7.813   0.0   0.0
 7.025  685.0  90  57  69  10.938   0.0   0.0
 7.025  687.5  90  57  66   7.813   0.0   0.0
 7.025  690.0  90  57  66   4.688   0.0   0.0
 7.025  692.5  90  57  66   7.813   0.0   0.0
 7.025  710.0  90  57  66  10.938   0.0   0.0
 7.025  712.5  90  57  66   7.813   0.0   0.0
 7.025  715.0  90  57  66  10.938   0.0   0.0
 7.025  717.5  90  57  66  10.938   0.0   0.0
 7.025  737.5  90  57  66 -10.938   0.0   0.0
 7.025  740.0  90  57  66 -10.938   0.0   0.0
 7.025  745.0  90  57  66  -7.813   0.0   0.0
 7.025   92.5 -90  54  63  -1.563   0.0   0.0
 7.025   97.5 -90  54  63   1.563   0.0   0.0
 7.025  100.0 -90  54  63   4.688   0.0   0.0
 7.025  102.5 -90  54  63   4.688   0.0   0.0
 7.025  107.5 -90  54  63  -1.563   0.0   0.0
 7.175  115.0 -90  57  66   1.563 270.0  30.0
 7.175  117.5 -90  57  66   1.563  90.0  30.0
 7.175  122.5 -90  57  66   1.563 270.0  30.0
 7.175  130.0 -90  57  66   1.563 270.0  30.0
 7.550  112.5 -90  57  66   7.813  30.0  30.0
 7.600  262.5  90  63  72  -7.813 150.0  30.0
 7.600  265.0  90  63  72  -4.688 150.0  30.0
 7.600  267.5  90  63  72  -7.813 150.0  30.0
 7.600  270.0  90  63  72  -4.688 150.0  30.0
 7.600  272.5  90  63  72  -4.688 150.0  30.0
 7.600  275.0  90  63  72  -4.688 150.0  30.0
 7.600  397.5  90  63  72  -1.563 150.0  30.0
 7.600  400.0  90  63  72   1.563 150.0  30.0
 7.600  402.5  90  63  72   1.563 150.0  30.0
 7.600  405.0  90  63  72   1.563 150.0  30.0
 7.600  545.0  90  63  72  10.938 150.0  30.0
 7.650  387.5  90  51  60  10.938  90.0  30.0
 7.675  442.5  90  51  60   1.563   0.0   0.0
 7.675  462.5  90  51  60   4.688 210.0  30.0
 7.675  502.5  90  51  60  10.938   0.0   0.0
 7.725 1242.5  90  66  75  -1.563   0.0   0.0
 7.725 1245.0  90  66  75  -1.563   0.0   0.0
 7.725 1255.0  90  66  75  -4.688   0.0   0.0
 7.725 1257.5  90  66  75  -4.688   0.0   0.0
 7.725 1260.0  90  66  75  -4.688   0.0   0.0
 7.725 1262.5  90  66  75  -4.688   0.0   0.0
 7.725 1275.0  90  66  75  -4.688   0.0   0.0
 7.725 1277.5  90  66  75  -4.688   0.0   0.0
 7.725  315.0 -90  66  75  -7.813   0.0   0.0
 7.725  317.5 -90  66  75  -7.813   0.0   0.0
 7.725  320.0 -90  66  75  -7.813   0.0   0.0
 7.725  322.5 -90  66  75  -7.813   0.0   0.0
 7.725  487.5 -90  66  75   1.563   0.0   0.0
 7.725  490.0 -90  66  75   1.563   0.0   0.0
 7.725  492.5 -90  66  75  -1.563   0.0   0.0
 7.725  505.0 -90  66  75  -4.688   0.0   0.0
 7.725  507.5 -90  66  75  -4.688   0.0   0.0
 7.725  510.0 -90  66  75  -4.688   0.0   0.0
 7.725  512.5 -90  66  75  -4.688   0.0   0.0
 7.725  515.0 -90  66  75  -4.688   0.0   0.0
 7.725  517.5 -90  66  75  -4.688   0.0   0.0
 7.725  530.0 -90  66  75  -7.813   0.0   0.0
 7.725  532.5 -90  66  75  -7.813   0.0   0.0
 7.725  535.0 -90  66  75  -7.813   0.0   0.0
 7.725  537.5 -90  66  75  -4.688   0.0   0.0
 7.725  540.0 -90  66  75  -4.688   0.0   0.0
 7.725  542.5 -90  66  75   1.563   0.0   0.0
 7.725  545.0 -90  66  75   4.688   0.0   0.0
 7.725  547.5 -90  66  75   4.688   0.0   0.0
 7.725  550.0 -90  66  75   7.813   0.0   0.0
 7.750  290.0  90  57  66   1.563   0.0   0.0
 7.750  292.5  90  57  66   1.563   0.0   0.0
 7.750  295.0  90  57  66   4.688   0.0   0.0
 7.750  297.5  90  57  66   1.563   0.0   0.0
 7.750  300.0  90  57  66   4.688   0.0   0.0
 7.750  302.5  90  57  66   4.688   0.0   0.0
 7.750  305.0  90  57  66   1.563   0.0   0.0
 7.750  307.5  90  57  66   1.563   0.0   0.0
 7.750  310.0  90  57  66   1.563   0.0   0.0
 7.750  312.5  90  57  66   1.563   0.0   0.0
 7.750  315.0  90  57  66   1.563   0.0   0.0
 7.750  317.5  90  57  66   1.563   0.0   0.0
 7.750  320.0  90  57  66  -1.563   0.0   0.0
 7.750  322.5  90  57  66  -1.563   0.0   0.0
 7.750  325.0  90  57  66  -1.563   0.0   0.0
 7.750  327.5  90  57  66  -4.688   0.0   0.0
 7.750  330.0  90  57  66  -4.688   0.0   0.0
 7.750  332.5  90  57  66  -4.688   0.0   0.0
 7.750  335.0  90  57  69  -4.688   0.0   0.0
 7.750  337.5  90  57  69  -4.688   0.0   0.0
 7.750  340.0  90  57  69  -4.688   0.0   0.0
 7.750  342.5  90  57  69  -4.688   0.0   0.0
 7.750  345.0  90  57  69  -4.688   0.0   0.0
 7.750  347.5  90  57  69  -4.688   0.0   0.0
 7.750  350.0  90  57  69  -4.688   0.0   0.0
 7.750  352.5  90  57  69  -4.688   0.0   0.0
 7.750  355.0  90  57  69  -4.688   0.0   0.0
 7.750  357.5  90  57  66  -4.688   0.0   0.0
 7.750  360.0  90  57  66  -7.813   0.0   0.0
 7.750  362.5  90  57  66  -7.813   0.0   0.0
 7.750  365.0  90  57  69  -7.813   0.0   0.0
 7.750  367.5  90  57  66 -10.938   0.0   0.0
 7.750  370.0  90  57  66 -10.938   0.0   0.0
 7.750  372.5  90  57  66   7.813   0.0   0.0
 7.750  375.0  90  57  69   4.688   0.0   0.0
 7.750  377.5  90  57  66   7.813   0.0   0.0
 7.750  380.0  90  57  69   7.813   0.0   0.0
 7.750  382.5  90  57  69   7.813   0.0   0.0
 7.750  385.0  90  57  69   7.813   0.0   0.0
 7.750  387.5  90  57  72   7.813   0.0   0.0
 7.750  390.0  90  57  72   7.813   0.0   0.0
 7.750  392.5  90  57  69   7.813   0.0   0.0
 7.750  395.0  90  57  69   7.813   0.0   0.0
 7.750  397.5  90  57  69   4.688   0.0   0.0
 7.750  400.0  90  57  69   4.688   0.0   0.0
 7.750  402.5  90  57  69   7.813   0.0   0.0
 7.750  405.0  90  57  69   7.813   0.0   0.0
 7.750  407.5  90  57  72  10.938   0.0   0.0
 7.750  410.0  90  57  72  10.938   0.0   0.0
 7.750  412.5  90  57  69  10.938   0.0   0.0
 7.750  415.0  90  57  69   7.813   0.0   0.0
 7.750  417.5  90  57  66   7.813   0.0   0.0
 7.750  420.0  90  57  66   4.688   0.0   0.0
 7.750  422.5  90  57  66  10.938   0.0   0.0
 7.750  425.0  90  57  69 -10.938   0.0   0.0
 7.750  427.5  90  57  69 -10.938   0.0   0.0
 7.750  430.0  90  57  69  10.938   0.0   0.0
 7.750  432.5  90  57  69  10.938   0.0   0.0
 7.750  435.0  90  57  66   7.813   0.0   0.0
 7.750  437.5  90  57  66   4.688   0.0   0.0
 7.750  440.0  90  57  66   4.688   0.0   0.0
 7.750  442.5  90  57  66 -10.938   0.0   0.0
 7.750  445.0  90  57  69 -10.938   0.0   0.0
 7.750  447.5  90  57  66 -10.938   0.0   0.0
 7.750  450.0  90  57  66  10.938   0.0   0.0
 7.750  457.5  90  57  66  -1.563   0.0   0.0
 7.750  460.0  90  57  66  -4.688   0.0   0.0
 7.750  462.5  90  57  66  -7.813   0.0   0.0
 7.750  465.0  90  57  66 -10.938   0.0   0.0
 7.750  467.5  90  57  66   7.813   0.0   0.0
 7.750  470.0  90  57  66   4.688   0.0   0.0
 7.750  472.5  90  57  66   1.563   0.0   0.0
 7.750  475.0  90  57  66  -1.563   0.0   0.0
 7.750  477.5  90  57  66  -1.563   0.0   0.0
 7.750  480.0  90  57  66  -1.563   0.0   0.0
 7.750  482.5  90  57  66   1.563   0.0   0.0
 7.750  485.0  90  57  66   1.563   0.0   0.0
 7.750  487.5  90  57  69   1.563   0.0   0.0
 7.750  490.0  90  57  69   1.563   0.0   0.0
 7.750  492.5  90  57  69   1.563   0.0   0.0
 7.750  495.0  90  57  69   1.563   0.0   0.0
 7.750  497.5  90  57  69   1.563   0.0   0.0
 7.750  500.0  90  57  69  -1.563   0.0   0.0
 7.750  502.5  90  57  69   1.563   0.0   0.0
 7.750  505.0  90  57  69   4.688   0.0   0.0
 7.750  507.5  90  57  69   4.688   0.0   0.0
 7.750  510.0  90  57  69   1.563   0.0   0.0
 7.750  512.5  90  57  72   1.563   0.0   0.0
 7.750  515.0  90  57  69   1.563   0.0   0.0
 7.750  517.5  90  57  69  -1.563   0.0   0.0
 7.750  520.0  90  57  69  -4.688   0.0   0.0
 7.750  522.5  90  57  69  -4.688   0.0   0.0
 7.750  525.0  90  57  69  -4.688   0.0   0.0
 7.750  527.5  90  57  72  -4.688   0.0   0.0
 7.750  530.0  90  57  72  -4.688   0.0   0.0
 7.750  532.5  90  57  72  -4.688   0.0   0.0
 7.750  535.0  90  57  72  -4.688   0.0   0.0
 7.750  537.5  90  57  72  -7.813   0.0   0.0
 7.750  540.0  90  57  72  -7.813   0.0   0.0
 7.750  542.5  90  57  72  -7.813   0.0   0.0
 7.750  545.0  90  57  72  -4.688   0.0   0.0
 7.750  547.5  90  57  72  -4.688   0.0   0.0
 7.750  550.0  90  57  72  -4.688   0.0   0.0
 7.750  552.5  90  57  72  -7.813   0.0   0.0
 7.750  555.0  90  57  72  -7.813   0.0   0.0
 7.750  557.5  90  57  72  -7.813   0.0   0.0
 7.750  560.0  90  57  72  -7.813   0.0   0.0
 7.750  562.5  90  57  72  -4.688   0.0   0.0
 7.750  565.0  90  57  69  -1.563   0.0   0.0
 7.750  567.5  90  57  69  -1.563   0.0   0.0
 7.750  570.0  90  57  69   1.563   0.0   0.0
 7.750  572.5  90  57  66   1.563   0.0   0.0
 7.750  577.5  90  57  66  -7.813   0.0   0.0
 7.750  580.0  90  57  66  -4.688   0.0   0.0
 7.750  582.5  90  57  69  -1.563   0.0   0.0
 7.750  585.0  90  57  69  -1.563   0.0   0.0
 7.750  587.5  90  57  66  -1.563   0.0   0.0
 7.750  590.0  90  57  66   1.563   0.0   0.0
 7.750  600.0  90  57  66   1.563  90.0  30.0
 7.750  602.5  90  57  69   1.563   0.0   0.0
 7.750  605.0  90  57  69   1.563   0.0   0.0
 7.750  607.5  90  57  69   1.563   0.0   0.0
 7.750  610.0  90  57  69   1.563   0.0   0.0
 7.750  612.5  90  57  69   1.563   0.0   0.0
 7.750  615.0  90  57  66   1.563   0.0   0.0
 7.750 1135.0  90  57  66   7.813   0.0   0.0
 7.750 1137.5  90  57  66   7.813   0.0   0.0
 7.750 1140.0  90  57  66   7.813   0.0   0.0
 7.750 1142.5  90  57  66   7.813   0.0   0.0
 7.750 1157.5  90  57  66   7.813   0.0   0.0
 7.750 1282.5  90  57  66  -7.813   0.0   0.0
 7.775  520.0  90  45  54   1.563   0.0   0.0
 7.775  522.5  90  45  54   1.563 210.0  30.0
 7.775  535.0  90  45  54  -7.813   0.0   0.0
 7.775  537.5  90  45  54  -7.813   0.0   0.0
 7.775  552.5  90  45  54  -1.563 210.0  30.0
 7.775  555.0  90  45  54  10.938 210.0  30.0
 7.775  557.5  90  45  54  -7.813   0.0   0.0
 7.775 1132.5  90  45  54  -7.813   0.0   0.0
 7.775 1137.5  90  45  54  -7.813   0.0   0.0
 7.775 1140.0  90  45  54  -7.813   0.0   0.0
 7.775 1145.0  90  45  54 -10.938  90.0  30.0
 7.775 1147.5  90  45  54 -10.938   0.0   0.0
 7.775 1150.0  90  45  54 -10.938   0.0   0.0
 7.775 1157.5  90  45  54  -7.813   0.0   0.0
 7.775 1167.5  90  45  54  10.938   0.0   0.0
 7.775 1172.5  90  45  54  10.938  90.0  30.0
 7.775 1177.5  90  45  54  10.938   0.0   0.0
 7.775 1180.0  90  45  54  10.938   0.0   0.0
 7.775 1182.5  90  45  54   7.813   0.0   0.0
 7.775 1187.5  90  45  54  10.938   0.0   0.0
 7.775 1197.5  90  45  54 -10.938   0.0   0.0
 7.775 1205.0  90  45  54  -7.813   0.0   0.0
 7.775 1215.0  90  45  54  -7.813   0.0   0.0
 7.775 1217.5  90  45  54 -10.938   0.0   0.0
 7.775 1232.5  90  45  54   1.563   0.0   0.0
 7.775 1235.0  90  45  54   1.563   0.0   0.0
 7.775 1237.5  90  45  54   4.688   0.0   0.0
 7.775 1247.5  90  45  54   4.688   0.0   0.0
 7.775 1250.0  90  45  54   4.688   0.0   0.0
 7.775 1252.5  90  45  54   4.688   0.0   0.0
 7.775 1255.0  90  45  54   1.563   0.0   0.0
 7.775 1257.5  90  45  57   1.563   0.0   0.0
 7.775 1260.0  90  45  54   7.813 210.0  30.0
 7.775 1262.5  90  45  54   7.813   0.0   0.0
 7.775 1265.0  90  45  54   4.688   0.0   0.0
 7.775 1267.5  90  45  54   1.563   0.0   0.0
 7.775 1270.0  90  45  54   1.563   0.0   0.0
 7.775 1272.5  90  45  54   4.688   0.0   0.0
 7.775 1275.0  90  45  54   1.563   0.0   0.0
 7.775 1277.5  90  45  57  -4.688   0.0   0.0
 7.775 1280.0  90  45  54  -7.813   0.0   0.0
 7.775 1282.5  90  45  57  -4.688   0.0   0.0
 7.775  547.5 -90  48  57  -7.813   0.0   0.0
 7.775  552.5 -90  48  57  -4.688   0.0   0.0
 7.775  555.0 -90  48  57  -4.688   0.0   0.0
 7.775  557.5 -90  48  57  -4.688   0.0   0.0
 7.775  560.0 -90  48  57  -4.688 210.0  30.0
 7.775  562.5 -90  48  57  -4.688   0.0   0.0
 7.775  565.0 -90  48  57  -7.813   0.0   0.0
 7.850  715.0  90  45  54  -1.563 270.0  30.0
 7.875  705.0  90  45  54   1.563 270.0  30.0
 7.875  715.0  90  45  54   1.563 270.0  30.0
 7.900  705.0  90  42  51  -1.563 270.0  30.0
 7.900  712.5  90  42  51   1.563 270.0  30.0
 7.900  715.0  90  42  54   1.563 270.0  30.0
 7.925  705.0 -90  42  51   1.563 270.0  30.0
 7.950  705.0 -90  42  51   1.563 270.0  30.0
 8.725 1125.0 -90  45  54 -10.938 270.0  30.0
 8.725 1142.5 -90  45  54   1.563 270.0  30.0
 8.725 1197.5 -90  45  54  -7.813 270.0  30.0
 8.725 1265.0 -90  45  54   7.813 270.0  30.0
 8.950   82.5 -90  45  54  -7.813  30.0  30.0
 9.600  150.0  90  72  81  -4.688  90.0  30.0
 9.675  197.5  90  60  69   1.563  90.0  30.0
 9.750  172.5 -90  57  66  -4.688  90.0  30.0
 9.800   80.0 -90  72  81  -7.813  90.0  30.0
 9.975  417.5  90  45  54   1.563  30.0  30.0
 9.975 1157.5  90  45  54   7.813 210.0  30.0
 9.975 1162.5  90  45  54  -1.563 210.0  30.0
 9.975 1167.5  90  45  54   1.563 210.0  30.0
 9.975 1170.0  90  45  54  -4.688 210.0  30.0
 9.975 1175.0  90  45  54  -1.563 210.0  30.0
 9.975 1177.5  90  45  54  -7.813 210.0  30.0
 9.975 1180.0  90  45  54   1.563 210.0  30.0
 9.975 1182.5  90  45  54  -4.688 210.0  30.0
 9.975 1185.0  90  45  54   4.688 210.0  30.0
 9.975 1190.0  90  45  54  -7.813  30.0  30.0
 9.975 1215.0  90  45  54 -10.938 210.0  30.0
 9.975 1140.0 -90  42  51  10.938 210.0  30.0
 9.975 1157.5 -90  42  51  10.938 210.0  30.0
 9.975 1167.5 -90  42  51  -4.688 210.0  30.0
