2024.06.28 (180) 00:00:01.000
Station name: Roquetes
URSI code: EB040
Ionosonde model: DPS-4D
  Freq  Range Pol MPA Amp Doppler    Az    Zn  PGH
 1.150 1225.0 -90  63  72  -1.563  90.0  30.0 1218
 1.250  115.0  90  63  72  -1.563 270.0  30.0  116
 1.450   87.5  90  66  75  -1.563   0.0   0.0   97
 1.450  115.0  90  66  75   1.563 150.0  30.0  115
 1.450 1222.5  90  66  75  -1.563 210.0  30.0 1231
 1.500 1280.0  90  69  78   1.563  90.0  30.0 1273
 1.650  115.0  90  60  75  -1.563   0.0   0.0  119
 1.650  665.0 -90  57  66  -1.563 210.0  30.0  657
 1.700  115.0  90  57  75  -1.563   0.0   0.0  119
 1.700  237.5  90  57  66  -1.563 270.0  30.0  241
 1.700  242.5  90  57  66   1.563   0.0   0.0  244
 1.700  475.0  90  57  66   1.563 210.0  30.0  479
 1.700  735.0  90  57  66  -4.688  90.0  30.0  733
 1.700 1225.0  90  57  66  -1.563  90.0  30.0 1213
 1.700 1230.0  90  57  66   1.563  90.0  30.0 1225
 1.750  115.0  90  57  75  -1.563   0.0   0.0  119
 1.750  117.5  90  57  69  -1.563   0.0   0.0  120
 1.750  237.5  90  57  69   1.563   0.0   0.0  241
 1.750  242.5  90  57  66   1.563   0.0   0.0  244
 1.750  257.5  90  57  66  -1.563   0.0   0.0  264
 1.800  115.0  90  57  72  -1.563   0.0   0.0  119
 1.800  117.5  90  57  69   1.563   0.0   0.0  121
 1.800  120.0  90  57  66  -1.563 270.0  30.0  124
 1.800  235.0  90  57  66   1.563   0.0   0.0  239
 1.800  237.5  90  57  69   1.563   0.0   0.0  240
 1.800  240.0  90  57  69   1.563   0.0   0.0  245
 1.800  242.5  90  57  66  -1.563   0.0   0.0  246
 1.850  115.0  90  54  66   1.563   0.0   0.0  122
 1.850  117.5  90  54  66   1.563   0.0   0.0  121
 1.850  235.0  90  54  63   1.563 270.0  30.0  239
 1.850  240.0  90  54  63   1.563 270.0  30.0  243
 1.850  242.5  90  54  63   1.563   0.0   0.0  246
 1.850  122.5 -90  54  63  -1.563   0.0   0.0  124
 1.900  120.0  90  54  63  -1.563 210.0  30.0  122
 1.900  240.0  90  54  63   1.563   0.0   0.0  243
 1.900  242.5  90  54  63  -1.563   0.0   0.0  245
 1.900  120.0 -90  54  69  -1.563   0.0   0.0  124
 1.900  122.5 -90  54  63  -1.563   0.0   0.0  126
 1.900  215.0 -90  54  63  -4.688  90.0  30.0  207
 1.900  240.0 -90  54  63  -1.563  90.0  30.0  255
 1.950  240.0  90  54  66  -1.563   0.0   0.0  245
 1.950  617.5  90  54  63  -1.563  30.0  30.0  622
 1.950  117.5 -90  51  63  -1.563   0.0   0.0  123
 1.950  120.0 -90  51  72   1.563   0.0   0.0  124
 1.950  122.5 -90  51  60   1.563   0.0   0.0  125
 2.000  235.0  90  54  63   1.563   0.0   0.0  237
 2.000  237.5  90  54  63   1.563   0.0   0.0  238
 2.000  240.0  90  54  66   1.563   0.0   0.0  243
 2.000  252.5  90  54  63   1.563 150.0  30.0  256
 2.000  255.0  90  54  63   1.563 150.0  30.0  258
 2.000  615.0  90  54  66  -1.563   0.0   0.0  622
 2.000  117.5 -90  54  69   1.563   0.0   0.0  123
 2.000  120.0 -90  54  72   1.563   0.0   0.0  123
 2.000  250.0 -90  54  63  -1.563   0.0   0.0  254
 2.050   95.0  90  57  66  -1.563 330.0  30.0  106
 2.050  100.0  90  57  66  -4.688 330.0  30.0   87
 2.050  105.0  90  57  66  -1.563 330.0  30.0  116
 2.050  107.5  90  57  66  -4.688 330.0  30.0   94
 2.050  110.0  90  57  66  -4.688 330.0  30.0   97
 2.050  112.5  90  57  66  -4.688 330.0  30.0   98
 2.050  115.0  90  57  66   4.688 330.0  30.0  107
 2.050  117.5  90  57  66  -4.688 330.0  30.0  104
 2.050  120.0  90  57  66  -1.563 330.0  30.0  125
 2.050  122.5  90  57  66  -1.563 330.0  30.0  130
 2.050  125.0  90  57  66   4.688 330.0  30.0  115
 2.050  127.5  90  57  66  -4.688 330.0  30.0  141
 2.050  130.0  90  57  66  -1.563 330.0  30.0  134
 2.050  132.5  90  57  66  -1.563 330.0  30.0  134
 2.050  135.0  90  57  66   4.688 330.0  30.0  124
 2.050  137.5  90  57  69  -1.563 330.0  30.0  140
 2.050  140.0  90  57  66  -1.563 330.0  30.0  141
 2.050  142.5  90  57  66  -1.563 330.0  30.0  142
 2.050  145.0  90  57  69  -4.688 330.0  30.0  154
 2.050  147.5  90  57  69  -4.688 330.0  30.0  155
 2.050  150.0  90  57  66  -1.563 330.0  30.0  149
 2.050  152.5  90  57  66  -4.688 330.0  30.0  159
 2.050  155.0  90  57  66   1.563 330.0  30.0  148
 2.050  157.5  90  57  66  -4.688 330.0  30.0  166
 2.050  160.0  90  57  66  -1.563 330.0  30.0  158
 2.050  162.5  90  57  66  -1.563 330.0  30.0  161
 2.050  165.0  90  57  66  -1.563 330.0  30.0  163
 2.050  167.5  90  57  66   4.688 330.0  30.0  182
 2.050  170.0  90  57  66  -1.563 330.0  30.0  168
 2.050  172.5  90  57  66  -1.563 330.0  30.0  171
 2.050  175.0  90  57  66  -1.563 330.0  30.0  172
 2.050  177.5  90  57  66  -1.563 330.0  30.0  175
 2.050  180.0  90  57  66  -1.563 330.0  30.0  178
 2.050  185.0  90  57  66  -1.563 330.0  30.0  183
 2.050  187.5  90  57  66  -4.688 330.0  30.0  192
 2.050  190.0  90  57  66  -4.688 330.0  30.0  194
 2.050  192.5  90  57  66  -1.563 330.0  30.0  192
 2.050  195.0  90  57  66  -1.563 330.0  30.0  193
 2.050  197.5  90  57  66   1.563 330.0  30.0  187
 2.050  257.5  90  57  66   1.563   0.0   0.0  257
 2.050  117.5 -90  54  75   1.563   0.0   0.0  122
 2.050  120.0 -90  54  72  -1.563   0.0   0.0  122
 2.100  292.5  90  54  63  -1.563   0.0   0.0  297
 2.100  295.0  90  54  63  -1.563   0.0   0.0  298
 2.100  620.0  90  54  63  -1.563   0.0   0.0  624
 2.100  107.5 -90  54  63   1.563 330.0  30.0  112
 2.100  115.0 -90  54  66   1.563   0.0   0.0  123
 2.100  117.5 -90  54  75   1.563   0.0   0.0  122
 2.100  120.0 -90  54  72  -1.563   0.0   0.0  123
 2.100  125.0 -90  54  63   1.563  30.0  30.0  132
 2.100  127.5 -90  54  63   1.563 330.0  30.0  133
 2.100  132.5 -90  54  63   1.563 330.0  30.0  138
 2.100  135.0 -90  54  63  -4.688 330.0  30.0  137
 2.100  137.5 -90  54  63   1.563 330.0  30.0  144
 2.100  140.0 -90  54  63   1.563  30.0  30.0  149
 2.100  142.5 -90  54  63   1.563 330.0  30.0  149
 2.100  145.0 -90  54  63  -4.688 330.0  30.0  149
 2.100  147.5 -90  54  63   1.563 330.0  30.0  153
 2.100  150.0 -90  54  63  -4.688 330.0  30.0  156
 2.100  152.5 -90  54  63   1.563 330.0  30.0  159
 2.100  155.0 -90  54  63  -4.688 330.0  30.0  162
 2.100  157.5 -90  54  63   1.563 330.0  30.0  164
 2.100  160.0 -90  54  63  -4.688 330.0  30.0  166
 2.100  162.5 -90  54  63  -1.563 330.0  30.0  170
 2.100  165.0 -90  54  63   4.688   0.0   0.0  170
 2.100  167.5 -90  54  63  -1.563 330.0  30.0  175
 2.100  175.0 -90  54  63   1.563 330.0  30.0  183
 2.100  177.5 -90  54  63  -1.563 330.0  30.0  185
 2.100  242.5 -90  54  66   1.563   0.0   0.0  246
 2.150  292.5  90  54  63   1.563   0.0   0.0  298
 2.150  295.0  90  54  66   1.563   0.0   0.0  298
 2.150  117.5 -90  54  75  -1.563   0.0   0.0  121
 2.150  120.0 -90  54  66   1.563   0.0   0.0  123
 2.150  242.5 -90  54  63  -1.563   0.0   0.0  245
 2.200  295.0  90  57  66  -1.563   0.0   0.0  300
 2.200  115.0 -90  57  66   1.563   0.0   0.0  122
 2.200  117.5 -90  57  75   1.563   0.0   0.0  121
 2.200  242.5 -90  57  66   1.563   0.0   0.0  245
 2.200  247.5 -90  57  66  -1.563  30.0  30.0  251
 2.250  295.0  90  51  66   1.563   0.0   0.0  300
 2.250  297.5  90  51  63  -1.563   0.0   0.0  301
 2.250  452.5  90  51  60  -1.563   0.0   0.0  457
 2.250  617.5  90  51  60  -1.563   0.0   0.0  621
 2.250  620.0  90  51  63   1.563   0.0   0.0  625
 2.250  945.0  90  51  60  -4.688 330.0  30.0  930
 2.250  950.0  90  51  60   1.563 330.0  30.0  944
 2.250  115.0 -90  51  63   1.563   0.0   0.0  121
 2.250  117.5 -90  51  75   1.563   0.0   0.0  121
 2.250  120.0 -90  51  63   1.563   0.0   0.0  123
 2.250  240.0 -90  51  60   1.563   0.0   0.0  245
 2.250  242.5 -90  51  66   1.563   0.0   0.0  247
 2.250  245.0 -90  51  60  -1.563   0.0   0.0  247
 2.250  260.0 -90  51  60   1.563  90.0  30.0  265
 2.250  262.5 -90  51  60   1.563  90.0  30.0  264
 2.300  297.5  90  57  66  -1.563   0.0   0.0  299
 2.300 1045.0  90  57  66   1.563 330.0  30.0 1031
 2.300 1185.0  90  57  66   1.563  90.0  30.0 1177
 2.300  115.0 -90  54  66  -1.563   0.0   0.0  120
 2.300  117.5 -90  54  72   1.563   0.0   0.0  121
 2.300  245.0 -90  54  69   1.563   0.0   0.0  249
 2.300  260.0 -90  54  66   1.563  90.0  30.0  263
 2.350  297.5  90  54  69  -1.563   0.0   0.0  301
 2.350  832.5  90  54  63   1.563  90.0  30.0  847
 2.350  842.5  90  54  63  -1.563  90.0  30.0  852
 2.350  857.5  90  54  63  -1.563  90.0  30.0  858
 2.350  115.0 -90  51  66  -1.563   0.0   0.0  121
 2.350  117.5 -90  51  72   1.563   0.0   0.0  121
 2.350  240.0 -90  51  60  -1.563   0.0   0.0  246
 2.350  242.5 -90  51  63   1.563   0.0   0.0  244
 2.350  245.0 -90  51  69  -1.563   0.0   0.0  250
 2.350  247.5 -90  51  60   1.563   0.0   0.0  249
 2.350  257.5 -90  51  60  -1.563  90.0  30.0  263
 2.400  297.5  90  54  66  -1.563   0.0   0.0  303
 2.400  300.0  90  54  63   1.563   0.0   0.0  302
 2.400 1050.0  90  54  63   1.563 330.0  30.0 1040
 2.400  115.0 -90  54  66  -1.563   0.0   0.0  122
 2.400  117.5 -90  54  75   1.563   0.0   0.0  122
 2.400  120.0 -90  54  63   1.563   0.0   0.0  122
 2.400  242.5 -90  54  66  -1.563   0.0   0.0  247
 2.400  245.0 -90  54  63  -1.563   0.0   0.0  248
 2.450  300.0  90  57  66  -1.563   0.0   0.0  303
 2.450  115.0 -90  54  66   1.563   0.0   0.0  121
 2.450  117.5 -90  54  75  -1.563   0.0   0.0  122
 2.450  120.0 -90  54  69   1.563   0.0   0.0  122
 2.450  242.5 -90  54  63   1.563   0.0   0.0  246
 2.450  260.0 -90  54  63   1.563  30.0  30.0  262
 2.600  117.5  90  78  87  -1.563 330.0  30.0  126
 2.700  482.5  90  66  75  -4.688  30.0  30.0  489
 2.700  485.0  90  66  75  -4.688  30.0  30.0  493
 2.700  487.5  90  66  75  -4.688  30.0  30.0  497
 2.700  490.0  90  66  75  -4.688  30.0  30.0  501
 2.700  492.5  90  66  75  -4.688  30.0  30.0  505
 2.700  495.0  90  66  75  -4.688  30.0  30.0  507
 2.700  500.0  90  66  75  -4.688  30.0  30.0  512
 2.700  502.5  90  66  75  -4.688  30.0  30.0  515
 2.700  242.5 -90  57  66   1.563   0.0   0.0  246
 2.750  120.0  90  63  72   4.688  30.0  30.0  109
 2.750  127.5  90  63  72   4.688  30.0  30.0  115
 2.750 1165.0  90  63  72   4.688  30.0  30.0 1162
 2.750 1172.5  90  63  72   4.688  30.0  30.0 1169
 2.750  642.5 -90  57  66   1.563   0.0   0.0  648
 2.750  645.0 -90  57  66  -1.563   0.0   0.0  647
 2.850  305.0  90  51  66   1.563   0.0   0.0  310
 2.850  307.5  90  51  66  -1.563   0.0   0.0  310
 2.850  620.0  90  51  63  -1.563   0.0   0.0  623
 2.850  640.0  90  51  60   1.563   0.0   0.0  645
 2.850  642.5  90  51  60   1.563 270.0  30.0  646
 2.850 1187.5  90  51  60   4.688  30.0  30.0 1201
 2.850 1227.5  90  51  60  -1.563  30.0  30.0 1224
 2.850  307.5 -90  48  60   1.563 150.0  30.0  312
 2.850  620.0 -90  48  60  -1.563   0.0   0.0  625
 2.850  627.5 -90  48  57   1.563  90.0  30.0  632
 2.850  635.0 -90  48  57  -1.563  90.0  30.0  640
 2.850  642.5 -90  48  57   1.563   0.0   0.0  649
 2.850  645.0 -90  48  63  -1.563   0.0   0.0  649
 2.850  650.0 -90  48  60  -1.563  30.0  30.0  655
 2.850 1120.0 -90  48  60   4.688 270.0  30.0 1108
 2.850 1122.5 -90  48  57  -1.563 210.0  30.0 1116
 2.850 1142.5 -90  48  57   4.688 210.0  30.0 1141
 2.850 1147.5 -90  48  57  -1.563 210.0  30.0 1152
 2.850 1162.5 -90  48  57   1.563 210.0  30.0 1163
 2.850 1177.5 -90  48  60   1.563 270.0  30.0 1188
 2.850 1180.0 -90  48  57  -1.563 150.0  30.0 1189
 2.850 1185.0 -90  48  60  -4.688 210.0  30.0 1176
 2.850 1187.5 -90  48  57   4.688 210.0  30.0 1198
 2.850 1200.0 -90  48  60   1.563 210.0  30.0 1206
 2.850 1202.5 -90  48  57   1.563 270.0  30.0 1201
 2.850 1210.0 -90  48  57   1.563 210.0  30.0 1207
 2.850 1215.0 -90  48  57   4.688 270.0  30.0 1211
 2.850 1217.5 -90  48  57   4.688 210.0  30.0 1219
 2.850 1225.0 -90  48  57   4.688 270.0  30.0 1218
 2.850 1237.5 -90  48  57   1.563 270.0  30.0 1252
 2.850 1242.5 -90  48  57   1.563 270.0  30.0 1243
 2.850 1245.0 -90  48  57   1.563 210.0  30.0 1238
 2.850 1247.5 -90  48  57  -1.563 270.0  30.0 1242
 2.850 1250.0 -90  48  57   1.563 270.0  30.0 1249
 2.850 1252.5 -90  48  57  -1.563 270.0  30.0 1247
 2.850 1257.5 -90  48  57   4.688 270.0  30.0 1256
 2.850 1260.0 -90  48  60  -1.563 210.0  30.0 1273
 2.850 1265.0 -90  48  57   4.688 210.0  30.0 1259
 2.850 1267.5 -90  48  57   4.688 270.0  30.0 1263
 2.850 1282.5 -90  48  60   1.563 210.0  30.0 1284
 2.900  305.0  90  48  60  -1.563   0.0   0.0  311
 2.900  307.5  90  48  63  -1.563   0.0   0.0  310
 2.900  620.0  90  48  60  -1.563  90.0  30.0  624
 2.900  622.5  90  48  57   1.563  90.0  30.0  623
 2.900  630.0  90  48  57   1.563 150.0  30.0  635
 2.900  637.5  90  48  57  -1.563   0.0   0.0  642
 2.900  640.0  90  48  60   1.563   0.0   0.0  644
 2.900  650.0  90  48  57   1.563  90.0  30.0  654
 2.900  652.5  90  48  57  -1.563  30.0  30.0  656
 2.900  655.0  90  48  57  -1.563   0.0   0.0  658
 2.900  660.0  90  48  57   1.563   0.0   0.0  665
 2.900 1075.0  90  48  57   1.563  30.0  30.0 1064
 2.900 1270.0  90  48  57  -1.563  30.0  30.0 1258
 2.900  307.5 -90  48  57  -1.563   0.0   0.0  311
 2.900  620.0 -90  48  57  -1.563 150.0  30.0  623
 2.900  622.5 -90  48  60  -1.563   0.0   0.0  626
 2.900  642.5 -90  48  60   1.563   0.0   0.0  648
 2.900  645.0 -90  48  63  -1.563   0.0   0.0  649
 2.900 1197.5 -90  48  57  -1.563 270.0  30.0 1190
 2.900 1232.5 -90  48  57  -1.563 270.0  30.0 1221
 2.900 1252.5 -90  48  57   1.563 210.0  30.0 1240
 2.900 1257.5 -90  48  60   4.688 270.0  30.0 1266
 2.900 1262.5 -90  48  57  -4.688 270.0  30.0 1269
 2.900 1280.0 -90  48  57  -4.688 210.0  30.0 1292
 2.950  305.0  90  48  57  -1.563   0.0   0.0  310
 2.950  307.5  90  48  66  -1.563   0.0   0.0  313
 2.950  310.0  90  48  57  -1.563   0.0   0.0  313
 2.950  620.0  90  48  63  -1.563 330.0  30.0  624
 2.950  622.5  90  48  57  -1.563   0.0   0.0  624
 2.950  640.0  90  48  57  -1.563   0.0   0.0  646
 2.950  642.5  90  48  63   1.563   0.0   0.0  646
 2.950  645.0  90  48  63   1.563   0.0   0.0  649
 2.950 1187.5  90  48  57  -4.688  30.0  30.0 1181
 2.950 1210.0  90  48  57   4.688  30.0  30.0 1199
 2.950 1245.0  90  48  57   1.563  30.0  30.0 1254
 2.950 1262.5  90  48  60   4.688  30.0  30.0 1261
 2.950 1265.0  90  48  57  -1.563  30.0  30.0 1257
 2.950 1275.0  90  48  57  -4.688  30.0  30.0 1270
 2.950 1280.0  90  48  57   1.563  30.0  30.0 1269
 2.950  307.5 -90  48  63  -1.563 150.0  30.0  311
 2.950  617.5 -90  48  60  -1.563   0.0   0.0  623
 2.950  620.0 -90  48  57   1.563 330.0  30.0  615
 2.950  622.5 -90  48  57  -1.563   0.0   0.0  627
 2.950  625.0 -90  48  57   1.563 150.0  30.0  629
 2.950  642.5 -90  48  57   1.563   0.0   0.0  647
 2.950  645.0 -90  48  57   1.563  90.0  30.0  653
 2.950  647.5 -90  48  63   1.563   0.0   0.0  651
 2.950  652.5 -90  48  57   1.563  90.0  30.0  656
 2.950  687.5 -90  48  57   1.563  30.0  30.0  675
 2.950 1180.0 -90  48  57   1.563 210.0  30.0 1180
 2.950 1187.5 -90  48  57   4.688 210.0  30.0 1190
 2.950 1215.0 -90  48  57   4.688 210.0  30.0 1225
 2.950 1217.5 -90  48  60   4.688 210.0  30.0 1229
 2.950 1220.0 -90  48  57   4.688 270.0  30.0 1222
 2.950 1225.0 -90  48  60  -4.688 270.0  30.0 1226
 2.950 1227.5 -90  48  57  -1.563 210.0  30.0 1223
 2.950 1230.0 -90  48  57   1.563 210.0  30.0 1223
 2.950 1232.5 -90  48  57  -1.563 270.0  30.0 1244
 2.950 1235.0 -90  48  60   1.563 210.0  30.0 1235
 2.950 1240.0 -90  48  57  -1.563 270.0  30.0 1228
 2.950 1242.5 -90  48  57   1.563 210.0  30.0 1229
 2.950 1255.0 -90  48  57   4.688 270.0  30.0 1255
 2.950 1257.5 -90  48  57   1.563 270.0  30.0 1256
 2.950 1260.0 -90  48  57  -1.563 210.0  30.0 1251
 2.950 1265.0 -90  48  57   4.688 210.0  30.0 1266
 2.950 1267.5 -90  48  57   1.563 210.0  30.0 1263
 2.950 1270.0 -90  48  57   1.563 270.0  30.0 1272
 2.950 1272.5 -90  48  57   1.563 210.0  30.0 1266
 2.950 1275.0 -90  48  57  -1.563 270.0  30.0 1276
 3.000  307.5  90  48  66   1.563   0.0   0.0  314
 3.000  310.0  90  48  63  -1.563   0.0   0.0  313
 3.000  620.0  90  48  60  -1.563 150.0  30.0  623
 3.000  622.5  90  48  63  -1.563   0.0   0.0  626
 3.000  625.0  90  48  60  -1.563   0.0   0.0  628
 3.000  627.5  90  48  57  -1.563  30.0  30.0  631
 3.000  632.5  90  48  57  -1.563 150.0  30.0  636
 3.000  642.5  90  48  60   1.563 330.0  30.0  646
 3.000 1072.5  90  48  57   1.563  30.0  30.0 1062
 3.000 1235.0  90  48  57  -1.563  30.0  30.0 1228
 3.000 1265.0  90  48  57  -1.563  30.0  30.0 1273
 3.000  307.5 -90  48  63  -1.563   0.0   0.0  312
 3.000  310.0 -90  48  57   1.563   0.0   0.0  312
 3.000  552.5 -90  48  57   1.563 150.0  30.0  539
 3.000  617.5 -90  48  57  -1.563  90.0  30.0  624
 3.000  620.0 -90  48  57   1.563 150.0  30.0  620
 3.000  645.0 -90  48  63   1.563   0.0   0.0  649
 3.000  647.5 -90  48  57  -1.563   0.0   0.0  652
 3.000 1252.5 -90  48  57   4.688 210.0  30.0 1256
 3.000 1255.0 -90  48  57   1.563 270.0  30.0 1264
 3.000 1260.0 -90  48  57   1.563 210.0  30.0 1263
 3.000 1262.5 -90  48  57   1.563 270.0  30.0 1268
 3.000 1265.0 -90  48  57  -4.688 210.0  30.0 1276
 3.000 1267.5 -90  48  57   4.688 270.0  30.0 1257
 3.000 1270.0 -90  48  57   1.563 210.0  30.0 1269
 3.000 1275.0 -90  48  57   4.688 270.0  30.0 1271
 3.000 1280.0 -90  48  60   4.688 210.0  30.0 1266
 3.050  310.0  90  57  69  -1.563   0.0   0.0  313
 3.050  307.5 -90  57  66  -1.563   0.0   0.0  312
 3.050  310.0 -90  57  66  -1.563   0.0   0.0  312
 3.100  310.0  90  51  69   1.563   0.0   0.0  314
 3.100  312.5  90  51  60   1.563   0.0   0.0  316
 3.100 1077.5  90  51  66   1.563 330.0  30.0 1064
 3.100 1080.0  90  51  60   1.563 330.0  30.0 1095
 3.100  307.5 -90  54  66   1.563   0.0   0.0  313
 3.100  310.0 -90  54  69   1.563   0.0   0.0  313
 3.100  647.5 -90  54  63  -1.563   0.0   0.0  654
 3.150   92.5  90  57  66   1.563 150.0  30.0  103
 3.150   95.0  90  57  66  -1.563 150.0  30.0   81
 3.150   97.5  90  57  66  -1.563 270.0  30.0   85
 3.150  100.0  90  57  66  -1.563 270.0  30.0   88
 3.150  102.5  90  57  66  -1.563 150.0  30.0   90
 3.150  105.0  90  57  66  -1.563 150.0  30.0   93
 3.150  107.5  90  57  66  -1.563 270.0  30.0   96
 3.150  110.0  90  57  66  -1.563 150.0  30.0   98
 3.150  112.5  90  57  66  -1.563 270.0  30.0  100
 3.150  310.0  90  57  66   1.563   0.0   0.0  316
 3.150  312.5  90  57  66   1.563   0.0   0.0  317
 3.150  310.0 -90  60  69   1.563   0.0   0.0  315
 3.200  310.0  90  54  63  -1.563   0.0   0.0  318
 3.200  312.5  90  54  69   1.563   0.0   0.0  316
 3.200  310.0 -90  54  69   1.563   0.0   0.0  314
 3.200  647.5 -90  54  66   1.563   0.0   0.0  652
 3.200  652.5 -90  54  66  -1.563   0.0   0.0  658
 3.250  312.5  90  60  69  -1.563   0.0   0.0  319
 3.250  310.0 -90  57  66  -1.563   0.0   0.0  316
 3.400  315.0  90  57  72  -1.563   0.0   0.0  320
 3.400  317.5  90  57  66   1.563   0.0   0.0  319
 3.400  622.5  90  57  66  -1.563 330.0  30.0  637
 3.400  312.5 -90  57  66  -1.563   0.0   0.0  316
 3.450  315.0  90  51  69  -1.563   0.0   0.0  321
 3.450  317.5  90  51  72   1.563   0.0   0.0  321
 3.450  562.5  90  51  60   1.563  30.0  30.0  563
 3.450  602.5  90  51  60   1.563  30.0  30.0  599
 3.450  622.5  90  51  63   1.563 330.0  30.0  637
 3.450  637.5  90  51  60  -1.563   0.0   0.0  643
 3.450  642.5  90  51  60  -4.688  30.0  30.0  645
 3.450  657.5  90  51  60   1.563 330.0  30.0  660
 3.450  660.0  90  51  60   1.563 330.0  30.0  666
 3.450 1092.5  90  51  60  -1.563  30.0  30.0 1079
 3.450  312.5 -90  51  66  -1.563   0.0   0.0  317
 3.450  315.0 -90  51  60   1.563   0.0   0.0  318
 3.450  622.5 -90  51  63   1.563 150.0  30.0  609
 3.450  630.0 -90  51  60  -1.563   0.0   0.0  635
 3.450  632.5 -90  51  60  -1.563   0.0   0.0  636
 3.450  655.0 -90  51  63   1.563   0.0   0.0  659
 3.500  315.0  90  48  60  -1.563   0.0   0.0  322
 3.500  317.5  90  48  72  -1.563   0.0   0.0  322
 3.500  320.0  90  48  60  -1.563   0.0   0.0  323
 3.500  557.5  90  48  60   1.563  30.0  30.0  570
 3.500  565.0  90  48  57   1.563 330.0  30.0  551
 3.500  570.0  90  48  57  -4.688  30.0  30.0  568
 3.500  572.5  90  48  57  -4.688 330.0  30.0  580
 3.500  575.0  90  48  57   1.563 330.0  30.0  565
 3.500  582.5  90  48  57   1.563  30.0  30.0  591
 3.500  600.0  90  48  60  -4.688  30.0  30.0  614
 3.500  620.0  90  48  57   1.563  30.0  30.0  623
 3.500  622.5  90  48  60   1.563 330.0  30.0  636
 3.500  635.0  90  48  57   4.688  30.0  30.0  640
 3.500  640.0  90  48  57   1.563 150.0  30.0  640
 3.500  645.0  90  48  57   1.563  90.0  30.0  648
 3.500  647.5  90  48  57  -1.563  30.0  30.0  653
 3.500  655.0  90  48  57   1.563 330.0  30.0  652
 3.500  657.5  90  48  57   1.563   0.0   0.0  663
 3.500  660.0  90  48  57  -1.563 210.0  30.0  665
 3.500  667.5  90  48  57   1.563 330.0  30.0  670
 3.500  675.0  90  48  57  -1.563  30.0  30.0  689
 3.500  677.5  90  48  57  -4.688  30.0  30.0  666
 3.500  680.0  90  48  57  -1.563  30.0  30.0  672
 3.500  682.5  90  48  57  -1.563 330.0  30.0  691
 3.500  700.0  90  48  57   1.563  30.0  30.0  705
 3.500  702.5  90  48  57   1.563   0.0   0.0  701
 3.500 1100.0  90  48  57   1.563 330.0  30.0 1089
 3.500  312.5 -90  48  66  -1.563   0.0   0.0  318
 3.500  315.0 -90  48  66  -1.563   0.0   0.0  318
 3.500  622.5 -90  48  60   1.563 330.0  30.0  637
 3.500  650.0 -90  48  57  -1.563   0.0   0.0  654
 3.500  652.5 -90  48  63  -1.563   0.0   0.0  658
 3.500  655.0 -90  48  57   1.563   0.0   0.0  658
 3.500  657.5 -90  48  57   1.563 270.0  30.0  662
 3.500  685.0 -90  48  57  -1.563 150.0  30.0  692
 3.500  687.5 -90  48  57  -1.563 210.0  30.0  691
 3.500 1090.0 -90  48  57   1.563 330.0  30.0 1076
 3.550  317.5  90  51  72  -1.563   0.0   0.0  322
 3.550  320.0  90  51  66   1.563   0.0   0.0  323
 3.550  632.5  90  51  60   4.688  90.0  30.0  646
 3.550  640.0  90  51  60   4.688  30.0  30.0  644
 3.550  642.5  90  51  60   1.563  30.0  30.0  648
 3.550  660.0  90  51  60   1.563   0.0   0.0  664
 3.550  667.5  90  51  60   1.563  90.0  30.0  670
 3.550  670.0  90  51  60   1.563   0.0   0.0  673
 3.550  672.5  90  51  60  -1.563  30.0  30.0  677
 3.550  702.5  90  51  60   1.563  30.0  30.0  691
 3.550  315.0 -90  51  66  -1.563   0.0   0.0  319
 3.550  635.0 -90  51  60  -1.563   0.0   0.0  641
 3.550  687.5 -90  51  60  -1.563 150.0  30.0  692
 3.600  317.5  90  51  66   1.563   0.0   0.0  324
 3.600  320.0  90  51  69  -1.563   0.0   0.0  324
 3.600  645.0  90  51  60  -1.563   0.0   0.0  651
 3.600  670.0  90  51  60   4.688  90.0  30.0  682
 3.600  675.0  90  51  60  -1.563  90.0  30.0  677
 3.600  315.0 -90  48  66  -1.563   0.0   0.0  320
 3.600  317.5 -90  48  57   1.563   0.0   0.0  321
 3.600  635.0 -90  48  57  -1.563   0.0   0.0  640
 3.600  640.0 -90  48  57  -1.563   0.0   0.0  643
 3.600  655.0 -90  48  60  -1.563   0.0   0.0  659
 3.600  657.5 -90  48  60  -1.563   0.0   0.0  661
 3.600  662.5 -90  48  57   1.563   0.0   0.0  667
 3.600  665.0 -90  48  57   1.563  90.0  30.0  674
 3.600  682.5 -90  48  57  -1.563 330.0  30.0  689
 3.600 1095.0 -90  48  57   1.563 330.0  30.0 1082
 3.650  317.5  90  51  60   1.563   0.0   0.0  326
 3.650  320.0  90  51  72  -1.563   0.0   0.0  324
 3.650  322.5  90  51  60  -1.563   0.0   0.0  325
 3.650  662.5  90  51  60   1.563   0.0   0.0  667
 3.650  315.0 -90  48  63  -1.563   0.0   0.0  321
 3.650  317.5 -90  48  63  -1.563   0.0   0.0  320
 3.650  637.5 -90  48  60  -1.563   0.0   0.0  642
 3.650  642.5 -90  48  57  -1.563 150.0  30.0  649
 3.650  657.5 -90  48  60  -1.563   0.0   0.0  662
 3.650  660.0 -90  48  63  -1.563   0.0   0.0  664
 3.650  662.5 -90  48  60  -1.563  30.0  30.0  666
 3.700  320.0  90  48  69  -1.563   0.0   0.0  326
 3.700  322.5  90  48  69  -1.563   0.0   0.0  325
 3.700  645.0  90  48  60  -1.563   0.0   0.0  650
 3.700  647.5  90  48  57  -1.563   0.0   0.0  649
 3.700  655.0  90  48  57  -1.563   0.0   0.0  655
 3.700  660.0  90  48  57   1.563  90.0  30.0  667
 3.700  662.5  90  48  57  -1.563 210.0  30.0  667
 3.700  665.0  90  48  57  -1.563  30.0  30.0  668
 3.700  667.5  90  48  60  -1.563  90.0  30.0  672
 3.700  672.5  90  48  57   1.563  30.0  30.0  678
 3.700  827.5  90  48  57   1.563 330.0  30.0  814
 3.700  315.0 -90  48  60  -1.563   0.0   0.0  323
 3.700  317.5 -90  48  66  -1.563   0.0   0.0  322
 3.700  622.5 -90  48  57   1.563 330.0  30.0  636
 3.700  625.0 -90  48  57   1.563 330.0  30.0  639
 3.700  637.5 -90  48  57  -1.563   0.0   0.0  642
 3.700  647.5 -90  48  57   1.563 150.0  30.0  650
 3.700  655.0 -90  48  57  -1.563  90.0  30.0  659
 3.700  660.0 -90  48  57   1.563   0.0   0.0  665
 3.700  685.0 -90  48  57   1.563  30.0  30.0  690
 3.700  690.0 -90  48  57   1.563 150.0  30.0  695
 3.750  320.0  90  51  63  -1.563   0.0   0.0  326
 3.750  322.5  90  51  69  -1.563   0.0   0.0  326
 3.750  652.5  90  51  60  -1.563   0.0   0.0  658
 3.750  730.0  90  51  60   4.688  30.0  30.0  731
 3.750  317.5 -90  51  69  -1.563   0.0   0.0  322
 3.750  320.0 -90  51  60   1.563   0.0   0.0  322
 3.750  657.5 -90  51  60   1.563   0.0   0.0  663
 3.750  660.0 -90  51  66   1.563   0.0   0.0  664
 3.850  322.5  90  54  66  -1.563   0.0   0.0  328
 3.850  325.0  90  54  69  -1.563   0.0   0.0  328
 3.850  317.5 -90  54  66  -1.563   0.0   0.0  322
 3.850  320.0 -90  54  66  -1.563   0.0   0.0  324
 3.850  645.0 -90  54  63  -1.563   0.0   0.0  650
 3.900  322.5  90  51  63   1.563   0.0   0.0  328
 3.900  325.0  90  51  69  -1.563   0.0   0.0  329
 3.900  625.0  90  51  60   1.563 330.0  30.0  638
 3.900  832.5  90  51  60   1.563 330.0  30.0  818
 3.900 1120.0  90  51  60   1.563 330.0  30.0 1106
 3.900  320.0 -90  51  66  -1.563   0.0   0.0  324
 3.900  625.0 -90  51  66   1.563 330.0  30.0  638
 3.900  645.0 -90  51  60  -1.563   0.0   0.0  649
 3.950  325.0  90  57  69  -1.563   0.0   0.0  330
 3.950  320.0 -90  51  66   1.563   0.0   0.0  325
 3.950  322.5 -90  51  60  -1.563   0.0   0.0  325
 3.950  625.0 -90  51  63   1.563 150.0  30.0  612
 4.000  325.0  90  54  69   1.563   0.0   0.0  331
 4.000  327.5  90  54  69   1.563   0.0   0.0  331
 4.000  320.0 -90  51  63   1.563   0.0   0.0  326
 4.000  322.5 -90  51  66   1.563   0.0   0.0  326
 4.000  625.0 -90  51  66   1.563 330.0  30.0  638
 4.000 1107.5 -90  51  60   1.563 330.0  30.0 1122
 4.050  325.0  90  48  60  -1.563   0.0   0.0  331
 4.050  327.5  90  48  72  -1.563   0.0   0.0  332
 4.050  330.0  90  48  57   1.563   0.0   0.0  332
 4.050 1122.5  90  48  57  -1.563 330.0  30.0 1111
 4.050  320.0 -90  48  57   1.563   0.0   0.0  326
 4.050  322.5 -90  48  66  -1.563   0.0   0.0  326
 4.050  625.0 -90  48  63   1.563 330.0  30.0  639
 4.100  327.5  90  57  75   1.563   0.0   0.0  332
 4.100  330.0  90  57  72   1.563   0.0   0.0  332
 4.100  322.5 -90  60  69  -1.563   0.0   0.0  327
 4.150  327.5  90  60  72  -1.563   0.0   0.0  334
 4.150  330.0  90  60  75  -1.563   0.0   0.0  334
 4.150  322.5 -90  57  66  -1.563   0.0   0.0  327
 4.150  325.0 -90  57  66  -1.563   0.0   0.0  328
 4.150  652.5 -90  57  66  -1.563   0.0   0.0  656
 4.200  330.0  90  57  78  -1.563   0.0   0.0  335
 4.200  332.5  90  57  66  -1.563   0.0   0.0  335
 4.200  390.0  90  57  66  -1.563 330.0  30.0  379
 4.200  402.5  90  57  66  -1.563 330.0  30.0  417
 4.200  415.0  90  57  66  -1.563 330.0  30.0  425
 4.200  655.0 -90  60  69  -1.563   0.0   0.0  659
 4.250  330.0  90  63  75   1.563   0.0   0.0  335
 4.250  332.5  90  63  72   1.563   0.0   0.0  336
 4.300  332.5  90  66  75  -1.563   0.0   0.0  337
 4.400  332.5  90  48  69  -1.563   0.0   0.0  339
 4.400  335.0  90  48  72  -1.563   0.0   0.0  338
 4.400  672.5  90  48  57  -1.563   0.0   0.0  676
 4.400  327.5 -90  48  66  -1.563   0.0   0.0  332
 4.400  330.0 -90  48  60  -1.563   0.0   0.0  332
 4.400  625.0 -90  48  57   1.563 330.0  30.0  610
 4.400  627.5 -90  48  63   1.563 150.0  30.0  615
 4.400  660.0 -90  48  63  -1.563   0.0   0.0  665
 4.400  677.5 -90  48  60   1.563   0.0   0.0  683
 4.400  680.0 -90  48  57   1.563   0.0   0.0  682
 4.400  687.5 -90  48  57  -1.563  90.0  30.0  695
 4.450  212.5  90  48  57   1.563  90.0  30.0  217
 4.450  215.0  90  48  57  -1.563  90.0  30.0  211
 4.450  227.5  90  48  57   1.563  90.0  30.0  217
 4.450  235.0  90  48  57  -4.688  90.0  30.0  221
 4.450  237.5  90  48  57  -1.563 270.0  30.0  228
 4.450  245.0  90  48  57   4.688  90.0  30.0  244
 4.450  257.5  90  48  57  -1.563  90.0  30.0  269
 4.450  332.5  90  48  60   1.563   0.0   0.0  339
 4.450  335.0  90  48  72  -1.563   0.0   0.0  339
 4.450  337.5  90  48  57   1.563   0.0   0.0  340
 4.450  477.5  90  48  57   1.563  90.0  30.0  491
 4.450  675.0  90  48  57  -1.563   0.0   0.0  679
 4.450  677.5  90  48  57  -1.563   0.0   0.0  682
 4.450  692.5  90  48  57  -1.563   0.0   0.0  695
 4.450  327.5 -90  48  63   1.563   0.0   0.0  334
 4.450  330.0 -90  48  63  -1.563   0.0   0.0  334
 4.450  627.5 -90  48  66   1.563 150.0  30.0  615
 4.450  660.0 -90  48  57   1.563   0.0   0.0  665
 4.450  662.5 -90  48  60  -1.563   0.0   0.0  667
 4.450  680.0 -90  48  57  -1.563   0.0   0.0  685
 4.450 1127.5 -90  48  57   1.563 330.0  30.0 1113
 4.500  335.0  90  45  69  -1.563   0.0   0.0  341
 4.500  337.5  90  45  66   1.563   0.0   0.0  340
 4.500  705.0  90  45  54   1.563 330.0  30.0  710
 4.500 1142.5  90  45  57   1.563 330.0  30.0 1131
 4.500  327.5 -90  48  57  -1.563   0.0   0.0  334
 4.500  330.0 -90  48  66  -1.563   0.0   0.0  334
 4.500  627.5 -90  48  66   1.563 150.0  30.0  616
 4.500  640.0 -90  48  57  -4.688  90.0  30.0  640
 4.500  650.0 -90  48  57   4.688  90.0  30.0  642
 4.500  660.0 -90  48  57  -4.688  90.0  30.0  663
 4.500  665.0 -90  48  57   4.688 270.0  30.0  669
 4.500  675.0 -90  48  57   1.563  90.0  30.0  678
 4.500  680.0 -90  48  57  -1.563 270.0  30.0  681
 4.500  685.0 -90  48  57   1.563  90.0  30.0  688
 4.500  690.0 -90  48  57  -1.563 270.0  30.0  692
 4.500  842.5 -90  48  57   1.563 330.0  30.0  828
 4.500  967.5 -90  48  57  -4.688  90.0  30.0  967
 4.500 1005.0 -90  48  57   4.688  90.0  30.0 1005
 4.500 1012.5 -90  48  57   4.688 270.0  30.0 1018
 4.500 1030.0 -90  48  57   1.563  90.0  30.0 1030
 4.500 1057.5 -90  48  57  -1.563 270.0  30.0 1072
 4.500 1127.5 -90  48  57   1.563 330.0  30.0 1114
 4.500 1130.0 -90  48  60   1.563 330.0  30.0 1117
 4.550  335.0  90  51  66  -1.563   0.0   0.0  341
 4.550  337.5  90  51  72  -1.563   0.0   0.0  342
 4.550  330.0 -90  51  69  -1.563   0.0   0.0  335
 4.550  332.5 -90  51  63  -1.563   0.0   0.0  336
 4.550  627.5 -90  51  66   1.563 330.0  30.0  638
 4.550  630.0 -90  51  60   1.563 330.0  30.0  640
 4.550  667.5 -90  51  60   1.563   0.0   0.0  672
 4.600  337.5  90  51  69  -1.563   0.0   0.0  342
 4.600  340.0  90  51  63  -1.563   0.0   0.0  343
 4.600  330.0 -90  51  63  -1.563   0.0   0.0  336
 4.600  332.5 -90  51  66  -1.563   0.0   0.0  336
 4.600  627.5 -90  51  66   1.563 330.0  30.0  638
 4.600  630.0 -90  51  60   1.563 330.0  30.0  637
 4.600 1135.0 -90  51  60   1.563 330.0  30.0 1123
 4.650  332.5 -90  60  72  -1.563   0.0   0.0  337
 4.700  337.5  90  51  60  -1.563   0.0   0.0  344
 4.700  340.0  90  51  72  -1.563   0.0   0.0  344
 4.700  342.5  90  51  60  -1.563   0.0   0.0  345
 4.700  685.0  90  51  60  -1.563   0.0   0.0  690
 4.700  332.5 -90  48  66  -1.563   0.0   0.0  337
 4.700  335.0 -90  48  66   1.563   0.0   0.0  338
 4.700  627.5 -90  48  63   1.563 150.0  30.0  618
 4.700  630.0 -90  48  63   1.563 330.0  30.0  638
 4.700 1137.5 -90  48  57   1.563 330.0  30.0 1126
 4.700 1142.5 -90  48  57   1.563 330.0  30.0 1130
 4.750  340.0  90  48  69  -1.563   0.0   0.0  345
 4.750  342.5  90  48  69  -1.563   0.0   0.0  346
 4.750  687.5  90  48  57  -1.563   0.0   0.0  692
 4.750  332.5 -90  48  63  -1.563   0.0   0.0  338
 4.750  335.0 -90  48  66  -1.563   0.0   0.0  339
 4.750  627.5 -90  48  60   1.563 330.0  30.0  640
 4.750  630.0 -90  48  60   1.563 330.0  30.0  639
 4.750  672.5 -90  48  57   1.563   0.0   0.0  676
 4.750  692.5 -90  48  60   1.563   0.0   0.0  696
 4.750  847.5 -90  48  57   1.563 330.0  30.0  833
 4.750 1142.5 -90  48  60   1.563 330.0  30.0 1130
 4.750 1145.0 -90  48  57   1.563 330.0  30.0 1133
 4.800  340.0  90  51  66  -1.563   0.0   0.0  346
 4.800  342.5  90  51  72  -1.563   0.0   0.0  347
 4.800  687.5  90  51  60  -1.563   0.0   0.0  693
 4.800  335.0 -90  51  69  -1.563   0.0   0.0  340
 4.800  337.5 -90  51  60  -1.563   0.0   0.0  340
 4.800  627.5 -90  51  60   1.563 330.0  30.0  640
 4.800  630.0 -90  51  63   1.563 330.0  30.0  640
 4.800 1147.5 -90  51  60   1.563  30.0  30.0 1134
 4.850  342.5  90  48  72  -1.563   0.0   0.0  348
 4.850  345.0  90  48  69  -1.563   0.0   0.0  348
 4.850  687.5  90  48  60   1.563   0.0   0.0  690
 4.850  690.0  90  48  60  -1.563   0.0   0.0  694
 4.850  692.5  90  48  57  -1.563   0.0   0.0  696
 4.850  710.0  90  48  57   1.563   0.0   0.0  713
 4.850  335.0 -90  48  66  -1.563   0.0   0.0  341
 4.850  337.5 -90  48  66   1.563   0.0   0.0  341
 4.850  630.0 -90  48  63   1.563 150.0  30.0  617
 4.850  672.5 -90  48  60   1.563   0.0   0.0  678
 4.850 1145.0 -90  48  57   1.563 330.0  30.0 1134
 4.850 1147.5 -90  48  57   1.563 330.0  30.0 1134
 4.900  345.0  90  57  69   1.563   0.0   0.0  349
 4.900  337.5 -90  57  72   1.563   0.0   0.0  342
 4.950  345.0  90  60  69   1.563   0.0   0.0  350
 4.950  347.5  90  60  69   1.563   0.0   0.0  350
 4.950  247.5 -90  63  72   1.563 330.0  30.0  262
 4.950  252.5 -90  63  72   1.563 330.0  30.0  267
 4.950  257.5 -90  63  72   1.563 330.0  30.0  270
 4.950  262.5 -90  63  72   1.563 330.0  30.0  276
 4.950  267.5 -90  63  72   1.563 330.0  30.0  279
 4.950  337.5 -90  63  72  -1.563   0.0   0.0  342
 5.050  345.0  90  45  57  -1.563   0.0   0.0  351
 5.050  347.5  90  45  72  -1.563   0.0   0.0  352
 5.050  350.0  90  45  63  -1.563   0.0   0.0  353
 5.050  630.0  90  45  57   1.563 330.0  30.0  640
 5.050  700.0  90  45  57  -1.563   0.0   0.0  704
 5.050 1177.5  90  45  54   1.563 330.0  30.0 1165
 5.050 1180.0  90  45  54  -1.563 330.0  30.0 1168
 5.050  337.5 -90  45  60  -1.563   0.0   0.0  344
 5.050  340.0 -90  45  69  -1.563   0.0   0.0  344
 5.050  342.5 -90  45  57   1.563   0.0   0.0  344
 5.050  630.0 -90  45  63   1.563  90.0  30.0  618
 5.050  632.5 -90  45  57   1.563  90.0  30.0  619
 5.050  680.0 -90  45  57  -1.563   0.0   0.0  685
 5.050  682.5 -90  45  54  -1.563   0.0   0.0  687
 5.050  685.0 -90  45  54  -1.563   0.0   0.0  691
 5.050  690.0 -90  45  54  -1.563  90.0  30.0  695
 5.050  700.0 -90  45  57   1.563   0.0   0.0  704
 5.050  702.5 -90  45  57   1.563   0.0   0.0  706
 5.050  705.0 -90  45  57  -1.563   0.0   0.0  707
 5.100  347.5  90  48  63  -1.563   0.0   0.0  353
 5.100  350.0  90  48  66  -1.563   0.0   0.0  353
 5.100  630.0  90  48  60   1.563 330.0  30.0  641
 5.100  632.5  90  48  60   1.563 330.0  30.0  640
 5.100 1067.5  90  48  57   1.563 330.0  30.0 1074
 5.100  340.0 -90  48  66  -1.563   0.0   0.0  345
 5.100  342.5 -90  48  63  -1.563   0.0   0.0  345
 5.100  630.0 -90  48  63   1.563 330.0  30.0  640
 5.100  632.5 -90  48  60   1.563  90.0  30.0  618
 5.100  682.5 -90  48  57   1.563 150.0  30.0  687
 5.100 1160.0 -90  48  57   1.563 330.0  30.0 1147
 5.100 1162.5 -90  48  57   1.563 330.0  30.0 1177
 5.150  350.0  90  48  66   1.563   0.0   0.0  354
 5.150  352.5  90  48  57  -1.563   0.0   0.0  355
 5.150  630.0  90  48  60   1.563 330.0  30.0  639
 5.150  632.5  90  48  60   1.563 330.0  30.0  640
 5.150  342.5 -90  51  66  -1.563   0.0   0.0  346
 5.150  630.0 -90  51  63   1.563 330.0  30.0  641
 5.150  632.5 -90  51  63   1.563  90.0  30.0  619
 5.200  350.0  90  54  63  -1.563   0.0   0.0  355
 5.200  352.5  90  54  66  -1.563   0.0   0.0  356
 5.200  630.0  90  54  63   1.563 330.0  30.0  640
 5.250  352.5  90  60  72  -1.563   0.0   0.0  356
 5.250  632.5 -90  57  66   1.563  90.0  30.0  619
 5.300  352.5  90  54  72  -1.563   0.0   0.0  358
 5.300  355.0  90  54  72   1.563   0.0   0.0  358
 5.300  345.0 -90  54  66   1.563   0.0   0.0  349
 5.300  632.5 -90  54  66   1.563  90.0  30.0  618
 5.350  352.5  90  51  66  -1.563   0.0   0.0  358
 5.350  355.0  90  51  78  -1.563   0.0   0.0  359
 5.350  357.5  90  51  63   1.563   0.0   0.0  359
 5.350  632.5  90  51  63   1.563 330.0  30.0  641
 5.350  345.0 -90  48  63  -1.563   0.0   0.0  350
 5.350  347.5 -90  48  60  -1.563   0.0   0.0  351
 5.350  632.5 -90  48  66   1.563  90.0  30.0  621
 5.400  355.0  90  51  78  -1.563   0.0   0.0  360
 5.400  357.5  90  51  75  -1.563   0.0   0.0  360
 5.400  632.5  90  51  63   1.563  90.0  30.0  620
 5.400  877.5  90  51  60   1.563 330.0  30.0  890
 5.400  345.0 -90  48  60  -1.563   0.0   0.0  351
 5.400  347.5 -90  48  69  -1.563   0.0   0.0  351
 5.400  355.0 -90  48  57  -1.563   0.0   0.0  361
 5.400  632.5 -90  48  66   1.563  90.0  30.0  619
 5.400  635.0 -90  48  57   1.563 330.0  30.0  643
 5.400  695.0 -90  48  60  -1.563   0.0   0.0  699
 5.400  697.5 -90  48  57  -1.563   0.0   0.0  704
 5.400  712.5 -90  48  57  -1.563   0.0   0.0  718
 5.450  355.0  90  48  72   1.563   0.0   0.0  362
 5.450  357.5  90  48  78  -1.563   0.0   0.0  361
 5.450  360.0  90  48  63   1.563   0.0   0.0  362
 5.450  632.5  90  48  60   1.563  90.0  30.0  622
 5.450   80.0 -90  48  57   1.563  90.0  30.0   71
 5.450   82.5 -90  48  57   1.563 150.0  30.0   74
 5.450   87.5 -90  48  57  -1.563  90.0  30.0   91
 5.450   90.0 -90  48  57  -1.563 150.0  30.0   95
 5.450   92.5 -90  48  57  -1.563  90.0  30.0   96
 5.450   97.5 -90  48  57  -1.563  30.0  30.0   97
 5.450  102.5 -90  48  57  -1.563 270.0  30.0  109
 5.450  107.5 -90  48  57  -4.688 150.0  30.0  117
 5.450  127.5 -90  48  57   4.688 150.0  30.0  114
 5.450  135.0 -90  48  57   1.563  90.0  30.0  131
 5.450  137.5 -90  48  57   1.563 150.0  30.0  125
 5.450  140.0 -90  48  57   1.563 270.0  30.0  134
 5.450  145.0 -90  48  57   1.563  90.0  30.0  139
 5.450  147.5 -90  48  57   1.563  90.0  30.0  145
 5.450  150.0 -90  48  57   1.563 270.0  30.0  151
 5.450  152.5 -90  48  57   1.563  90.0  30.0  153
 5.450  155.0 -90  48  57   1.563  90.0  30.0  154
 5.450  157.5 -90  48  57   1.563 150.0  30.0  160
 5.450  160.0 -90  48  60   1.563  90.0  30.0  158
 5.450  162.5 -90  48  57   1.563 270.0  30.0  162
 5.450  165.0 -90  48  60   1.563  90.0  30.0  163
 5.450  167.5 -90  48  57   1.563 270.0  30.0  165
 5.450  170.0 -90  48  57   1.563 150.0  30.0  170
 5.450  172.5 -90  48  57   1.563 270.0  30.0  174
 5.450  175.0 -90  48  57   1.563 270.0  30.0  173
 5.450  177.5 -90  48  57   4.688 270.0  30.0  166
 5.450  180.0 -90  48  57   1.563 150.0  30.0  178
 5.450  185.0 -90  48  57   1.563  90.0  30.0  184
 5.450  190.0 -90  48  57   1.563  90.0  30.0  188
 5.450  195.0 -90  48  57   1.563 150.0  30.0  192
 5.450  217.5 -90  48  57   1.563 150.0  30.0  225
 5.450  220.0 -90  48  57   1.563  90.0  30.0  224
 5.450  347.5 -90  48  69  -1.563   0.0   0.0  352
 5.450  350.0 -90  48  60   1.563   0.0   0.0  352
 5.450  632.5 -90  48  66   1.563  90.0  30.0  620
 5.450  635.0 -90  48  57   1.563   0.0   0.0  649
 5.450  700.0 -90  48  57   1.563   0.0   0.0  701
 5.450  715.0 -90  48  57  -1.563 270.0  30.0  719
 5.450  720.0 -90  48  57   1.563  90.0  30.0  734
 5.500  355.0  90  45  60  -1.563   0.0   0.0  363
 5.500  357.5  90  45  78  -1.563   0.0   0.0  363
 5.500  360.0  90  45  75  -1.563   0.0   0.0  363
 5.500  632.5  90  45  54   1.563  90.0  30.0  624
 5.500  737.5  90  45  54   1.563   0.0   0.0  741
 5.500  745.0  90  45  54   1.563   0.0   0.0  750
 5.500  347.5 -90  48  69  -1.563   0.0   0.0  353
 5.500  350.0 -90  48  69  -1.563   0.0   0.0  354
 5.500  632.5 -90  48  63   1.563 330.0  30.0  644
 5.500  635.0 -90  48  60   1.563  90.0  30.0  622
 5.500  695.0 -90  48  57  -1.563   0.0   0.0  700
 5.500  702.5 -90  48  57  -1.563   0.0   0.0  707
 5.550  357.5  90  48  72  -1.563   0.0   0.0  364
 5.550  360.0  90  48  78  -1.563   0.0   0.0  364
 5.550  362.5  90  48  63   1.563   0.0   0.0  363
 5.550  722.5  90  48  60  -1.563   0.0   0.0  728
 5.550  725.0  90  48  60  -1.563   0.0   0.0  729
 5.550  347.5 -90  48  63  -1.563   0.0   0.0  354
 5.550  350.0 -90  48  72  -1.563   0.0   0.0  354
 5.550  352.5 -90  48  60  -1.563   0.0   0.0  354
 5.550  632.5 -90  48  60   1.563  90.0  30.0  622
 5.550  635.0 -90  48  60   1.563  90.0  30.0  621
 5.550  720.0 -90  48  57  -1.563   0.0   0.0  724
 5.600  357.5  90  45  60  -1.563   0.0   0.0  363
 5.600  360.0  90  45  78  -1.563   0.0   0.0  365
 5.600  362.5  90  45  75  -1.563   0.0   0.0  365
 5.600  632.5  90  45  54   1.563  90.0  30.0  622
 5.600  635.0  90  45  57   1.563  90.0  30.0  623
 5.600  717.5  90  45  54  -1.563 150.0  30.0  721
 5.600  725.0  90  45  57  -1.563   0.0   0.0  731
 5.600 1220.0  90  45  54   1.563 330.0  30.0 1233
 5.600  347.5 -90  45  54  -1.563   0.0   0.0  353
 5.600  350.0 -90  45  75  -1.563   0.0   0.0  355
 5.600  352.5 -90  45  72  -1.563   0.0   0.0  355
 5.600  632.5 -90  45  60   1.563 330.0  30.0  642
 5.600  635.0 -90  45  63   1.563 330.0  30.0  642
 5.600  702.5 -90  45  54  -1.563  90.0  30.0  710
 5.600  705.0 -90  45  60  -1.563   0.0   0.0  710
 5.600  707.5 -90  45  57   1.563   0.0   0.0  711
 5.600  717.5 -90  45  54  -1.563   0.0   0.0  726
 5.600  720.0 -90  45  54   1.563   0.0   0.0  726
 5.600  725.0 -90  45  54   1.563   0.0   0.0  729
 5.600  730.0 -90  45  57  -1.563   0.0   0.0  737
 5.600  732.5 -90  45  54  -1.563   0.0   0.0  736
 5.600  742.5 -90  45  54   1.563  90.0  30.0  751
 5.650  360.0  90  45  69  -1.563   0.0   0.0  366
 5.650  362.5  90  45  75  -1.563   0.0   0.0  366
 5.650  365.0  90  45  60  -1.563   0.0   0.0  367
 5.650  635.0  90  45  57   1.563  90.0  30.0  621
 5.650  350.0 -90  45  66  -1.563   0.0   0.0  356
 5.650  352.5 -90  45  72  -1.563   0.0   0.0  356
 5.650  355.0 -90  45  57  -1.563   0.0   0.0  356
 5.650  362.5 -90  45  54  -1.563  90.0  30.0  362
 5.650  632.5 -90  45  57   1.563  90.0  30.0  621
 5.650  635.0 -90  45  63   1.563  90.0  30.0  622
 5.650  702.5 -90  45  54  -1.563 150.0  30.0  710
 5.650  725.0 -90  45  57   1.563   0.0   0.0  730
 5.650  727.5 -90  45  60  -1.563   0.0   0.0  731
 5.650  730.0 -90  45  54  -1.563   0.0   0.0  733
 5.700  362.5  90  48  72  -1.563   0.0   0.0  368
 5.700  365.0  90  48  69   1.563   0.0   0.0  368
 5.700  727.5  90  48  57  -1.563   0.0   0.0  731
 5.700  730.0  90  48  57  -1.563   0.0   0.0  736
 5.700  352.5 -90  48  72   1.563   0.0   0.0  357
 5.700  355.0 -90  48  66  -1.563   0.0   0.0  357
 5.700  635.0 -90  48  60   1.563  90.0  30.0  623
 5.700  702.5 -90  48  57  -1.563   0.0   0.0  708
 5.700  705.0 -90  48  57  -1.563 150.0  30.0  707
 5.700  710.0 -90  48  57  -1.563   0.0   0.0  714
 5.800  365.0  90  57  72   1.563   0.0   0.0  371
 5.800  367.5  90  57  69  -1.563   0.0   0.0  370
 5.800   82.5 -90  60  69   4.688 330.0  30.0   95
 5.800   85.0 -90  60  69   4.688 330.0  30.0   98
 5.800   92.5 -90  60  69   4.688 330.0  30.0  102
 5.800  355.0 -90  60  72  -1.563   0.0   0.0  360
 5.850  367.5  90  54  72  -1.563   0.0   0.0  371
 5.850  370.0  90  54  63  -1.563   0.0   0.0  371
 5.850 1155.0  90  54  63   1.563 330.0  30.0 1154
 5.850 1157.5  90  54  63   1.563 330.0  30.0 1146
 5.850 1160.0  90  54  63   1.563 330.0  30.0 1148
 5.850 1162.5  90  54  63  -1.563 330.0  30.0 1159
 5.850 1167.5  90  54  63  -1.563 330.0  30.0 1161
 5.850 1170.0  90  54  63   1.563 330.0  30.0 1160
 5.850 1172.5  90  54  63   1.563 330.0  30.0 1163
 5.850 1175.0  90  54  63   1.563 330.0  30.0 1165
 5.850 1180.0  90  54  63   1.563 330.0  30.0 1168
 5.850 1185.0  90  54  63   1.563 330.0  30.0 1178
 5.850  355.0 -90  54  69  -1.563   0.0   0.0  360
 5.850  357.5 -90  54  72  -1.563   0.0   0.0  360
 5.900  367.5  90  48  66  -1.563   0.0   0.0  373
 5.900  370.0  90  48  69  -1.563   0.0   0.0  373
 5.900  765.0  90  48  57  -1.563   0.0   0.0  766
 5.900  890.0  90  48  57  -4.688   0.0   0.0  890
 5.900  355.0 -90  48  57   1.563   0.0   0.0  363
 5.900  357.5 -90  48  72  -1.563   0.0   0.0  361
 5.900  360.0 -90  48  60  -1.563   0.0   0.0  361
 5.900  635.0 -90  48  60   1.563 330.0  30.0  645
 5.900  637.5 -90  48  57   1.563  90.0  30.0  623
 5.900  720.0 -90  48  60  -1.563   0.0   0.0  724
 5.900  722.5 -90  48  60  -1.563   0.0   0.0  726
 5.900  735.0 -90  48  57   1.563   0.0   0.0  743
 5.950  370.0  90  48  69  -1.563   0.0   0.0  375
 5.950  372.5  90  48  63  -1.563   0.0   0.0  375
 5.950  635.0  90  48  57   1.563   0.0   0.0  622
 5.950  740.0  90  48  57  -1.563   0.0   0.0  744
 5.950  357.5 -90  48  69  -1.563   0.0   0.0  363
 5.950  360.0 -90  48  69  -1.563   0.0   0.0  363
 5.950  635.0 -90  48  57   1.563 330.0  30.0  645
 5.950  637.5 -90  48  57   1.563 330.0  30.0  646
 6.000  370.0  90  48  63   1.563   0.0   0.0  376
 6.000  372.5  90  48  69  -1.563   0.0   0.0  376
 6.000  747.5  90  48  57  -1.563   0.0   0.0  752
 6.000  357.5 -90  45  63  -1.563   0.0   0.0  364
 6.000  360.0 -90  45  75  -1.563   0.0   0.0  364
 6.000  362.5 -90  45  60  -1.563   0.0   0.0  365
 6.000  635.0 -90  45  57   1.563 210.0  30.0  623
 6.000  637.5 -90  45  60   1.563   0.0   0.0  624
 6.000  715.0 -90  45  57  -1.563 150.0  30.0  721
 6.000  717.5 -90  45  54   1.563 150.0  30.0  719
 6.000  720.0 -90  45  54  -1.563   0.0   0.0  724
 6.000  725.0 -90  45  54  -1.563   0.0   0.0  731
 6.000  740.0 -90  45  57  -1.563   0.0   0.0  746
 6.050  372.5  90  48  69  -1.563   0.0   0.0  378
 6.050  375.0  90  48  66  -1.563   0.0   0.0  378
 6.050  742.5  90  48  57  -1.563   0.0   0.0  749
 6.050  765.0  90  48  57  -1.563   0.0   0.0  770
 6.050  360.0 -90  51  72  -1.563   0.0   0.0  365
 6.050  362.5 -90  51  72   1.563   0.0   0.0  366
 6.050  637.5 -90  51  63   1.563   0.0   0.0  624
 6.100  372.5  90  45  57   1.563   0.0   0.0  379
 6.100  375.0  90  45  69  -1.563   0.0   0.0  380
 6.100  377.5  90  45  60  -1.563   0.0   0.0  380
 6.100  635.0  90  45  54   1.563 330.0  30.0  645
 6.100  637.5  90  45  57   1.563   0.0   0.0  652
 6.100  752.5  90  45  54  -1.563   0.0   0.0  759
 6.100  755.0  90  45  57  -1.563   0.0   0.0  759
 6.100  360.0 -90  45  63  -1.563   0.0   0.0  366
 6.100  362.5 -90  45  75  -1.563   0.0   0.0  367
 6.100  365.0 -90  45  63   1.563   0.0   0.0  368
 6.100  635.0 -90  45  54   1.563   0.0   0.0  623
 6.100  637.5 -90  45  63   1.563   0.0   0.0  624
 6.100  720.0 -90  45  54  -1.563 150.0  30.0  725
 6.100  722.5 -90  45  54  -1.563   0.0   0.0  727
 6.150  375.0  90  45  63  -1.563   0.0   0.0  381
 6.150  377.5  90  45  69  -1.563   0.0   0.0  381
 6.150  362.5 -90  45  72  -1.563   0.0   0.0  368
 6.150  365.0 -90  45  69  -1.563   0.0   0.0  368
 6.150  637.5 -90  45  63   1.563 210.0  30.0  625
 6.150  730.0 -90  45  54   1.563   0.0   0.0  736
 6.150  732.5 -90  45  54  -1.563   0.0   0.0  736
 6.150  747.5 -90  45  54   1.563   0.0   0.0  752
 6.200  377.5  90  51  69  -1.563   0.0   0.0  383
 6.200  380.0  90  51  66  -1.563   0.0   0.0  383
 6.200  362.5 -90  57  66  -1.563   0.0   0.0  367
 6.200  365.0 -90  57  69   1.563   0.0   0.0  369
 6.250  380.0  90  57  72  -1.563   0.0   0.0  384
 6.250  365.0 -90  57  69   1.563   0.0   0.0  370
 6.250  367.5 -90  57  72  -1.563   0.0   0.0  372
 6.300  380.0  90  48  63  -1.563   0.0   0.0  386
 6.300  382.5  90  48  69  -1.563   0.0   0.0  386
 6.300  365.0 -90  51  60  -1.563   0.0   0.0  371
 6.300  367.5 -90  51  72   1.563   0.0   0.0  372
 6.300  370.0 -90  51  63  -1.563   0.0   0.0  372
 6.350  232.5  90  57  66   4.688  30.0  30.0  221
 6.350  242.5  90  57  66   4.688  30.0  30.0  235
 6.350  255.0  90  57  66   4.688  30.0  30.0  242
 6.350  382.5  90  57  66   1.563   0.0   0.0  388
 6.350  385.0  90  57  66  -1.563   0.0   0.0  387
 6.350 1110.0  90  57  66  -1.563   0.0   0.0 1100
 6.350 1145.0  90  57  66  -1.563   0.0   0.0 1131
 6.400  385.0  90  60  69   1.563   0.0   0.0  389
 6.450  387.5  90  63  72  -1.563   0.0   0.0  393
 6.450 1222.5  90  63  72  -1.563 330.0  30.0 1212
 6.450 1255.0  90  63  72  -4.688 330.0  30.0 1248
 6.450 1270.0  90  63  72  -4.688 330.0  30.0 1271
 6.450 1272.5  90  63  72  -1.563 330.0  30.0 1271
 6.450 1282.5  90  63  72  -4.688 330.0  30.0 1283
 6.500  390.0  90  60  69   1.563   0.0   0.0  394
 6.500  372.5 -90  60  69   1.563   0.0   0.0  378
 6.550  390.0  90  45  66  -1.563   0.0   0.0  396
 6.550  392.5  90  45  66  -1.563   0.0   0.0  396
 6.550  637.5  90  45  54   1.563 330.0  30.0  648
 6.550  640.0  90  45  57   1.563 210.0  30.0  655
 6.550  770.0  90  45  54  -1.563   0.0   0.0  774
 6.550  772.5  90  45  54   1.563   0.0   0.0  776
 6.550  372.5 -90  48  66  -1.563   0.0   0.0  378
 6.550  375.0 -90  48  72  -1.563   0.0   0.0  379
 6.550  640.0 -90  48  57   1.563 210.0  30.0  626
 6.550  770.0 -90  48  57   1.563   0.0   0.0  774
 6.550  772.5 -90  48  57  -1.563   0.0   0.0  776
 6.600  392.5  90  42  66  -1.563   0.0   0.0  398
 6.600  395.0  90  42  63  -1.563   0.0   0.0  398
 6.600  637.5  90  42  54   1.563 210.0  30.0  627
 6.600  640.0  90  42  57   1.563 270.0  30.0  628
 6.600  770.0  90  42  51  -1.563 150.0  30.0  774
 6.600  772.5  90  42  54  -1.563   0.0   0.0  777
 6.600  777.5  90  42  51   1.563 150.0  30.0  782
 6.600  780.0  90  42  51  -1.563   0.0   0.0  784
 6.600  782.5  90  42  51  -1.563   0.0   0.0  787
 6.600  785.0  90  42  51  -1.563   0.0   0.0  789
 6.600  787.5  90  42  54  -1.563   0.0   0.0  791
 6.600  790.0  90  42  51  -1.563   0.0   0.0  794
 6.600  807.5  90  42  51  -1.563   0.0   0.0  812
 6.600  372.5 -90  42  54  -1.563   0.0   0.0  381
 6.600  375.0 -90  42  69  -1.563   0.0   0.0  380
 6.600  377.5 -90  42  66  -1.563   0.0   0.0  380
 6.600  640.0 -90  42  51   1.563 330.0  30.0  648
 6.600  742.5 -90  42  54  -1.563 150.0  30.0  747
 6.600  755.0 -90  42  51  -1.563   0.0   0.0  762
 6.600  760.0 -90  42  54  -1.563  90.0  30.0  765
 6.600  770.0 -90  42  51  -1.563   0.0   0.0  774
 6.600  775.0 -90  42  51   1.563   0.0   0.0  780
 6.600  777.5 -90  42  51  -1.563   0.0   0.0  782
 6.650  392.5  90  42  57  -1.563   0.0   0.0  399
 6.650  395.0  90  42  66  -1.563   0.0   0.0  399
 6.650  397.5  90  42  54   1.563   0.0   0.0  401
 6.650  640.0  90  42  57   1.563   0.0   0.0  627
 6.650  775.0  90  42  51  -1.563   0.0   0.0  781
 6.650  792.5  90  42  51  -1.563   0.0   0.0  798
 6.650  795.0  90  42  54  -1.563   0.0   0.0  798
 6.650  815.0  90  42  51  -1.563   0.0   0.0  819
 6.650  375.0 -90  42  57  -1.563   0.0   0.0  382
 6.650  377.5 -90  42  69  -1.563   0.0   0.0  382
 6.650  380.0 -90  42  57  -1.563   0.0   0.0  382
 6.650  640.0 -90  42  57   1.563 210.0  30.0  627
 6.650  757.5 -90  42  54  -1.563   0.0   0.0  763
 6.650  760.0 -90  42  60  -1.563   0.0   0.0  765
 6.650  762.5 -90  42  51  -1.563   0.0   0.0  767
 6.650  775.0 -90  42  51   1.563   0.0   0.0  781
 6.650  777.5 -90  42  51  -1.563   0.0   0.0  781
 6.700  395.0  90  42  60  -1.563   0.0   0.0  401
 6.700  397.5  90  42  69  -1.563   0.0   0.0  402
 6.700  400.0  90  42  54  -1.563   0.0   0.0  402
 6.700  640.0  90  42  57   1.563   0.0   0.0  627
 6.700  777.5  90  42  54  -1.563 150.0  30.0  766
 6.700  780.0  90  42  51  -1.563 150.0  30.0  783
 6.700  792.5  90  42  51  -1.563   0.0   0.0  798
 6.700  795.0  90  42  54  -1.563   0.0   0.0  800
 6.700  797.5  90  42  51  -1.563   0.0   0.0  799
 6.700  377.5 -90  42  60  -1.563   0.0   0.0  384
 6.700  380.0 -90  42  63  -1.563   0.0   0.0  383
 6.700  760.0 -90  42  51  -1.563  90.0  30.0  749
 6.700  762.5 -90  42  54  -1.563   0.0   0.0  765
 6.700  765.0 -90  42  51  -1.563   0.0   0.0  772
 6.700  777.5 -90  42  51  -1.563   0.0   0.0  776
 6.750  397.5  90  48  66  -1.563   0.0   0.0  403
 6.750  400.0  90  48  69  -1.563   0.0   0.0  404
 6.750  640.0  90  48  60   1.563   0.0   0.0  631
 6.750  380.0 -90  54  63  -1.563   0.0   0.0  385
 6.800  400.0  90  54  69  -1.563   0.0   0.0  406
 6.800  402.5  90  54  72  -1.563   0.0   0.0  406
 6.800  640.0  90  54  63   1.563   0.0   0.0  629
 6.800  380.0 -90  51  60   1.563   0.0   0.0  385
 6.800  382.5 -90  51  66   1.563   0.0   0.0  387
 6.850  402.5  90  45  69  -1.563   0.0   0.0  408
 6.850  405.0  90  45  72  -1.563   0.0   0.0  408
 6.850  407.5  90  45  54  -1.563   0.0   0.0  408
 6.850  640.0  90  45  60   1.563 210.0  30.0  628
 6.850  642.5  90  45  57   1.563   0.0   0.0  629
 6.850  647.5  90  45  54   4.688   0.0   0.0  633
 6.850  657.5  90  45  54  -4.688 330.0  30.0  666
 6.850  707.5  90  45  54  -4.688  90.0  30.0  711
 6.850  790.0  90  45  54  -1.563   0.0   0.0  795
 6.850  382.5 -90  45  69  -1.563   0.0   0.0  388
 6.850  385.0 -90  45  66  -1.563   0.0   0.0  388
 6.850  642.5 -90  45  54   1.563  90.0  30.0  633
 6.850  755.0 -90  45  57  -1.563 330.0  30.0  750
 6.850  757.5 -90  45  57  -1.563   0.0   0.0  762
 6.850  772.5 -90  45  54  -1.563   0.0   0.0  777
 6.850  790.0 -90  45  54  -1.563   0.0   0.0  796
 6.900  405.0  90  45  69  -1.563   0.0   0.0  410
 6.900  407.5  90  45  69  -1.563   0.0   0.0  411
 6.900  640.0  90  45  60   1.563 210.0  30.0  629
 6.900  642.5  90  45  60   1.563 210.0  30.0  628
 6.900  800.0  90  45  54  -1.563   0.0   0.0  804
 6.900  810.0  90  45  54  -1.563   0.0   0.0  814
 6.900  812.5  90  45  54  -1.563   0.0   0.0  819
 6.900  382.5 -90  42  60  -1.563   0.0   0.0  390
 6.900  385.0 -90  42  72  -1.563   0.0   0.0  390
 6.900  387.5 -90  42  63  -1.563   0.0   0.0  390
 6.900  640.0 -90  42  51   4.688 210.0  30.0  629
 6.900  642.5 -90  42  57   1.563 210.0  30.0  630
 6.900  770.0 -90  42  51  -1.563   0.0   0.0  774
 6.900  772.5 -90  42  54  -1.563   0.0   0.0  775
 6.900  775.0 -90  42  51   1.563   0.0   0.0  780
 6.900  790.0 -90  42  54  -1.563   0.0   0.0  795
 6.900  792.5 -90  42  54  -1.563   0.0   0.0  796
 6.950  407.5  90  51  72  -1.563   0.0   0.0  413
 6.950  410.0  90  51  72  -1.563   0.0   0.0  413
 6.950  412.5  90  51  60   1.563   0.0   0.0  415
 6.950 1252.5  90  51  60   4.688  90.0  30.0 1257
 6.950  385.0 -90  51  66  -1.563   0.0   0.0  391
 6.950  387.5 -90  51  72  -1.563   0.0   0.0  391
 7.000  410.0  90  57  72  -1.563   0.0   0.0  415
 7.000  412.5  90  57  69  -1.563   0.0   0.0  416
 7.000  387.5 -90  54  69  -1.563   0.0   0.0  393
 7.000  390.0 -90  54  69  -1.563   0.0   0.0  393
 7.000  765.0 -90  54  63   1.563 210.0  30.0  777
 7.000  767.5 -90  54  63   4.688  90.0  30.0  772
 7.000  770.0 -90  54  63   4.688  90.0  30.0  776
 7.000  772.5 -90  54  63   4.688  90.0  30.0  776
 7.000  775.0 -90  54  63   1.563  90.0  30.0  783
 7.000  777.5 -90  54  63  -1.563  90.0  30.0  791
 7.000  780.0 -90  54  63   1.563  90.0  30.0  789
 7.000  875.0 -90  54  63  -1.563  90.0  30.0  876
 7.050  410.0  90  45  54  -1.563   0.0   0.0  418
 7.050  412.5  90  45  72  -1.563   0.0   0.0  418
 7.050  415.0  90  45  72  -1.563   0.0   0.0  419
 7.050  417.5  90  45  57   1.563   0.0   0.0  418
 7.050  640.0  90  45  54   1.563 210.0  30.0  630
 7.050  642.5  90  45  60   1.563 210.0  30.0  629
 7.050  802.5  90  45  54   1.563 150.0  30.0  809
 7.050  805.0  90  45  57  -1.563 150.0  30.0  808
 7.050  820.0  90  45  54  -1.563   0.0   0.0  825
 7.050  387.5 -90  45  60  -1.563   0.0   0.0  394
 7.050  390.0 -90  45  75  -1.563   0.0   0.0  395
 7.050  392.5 -90  45  66  -1.563   0.0   0.0  395
 7.050  642.5 -90  45  60   1.563 210.0  30.0  630
 7.050  645.0 -90  45  57   1.563 210.0  30.0  631
 7.050  767.5 -90  45  57  -1.563 150.0  30.0  772
 7.050  777.5 -90  45  54  -1.563   0.0   0.0  783
 7.050  782.5 -90  45  57  -1.563   0.0   0.0  788
 7.050  785.0 -90  45  60  -1.563   0.0   0.0  789
 7.050  787.5 -90  45  54  -1.563   0.0   0.0  792
 7.050  807.5 -90  45  54  -1.563   0.0   0.0  812
 7.100  415.0  90  45  69  -1.563   0.0   0.0  421
 7.100  417.5  90  45  72  -1.563   0.0   0.0  421
 7.100  420.0  90  45  57  -1.563   0.0   0.0  422
 7.100  642.5  90  45  60   1.563 210.0  30.0  629
 7.100  810.0  90  45  54  -1.563 150.0  30.0  817
 7.100  817.5  90  45  54  -1.563 150.0  30.0  821
 7.100  982.5  90  45  54   1.563 330.0  30.0  993
 7.100  390.0 -90  45  66  -1.563   0.0   0.0  396
 7.100  392.5 -90  45  75  -1.563   0.0   0.0  397
 7.100  395.0 -90  45  60  -1.563   0.0   0.0  397
 7.100  642.5 -90  45  54   1.563 210.0  30.0  630
 7.100  645.0 -90  45  57   1.563 210.0  30.0  631
 7.100  770.0 -90  45  54  -1.563 150.0  30.0  776
 7.100  775.0 -90  45  54   1.563   0.0   0.0  781
 7.100  777.5 -90  45  54  -1.563  90.0  30.0  783
 7.100  785.0 -90  45  57  -1.563   0.0   0.0  791
 7.100  787.5 -90  45  57  -1.563   0.0   0.0  791
 7.100  805.0 -90  45  54  -1.563   0.0   0.0  809
 7.150  417.5  90  45  69  -1.563   0.0   0.0  423
 7.150  420.0  90  45  72  -1.563   0.0   0.0  424
 7.150  422.5  90  45  60  -1.563   0.0   0.0  426
 7.150  642.5  90  45  60   1.563 210.0  30.0  630
 7.150  645.0  90  45  54   1.563 210.0  30.0  630
 7.150  835.0  90  45  54  -1.563 270.0  30.0  840
 7.150  392.5 -90  45  66  -1.563   0.0   0.0  398
 7.150  395.0 -90  45  69  -1.563   0.0   0.0  398
 7.150  642.5 -90  45  54   1.563 210.0  30.0  628
 7.150  645.0 -90  45  57   1.563 210.0  30.0  631
 7.150  775.0 -90  45  54   1.563 150.0  30.0  780
 7.150  787.5 -90  45  54  -1.563   0.0   0.0  795
 7.150  790.0 -90  45  60  -1.563   0.0   0.0  795
 7.150  817.5 -90  45  54  -1.563   0.0   0.0  821
 7.200  420.0  90  45  63  -1.563   0.0   0.0  426
 7.200  422.5  90  45  72  -1.563   0.0   0.0  427
 7.200  425.0  90  45  63  -1.563   0.0   0.0  428
 7.200  642.5  90  45  60   1.563 210.0  30.0  630
 7.200  645.0  90  45  54   1.563 210.0  30.0  630
 7.200  867.5  90  45  54  -1.563   0.0   0.0  872
 7.200  395.0 -90  45  66  -1.563   0.0   0.0  401
 7.200  397.5 -90  45  66  -1.563   0.0   0.0  401
 7.200  642.5 -90  45  57   1.563 210.0  30.0  629
 7.200  645.0 -90  45  60   1.563 210.0  30.0  632
 7.200  785.0 -90  45  60  -1.563   0.0   0.0  790
 7.200  787.5 -90  45  60  -1.563   0.0   0.0  792
 7.200  790.0 -90  45  57  -1.563   0.0   0.0  795
 7.200  797.5 -90  45  54  -1.563   0.0   0.0  803
 7.250  422.5  90  48  57  -1.563   0.0   0.0  429
 7.250  425.0  90  48  69  -1.563   0.0   0.0  429
 7.250  427.5  90  48  63  -1.563   0.0   0.0  430
 7.250  642.5  90  48  60   1.563 210.0  30.0  631
 7.250  645.0  90  48  57   1.563 210.0  30.0  630
 7.250 1227.5  90  48  57  -1.563 330.0  30.0 1214
 7.250 1282.5  90  48  57  -1.563  90.0  30.0 1284
 7.250  397.5 -90  51  72  -1.563   0.0   0.0  403
 7.250  400.0 -90  51  66  -1.563   0.0   0.0  403
 7.250  645.0 -90  51  60   1.563 210.0  30.0  633
 7.300  427.5  90  48  66  -1.563   0.0   0.0  433
 7.300  430.0  90  48  63  -1.563   0.0   0.0  433
 7.300  642.5  90  48  60   1.563 210.0  30.0  631
 7.300  645.0  90  48  60   1.563 210.0  30.0  632
 7.300  397.5 -90  51  60  -1.563   0.0   0.0  404
 7.300  400.0 -90  51  72  -1.563   0.0   0.0  405
 7.300  402.5 -90  51  63  -1.563   0.0   0.0  405
 7.350 1262.5  90  60  69  -4.688 150.0  30.0 1256
 7.350 1265.0  90  60  69  -4.688 150.0  30.0 1256
 7.350 1267.5  90  60  69  -4.688 150.0  30.0 1260
 7.350  402.5 -90  63  72  -1.563   0.0   0.0  408
 7.400  435.0  90  45  63  -1.563   0.0   0.0  440
 7.400  437.5  90  45  63  -1.563   0.0   0.0  441
 7.400  642.5  90  45  54   1.563 210.0  30.0  633
 7.400  645.0  90  45  63   1.563 210.0  30.0  631
 7.400  647.5  90  45  54   1.563 210.0  30.0  662
 7.400  855.0  90  45  54   1.563   0.0   0.0  861
 7.400  867.5  90  45  54  -1.563   0.0   0.0  872
 7.400  402.5 -90  48  69  -1.563   0.0   0.0  409
 7.400  405.0 -90  48  72  -1.563   0.0   0.0  409
 7.400  407.5 -90  48  60  -1.563   0.0   0.0  410
 7.400  645.0 -90  48  63   1.563 210.0  30.0  632
 7.400  647.5 -90  48  60   1.563 210.0  30.0  633
 7.400  807.5 -90  48  57  -1.563   0.0   0.0  815
 7.400  810.0 -90  48  57  -1.563   0.0   0.0  813
 7.400  812.5 -90  48  57  -1.563   0.0   0.0  816
 7.450  440.0  90  60  69   1.563   0.0   0.0  445
 7.450  405.0 -90  60  72  -1.563   0.0   0.0  411
 7.450  407.5 -90  60  72  -1.563   0.0   0.0  411
 7.550 1192.5  90  66  75  -1.563  90.0  30.0 1192
 7.550 1252.5  90  66  75  -1.563  90.0  30.0 1262
 7.550 1255.0  90  66  75  -1.563  90.0  30.0 1266
 7.550 1007.5 -90  66  75  -1.563  90.0  30.0 1019
 7.550 1207.5 -90  66  75  -1.563  90.0  30.0 1202
 7.550 1215.0 -90  66  75   4.688  90.0  30.0 1220
 7.550 1217.5 -90  66  75  -4.688  90.0  30.0 1217
 7.550 1220.0 -90  66  75  -1.563  90.0  30.0 1213
 7.550 1222.5 -90  66  75  -1.563  90.0  30.0 1214
 7.550 1225.0 -90  66  75   1.563  90.0  30.0 1237
 7.550 1227.5 -90  66  75   4.688  90.0  30.0 1233
 7.600  452.5  90  54  69   1.563   0.0   0.0  457
 7.600  455.0  90  54  63  -1.563   0.0   0.0  458
 7.600  645.0  90  54  66   1.563 210.0  30.0  633
 7.600  647.5  90  54  66   1.563 210.0  30.0  633
 7.600  412.5 -90  60  75  -1.563   0.0   0.0  418
 7.600  415.0 -90  60  72   1.563   0.0   0.0  418
 7.650  455.0  90  54  66  -1.563   0.0   0.0  460
 7.650  457.5  90  54  72  -1.563   0.0   0.0  462
 7.650  460.0  90  54  66  -1.563   0.0   0.0  463
 7.650  647.5  90  54  66   1.563 210.0  30.0  634
 7.650  415.0 -90  51  75  -1.563   0.0   0.0  420
 7.650  417.5 -90  51  72  -1.563   0.0   0.0  421
 7.650  647.5 -90  51  60   1.563 270.0  30.0  635
 7.650  650.0 -90  51  60   1.563 210.0  30.0  635
 7.700  460.0  90  48  66  -1.563   0.0   0.0  466
 7.700  462.5  90  48  72  -1.563   0.0   0.0  467
 7.700  465.0  90  48  66  -1.563   0.0   0.0  468
 7.700  645.0  90  48  60   1.563 210.0  30.0  634
 7.700  647.5  90  48  60   1.563 210.0  30.0  662
 7.700  650.0  90  48  60   1.563 210.0  30.0  636
 7.700  415.0 -90  48  60  -1.563   0.0   0.0  422
 7.700  417.5 -90  48  75  -1.563   0.0   0.0  423
 7.700  420.0 -90  48  75  -1.563   0.0   0.0  423
 7.700  422.5 -90  48  57   1.563   0.0   0.0  425
 7.700  645.0 -90  48  57   1.563 210.0  30.0  634
 7.700  647.5 -90  48  63   1.563 210.0  30.0  634
 7.700  650.0 -90  48  63   1.563 210.0  30.0  636
 7.700  835.0 -90  48  57  -1.563   0.0   0.0  840
 7.700  837.5 -90  48  57  -1.563   0.0   0.0  843
 7.750  465.0  90  45  63  -1.563   0.0   0.0  471
 7.750  467.5  90  45  69  -1.563   0.0   0.0  472
 7.750  470.0  90  45  66  -1.563   0.0   0.0  474
 7.750  472.5  90  45  54  -1.563   0.0   0.0  475
 7.750  645.0  90  45  54   1.563 210.0  30.0  633
 7.750  647.5  90  45  66   1.563 210.0  30.0  635
 7.750  650.0  90  45  63   1.563 210.0  30.0  636
 7.750  417.5 -90  45  57  -1.563   0.0   0.0  424
 7.750  420.0 -90  45  75  -1.563   0.0   0.0  425
 7.750  422.5 -90  45  75  -1.563   0.0   0.0  426
 7.750  425.0 -90  45  57  -1.563   0.0   0.0  427
 7.750  645.0 -90  45  54   1.563 210.0  30.0  634
 7.750  647.5 -90  45  66   1.563 210.0  30.0  635
 7.750  650.0 -90  45  66   1.563 210.0  30.0  636
 7.750  822.5 -90  45  54  -1.563   0.0   0.0  826
 7.750  835.0 -90  45  54  -1.563   0.0   0.0  839
 7.750  845.0 -90  45  54  -1.563   0.0   0.0  851
 7.750  982.5 -90  45  57   1.563 330.0  30.0  994
 7.750  985.0 -90  45  54   1.563 330.0  30.0  995
 7.800  470.0  90  45  57  -1.563   0.0   0.0  478
 7.800  472.5  90  45  66  -1.563   0.0   0.0  477
 7.800  475.0  90  45  69  -1.563   0.0   0.0  479
 7.800  477.5  90  45  63  -1.563   0.0   0.0  481
 7.800  647.5  90  45  66   1.563 210.0  30.0  635
 7.800  650.0  90  45  66   1.563 210.0  30.0  636
 7.800  420.0 -90  45  54  -1.563   0.0   0.0  427
 7.800  422.5 -90  45  72  -1.563   0.0   0.0  428
 7.800  425.0 -90  45  75  -1.563   0.0   0.0  429
 7.800  427.5 -90  45  60  -1.563   0.0   0.0  430
 7.800  647.5 -90  45  63   1.563 210.0  30.0  635
 7.800  650.0 -90  45  66   1.563 210.0  30.0  637
 7.800  652.5 -90  45  54   1.563 210.0  30.0  667
 7.800  845.0 -90  45  57  -1.563   0.0   0.0  850
 7.800  880.0 -90  45  54  -1.563   0.0   0.0  882
 7.800 1002.5 -90  45  54   1.563 330.0  30.0 1014
 7.850  477.5  90  48  63  -1.563   0.0   0.0  483
 7.850  480.0  90  48  69  -1.563   0.0   0.0  484
 7.850  482.5  90  48  66  -1.563   0.0   0.0  487
 7.850  485.0  90  48  57  -1.563   0.0   0.0  489
 7.850  647.5  90  48  63   1.563 210.0  30.0  635
 7.850  650.0  90  48  63   1.563 210.0  30.0  637
 7.850  425.0 -90  54  69  -1.563   0.0   0.0  431
 7.850  427.5 -90  54  75  -1.563   0.0   0.0  432
 7.850  430.0 -90  54  63  -1.563   0.0   0.0  433
 7.850  650.0 -90  54  63   1.563 210.0  30.0  637
 7.900  485.0  90  48  60  -1.563   0.0   0.0  490
 7.900  487.5  90  48  66  -1.563   0.0   0.0  492
 7.900  490.0  90  48  63  -1.563   0.0   0.0  494
 7.900  492.5  90  48  57  -1.563   0.0   0.0  497
 7.900  647.5  90  48  63   1.563 210.0  30.0  635
 7.900  427.5 -90  54  66  -1.563   0.0   0.0  433
 7.900  430.0 -90  54  75  -1.563   0.0   0.0  435
 7.900  432.5 -90  54  66  -1.563   0.0   0.0  435
 7.900  647.5 -90  54  63   1.563 210.0  30.0  635
 7.900  650.0 -90  54  63   1.563 210.0  30.0  638
 7.950  492.5  90  42  57  -1.563   0.0   0.0  497
 7.950  495.0  90  42  63  -1.563   0.0   0.0  500
 7.950  497.5  90  42  63  -1.563   0.0   0.0  502
 7.950  500.0  90  42  57  -1.563   0.0   0.0  504
 7.950  502.5  90  42  51  -1.563   0.0   0.0  505
 7.950  647.5  90  42  60   1.563 210.0  30.0  636
 7.950  650.0  90  42  63   1.563 210.0  30.0  636
 7.950  652.5  90  42  57   1.563 210.0  30.0  639
 7.950  430.0 -90  42  60   1.563   0.0   0.0  435
 7.950  432.5 -90  42  72  -1.563   0.0   0.0  438
 7.950  435.0 -90  42  69  -1.563   0.0   0.0  438
 7.950  437.5 -90  42  54   1.563   0.0   0.0  440
 7.950  647.5 -90  42  60   1.563 210.0  30.0  635
 7.950  650.0 -90  42  66   1.563 210.0  30.0  637
 7.950  652.5 -90  42  60   1.563 210.0  30.0  638
 7.950  837.5 -90  42  51  -1.563 330.0  30.0  826
 7.950  847.5 -90  42  51  -1.563   0.0   0.0  853
 7.950  862.5 -90  42  57  -1.563 270.0  30.0  868
 7.950  865.0 -90  42  57  -1.563   0.0   0.0  871
 7.950 1000.0 -90  42  51   1.563 330.0  30.0 1010
 8.000  500.0  90  42  54   1.563   0.0   0.0  505
 8.000  502.5  90  42  63  -1.563   0.0   0.0  508
 8.000  505.0  90  42  66  -1.563   0.0   0.0  509
 8.000  507.5  90  42  63  -1.563   0.0   0.0  511
 8.000  510.0  90  42  57   1.563   0.0   0.0  514
 8.000  647.5  90  42  60   1.563 210.0  30.0  636
 8.000  650.0  90  42  66   1.563 210.0  30.0  636
 8.000  652.5  90  42  57   1.563 210.0  30.0  667
 8.000  432.5 -90  42  51  -1.563   0.0   0.0  440
 8.000  435.0 -90  42  69  -1.563   0.0   0.0  441
 8.000  437.5 -90  42  72  -1.563   0.0   0.0  441
 8.000  440.0 -90  42  60   1.563   0.0   0.0  443
 8.000  647.5 -90  42  57   1.563 210.0  30.0  636
 8.000  650.0 -90  42  66   1.563 210.0  30.0  637
 8.000  652.5 -90  42  63   1.563 210.0  30.0  638
 8.000  845.0 -90  42  51   1.563   0.0   0.0  850
 8.000  872.5 -90  42  51  -1.563   0.0   0.0  877
 8.000  875.0 -90  42  51   1.563 270.0  30.0  878
 8.000 1015.0 -90  42  51   1.563 330.0  30.0 1024
 8.000 1035.0 -90  42  51   1.563 330.0  30.0 1046
 8.050  510.0  90  45  57  -1.563   0.0   0.0  515
 8.050  512.5  90  45  63  -1.563   0.0   0.0  517
 8.050  515.0  90  45  63  -1.563   0.0   0.0  519
 8.050  517.5  90  45  60  -1.563   0.0   0.0  522
 8.050  647.5  90  45  54   1.563 210.0  30.0  637
 8.050  650.0  90  45  66   1.563 210.0  30.0  636
 8.050  652.5  90  45  57   1.563 210.0  30.0  667
 8.050  152.5 -90  48  57   1.563 150.0  30.0  156
 8.050  437.5 -90  48  63  -1.563   0.0   0.0  443
 8.050  440.0 -90  48  72  -1.563   0.0   0.0  445
 8.050  442.5 -90  48  63  -1.563   0.0   0.0  445
 8.050  647.5 -90  48  57   1.563 210.0  30.0  638
 8.050  650.0 -90  48  66   1.563 210.0  30.0  636
 8.050  652.5 -90  48  60   1.563 210.0  30.0  638
 8.050  877.5 -90  48  57  -1.563   0.0   0.0  883
 8.100  650.0  90  54  63   1.563 210.0  30.0  637
 8.100  442.5 -90  51  69  -1.563   0.0   0.0  447
 8.100  445.0 -90  51  69  -1.563   0.0   0.0  449
 8.100  650.0 -90  51  63   1.563 210.0  30.0  638
 8.100  652.5 -90  51  60   1.563 210.0  30.0  639
 8.150  447.5 -90  57  72  -1.563   0.0   0.0  452
 8.200  450.0 -90  54  69  -1.563   0.0   0.0  455
 8.200  452.5 -90  54  69  -1.563   0.0   0.0  456
 8.200  650.0 -90  54  63   1.563 210.0  30.0  638
 8.250  570.0  90  45  54  -1.563   0.0   0.0  576
 8.250  575.0  90  45  57  -1.563   0.0   0.0  580
 8.250  577.5  90  45  57  -1.563   0.0   0.0  582
 8.250  580.0  90  45  60  -1.563   0.0   0.0  585
 8.250  582.5  90  45  57  -1.563   0.0   0.0  586
 8.250  585.0  90  45  54  -1.563   0.0   0.0  589
 8.250  650.0  90  45  60   1.563 210.0  30.0  638
 8.250  652.5  90  45  60   1.563 210.0  30.0  667
 8.250  655.0  90  45  54   1.563 210.0  30.0  640
 8.250  452.5 -90  45  60  -1.563   0.0   0.0  458
 8.250  455.0 -90  45  72  -1.563   0.0   0.0  460
 8.250  457.5 -90  45  69  -1.563   0.0   0.0  461
 8.250  460.0 -90  45  57  -1.563   0.0   0.0  462
 8.250  650.0 -90  45  60   1.563 210.0  30.0  638
 8.250  652.5 -90  45  57   1.563 210.0  30.0  665
 8.250  655.0 -90  45  60   1.563 210.0  30.0  641
 8.300  652.5  90  54  63   1.563 210.0  30.0  638
 8.300  460.0 -90  57  69  -1.563   0.0   0.0  465
 8.300  462.5 -90  57  66  -1.563   0.0   0.0  465
 8.350  652.5  90  51  63   1.563 210.0  30.0  638
 8.350   80.0 -90  48  57  -4.688 210.0  30.0   69
 8.350   82.5 -90  48  57  -4.688 210.0  30.0   93
 8.350   85.0 -90  48  57  -4.688 210.0  30.0   90
 8.350   87.5 -90  48  57  -4.688 210.0  30.0  101
 8.350   90.0 -90  48  57  -4.688 210.0  30.0  101
 8.350  100.0 -90  48  57  -4.688 210.0  30.0  113
 8.350  462.5 -90  48  60  -1.563   0.0   0.0  469
 8.350  465.0 -90  48  69  -1.563   0.0   0.0  470
 8.350  467.5 -90  48  66  -1.563   0.0   0.0  471
 8.350  650.0 -90  48  60   1.563 210.0  30.0  636
 8.350  652.5 -90  48  63   1.563 210.0  30.0  639
 8.350  655.0 -90  48  60   1.563 210.0  30.0  644
 8.350  657.5 -90  48  57   1.563 210.0  30.0  670
 8.350  785.0 -90  48  57   4.688 210.0  30.0  792
 8.350  792.5 -90  48  57   4.688 210.0  30.0  797
 8.350  795.0 -90  48  57  -4.688 210.0  30.0  803
 8.350  800.0 -90  48  57  -4.688 210.0  30.0  812
 8.350 1095.0 -90  48  57   4.688 210.0  30.0 1090
 8.350 1100.0 -90  48  57   4.688 210.0  30.0 1098
 8.350 1102.5 -90  48  57   4.688 210.0  30.0 1108
 8.350 1105.0 -90  48  57   4.688 210.0  30.0 1098
 8.350 1112.5 -90  48  57   4.688 210.0  30.0 1104
 8.400   92.5  90  51  60  -4.688 210.0  30.0  104
 8.400  100.0  90  51  60  -4.688 210.0  30.0  111
 8.400  652.5  90  51  63   1.563 210.0  30.0  640
 8.400  470.0 -90  54  69  -1.563   0.0   0.0  475
 8.400  472.5 -90  54  66  -1.563   0.0   0.0  477
 8.400  652.5 -90  54  66   1.563 210.0  30.0  638
 8.500  655.0 -90  57  66   1.563 210.0  30.0  641
 8.550  487.5 -90  51  63  -1.563   0.0   0.0  493
 8.550  490.0 -90  51  66  -1.563   0.0   0.0  495
 8.550  492.5 -90  51  63  -1.563   0.0   0.0  495
 8.550  655.0 -90  51  63   1.563 210.0  30.0  641
 8.550  657.5 -90  51  63   1.563 210.0  30.0  644
 8.600  655.0  90  51  60   1.563 210.0  30.0  643
 8.600  497.5 -90  57  66  -1.563   0.0   0.0  501
 8.700  655.0  90  48  57   1.563 210.0  30.0  642
 8.700  660.0  90  48  57   1.563 210.0  30.0  647
 8.700  512.5 -90  48  57  -1.563   0.0   0.0  517
 8.700  515.0 -90  48  60  -1.563   0.0   0.0  520
 8.700  517.5 -90  48  57  -1.563   0.0   0.0  522
 8.700  655.0 -90  48  60   1.563 210.0  30.0  642
 8.700  660.0 -90  48  63   1.563 210.0  30.0  647
 8.750  655.0  90  39  48   1.563 210.0  30.0  643
 8.750  660.0  90  39  57   1.563 210.0  30.0  647
 8.750  662.5  90  39  48   1.563 210.0  30.0  677
 8.750  520.0 -90  39  48  -1.563   0.0   0.0  526
 8.750  522.5 -90  39  54  -1.563   0.0   0.0  527
 8.750  525.0 -90  39  51  -1.563   0.0   0.0  529
 8.750  530.0 -90  39  51  -1.563   0.0   0.0  535
 8.750  655.0 -90  39  57   1.563 210.0  30.0  642
 8.750  657.5 -90  39  51   1.563 210.0  30.0  644
 8.750  660.0 -90  39  63   1.563 210.0  30.0  647
 8.750  662.5 -90  39  54   1.563 210.0  30.0  677
 8.750 1042.5 -90  39  48  -1.563   0.0   0.0 1047
 8.800  657.5  90  42  54   1.563 210.0  30.0  672
 8.800  660.0  90  42  57   1.563 210.0  30.0  648
 8.800  662.5  90  42  57   1.563 210.0  30.0  649
 8.800  535.0 -90  42  54  -1.563   0.0   0.0  540
 8.800  537.5 -90  42  60  -1.563   0.0   0.0  542
 8.800  540.0 -90  42  57  -1.563   0.0   0.0  544
 8.800  545.0 -90  42  51  -1.563   0.0   0.0  549
 8.800  655.0 -90  42  51   1.563 210.0  30.0  644
 8.800  657.5 -90  42  57   1.563 210.0  30.0  643
 8.800  660.0 -90  42  60   1.563 210.0  30.0  648
 8.800  662.5 -90  42  60   1.563 210.0  30.0  648
 8.850  657.5  90  42  54   1.563 210.0  30.0  644
 8.850  660.0  90  42  51   1.563 210.0  30.0  648
 8.850  662.5  90  42  57   1.563 210.0  30.0  649
 8.850  545.0 -90  42  51   1.563 210.0  30.0  548
 8.850  547.5 -90  42  51  -1.563   0.0   0.0  554
 8.850  550.0 -90  42  54  -1.563   0.0   0.0  554
 8.850  657.5 -90  42  57   1.563 210.0  30.0  644
 8.850  660.0 -90  42  54   1.563 210.0  30.0  647
 8.850  662.5 -90  42  60   1.563 210.0  30.0  648
 8.900  657.5  90  42  54   1.563 210.0  30.0  643
 8.900  662.5  90  42  57   1.563 210.0  30.0  650
 8.900  665.0  90  42  51   1.563 210.0  30.0  678
 8.900  565.0 -90  42  51  -1.563   0.0   0.0  570
 8.900  657.5 -90  42  60   1.563 210.0  30.0  644
 8.900  662.5 -90  42  63   1.563 210.0  30.0  649
 8.900  665.0 -90  42  51   1.563 210.0  30.0  679
 8.950  657.5  90  42  51   1.563 210.0  30.0  672
 8.950  662.5  90  42  57   1.563 210.0  30.0  649
 8.950  665.0  90  42  54   1.563 210.0  30.0  651
 8.950  592.5 -90  42  51  -1.563   0.0   0.0  598
 8.950  595.0 -90  42  51  -1.563   0.0   0.0  600
 8.950  597.5 -90  42  51  -1.563 330.0  30.0  595
 8.950  600.0 -90  42  51  -1.563   0.0   0.0  605
 8.950  657.5 -90  42  57   1.563 210.0  30.0  645
 8.950  660.0 -90  42  54   1.563 210.0  30.0  646
 8.950  662.5 -90  42  60   1.563 210.0  30.0  650
 8.950  665.0 -90  42  57   1.563 210.0  30.0  679
 9.000  662.5  90  42  51   1.563 210.0  30.0  652
 9.000  665.0  90  42  57   1.563 210.0  30.0  652
 9.000  600.0 -90  42  51  -1.563   0.0   0.0  609
 9.000  610.0 -90  42  51  -1.563   0.0   0.0  616
 9.000  657.5 -90  42  54   1.563 210.0  30.0  646
 9.000  660.0 -90  42  57   1.563 210.0  30.0  646
 9.000  662.5 -90  42  57   1.563 210.0  30.0  651
 9.000  665.0 -90  42  63   1.563 210.0  30.0  651
 9.050  665.0  90  48  60   4.688 210.0  30.0  653
 9.050  660.0 -90  51  60   1.563 210.0  30.0  647
 9.050  665.0 -90  51  60   1.563 210.0  30.0  651
 9.100  660.0  90  42  51   1.563 210.0  30.0  646
 9.100  665.0  90  42  57   1.563 210.0  30.0  653
 9.100  667.5  90  42  54   1.563 210.0  30.0  682
 9.100  660.0 -90  42  57   1.563 210.0  30.0  647
 9.100  665.0 -90  42  60   1.563 210.0  30.0  653
 9.100  667.5 -90  42  57   1.563 210.0  30.0  682
 9.100  682.5 -90  42  54  -1.563 150.0  30.0  689
 9.100  692.5 -90  42  51  -1.563 330.0  30.0  689
 9.100  695.0 -90  42  51  -1.563 150.0  30.0  699
 9.150  660.0  90  39  48   1.563 210.0  30.0  647
 9.150  665.0  90  39  54   1.563 210.0  30.0  653
 9.150  667.5  90  39  60   1.563 210.0  30.0  653
 9.150  660.0 -90  39  54   1.563 210.0  30.0  647
 9.150  662.5 -90  39  51   1.563 210.0  30.0  677
 9.150  665.0 -90  39  57   1.563 210.0  30.0  653
 9.150  667.5 -90  39  63   1.563 210.0  30.0  653
 9.200  667.5  90  42  63   1.563 210.0  30.0  654
 9.200  660.0 -90  39  54   1.563 210.0  30.0  647
 9.200  662.5 -90  39  57   1.563 210.0  30.0  648
 9.200  665.0 -90  39  48   1.563 210.0  30.0  653
 9.200  667.5 -90  39  63   1.563 210.0  30.0  654
 9.200  670.0 -90  39  54   1.563 210.0  30.0  684
 9.250  662.5  90  42  51   1.563 210.0  30.0  649
 9.250  667.5  90  42  60   1.563 210.0  30.0  655
 9.250  670.0  90  42  57   1.563 210.0  30.0  685
 9.250  662.5 -90  42  57   1.563 210.0  30.0  649
 9.250  667.5 -90  42  63   1.563 210.0  30.0  655
 9.250  670.0 -90  42  60   1.563 210.0  30.0  684
 9.300  662.5  90  39  48   1.563 210.0  30.0  650
 9.300  667.5  90  39  54   1.563 210.0  30.0  655
 9.300  670.0  90  39  60   1.563 210.0  30.0  656
 9.300 1207.5  90  39  48   4.688 330.0  30.0 1217
 9.300  662.5 -90  39  54   1.563 210.0  30.0  648
 9.300  665.0 -90  39  48   1.563 210.0  30.0  678
 9.300  667.5 -90  39  57   1.563 210.0  30.0  655
 9.300  670.0 -90  39  63   1.563 210.0  30.0  656
 9.350  670.0  90  39  60   1.563 210.0  30.0  657
 9.350  672.5  90  39  54   1.563 210.0  30.0  658
 9.350 1012.5  90  39  48  -1.563 330.0  30.0 1017
 9.350  662.5 -90  39  51   1.563 210.0  30.0  650
 9.350  665.0 -90  39  51   1.563 210.0  30.0  651
 9.350  670.0 -90  39  63   1.563 210.0  30.0  656
 9.350  672.5 -90  39  54   1.563 210.0  30.0  685
 9.400   80.0  90  60  72   4.688   0.0   0.0   84
 9.400   82.5  90  60  69  -4.688  90.0  30.0   85
 9.400   85.0  90  60  69  -4.688  90.0  30.0   88
 9.400   87.5  90  60  72  -1.563   0.0   0.0   85
 9.400   90.0  90  60  72   1.563  90.0  30.0   90
 9.400   92.5  90  60  69   1.563  90.0  30.0   94
 9.400   95.0  90  60  69   4.688   0.0   0.0   96
 9.400   97.5  90  60  69   4.688  90.0  30.0   99
 9.400  512.5  90  60  69   1.563   0.0   0.0  503
 9.400  152.5 -90  66  75   4.688  90.0  30.0  157
 9.500  672.5 -90  45  57   1.563 210.0  30.0  661
 9.500  675.0 -90  45  54   1.563 210.0  30.0  660
 9.550  162.5  90  39  48  -1.563 330.0  30.0  148
 9.550  672.5  90  39  51   1.563 210.0  30.0  662
 9.550  675.0  90  39  57   1.563 210.0  30.0  661
 9.550  667.5 -90  39  54   1.563 210.0  30.0  656
 9.550  672.5 -90  39  48   1.563 210.0  30.0  684
 9.550  675.0 -90  39  57   1.563 210.0  30.0  662
 9.600  675.0  90  45  57   1.563 210.0  30.0  662
 9.600  677.5  90  45  54   1.563 210.0  30.0  692
 9.600  675.0 -90  45  57   1.563 210.0  30.0  661
 9.600  677.5 -90  45  54   1.563 210.0  30.0  691
 9.650  677.5  90  42  60   1.563 210.0  30.0  664
 9.650  667.5 -90  42  51   1.563 210.0  30.0  654
 9.650  670.0 -90  42  51   1.563 210.0  30.0  684
 9.650  677.5 -90  42  57   1.563 210.0  30.0  664
 9.700  905.0  90  51  60  -4.688   0.0   0.0  900
 9.700  980.0  90  51  60   4.688   0.0   0.0  975
 9.700 1077.5  90  51  60   1.563   0.0   0.0 1082
 9.700  445.0 -90  48  57  -1.563   0.0   0.0  451
 9.700  677.5 -90  48  57   1.563   0.0   0.0  664
 9.700  680.0 -90  48  57   1.563   0.0   0.0  671
 9.700 1055.0 -90  48  57  -1.563   0.0   0.0 1059
 9.700 1270.0 -90  48  57  -1.563   0.0   0.0 1257
 9.750  680.0  90  51  60   1.563 210.0  30.0  667
 9.750  670.0 -90  45  54   1.563 210.0  30.0  685
 9.750  680.0 -90  45  57   1.563 210.0  30.0  667
 9.800  680.0  90  39  54   1.563 210.0  30.0  667
 9.800  682.5  90  39  57   1.563 210.0  30.0  668
 9.800  797.5  90  39  48   1.563 210.0  30.0  784
 9.800  670.0 -90  39  51   1.563 210.0  30.0  658
 9.800  672.5 -90  39  51   1.563 210.0  30.0  687
 9.800  680.0 -90  39  51   1.563 210.0  30.0  667
 9.800  682.5 -90  39  54   1.563 210.0  30.0  669
 9.850  682.5 -90  48  57   1.563   0.0   0.0  695
 9.850 1130.0 -90  48  57  -1.563  30.0  30.0 1144
 9.850 1132.5 -90  48  57  -1.563  30.0  30.0 1143
 9.850 1135.0 -90  48  57  -1.563  30.0  30.0 1142
 9.850 1137.5 -90  48  57  -1.563  30.0  30.0 1146
 9.850 1140.0 -90  48  57   1.563  30.0  30.0 1152
 9.850 1142.5 -90  48  57   1.563  30.0  30.0 1153
 9.850 1145.0 -90  48  57   1.563 150.0  30.0 1158
 9.850 1282.5 -90  48  57  -4.688 150.0  30.0 1270
 9.900  685.0 -90  45  54   1.563   0.0   0.0  672
 9.950  685.0  90  39  48   1.563 210.0  30.0  674
 9.950  687.5  90  39  60   1.563 210.0  30.0  673
 9.950  690.0  90  39  48   1.563 210.0  30.0  676
 9.950  675.0 -90  39  51   1.563 210.0  30.0  660
 9.950  685.0 -90  39  48   1.563   0.0   0.0  674
 9.950  687.5 -90  39  57   1.563   0.0   0.0  674
 9.950  690.0 -90  39  48   1.563 210.0  30.0  704
10.050  692.5  90  42  54   1.563 210.0  30.0  679
10.050  765.0  90  42  51   4.688 210.0  30.0  751
10.050  677.5 -90  42  51   1.563 210.0  30.0  664
10.050  692.5 -90  42  54   1.563   0.0   0.0  679
10.100  697.5  90  48  57   1.563 210.0  30.0  684
10.150  700.0  90  45  57   1.563 210.0  30.0  686
10.150  750.0  90  45  54   1.563 210.0  30.0  739
10.150  752.5  90  45  54   1.563 210.0  30.0  766
10.150 1280.0 -90  51  60  -4.688 150.0  30.0 1281
10.200  705.0  90  45  57   1.563 210.0  30.0  692
10.200  707.5  90  45  54   4.688 210.0  30.0  694
10.200  740.0  90  45  54   1.563 210.0  30.0  728
10.200  742.5  90  45  54   1.563 210.0  30.0  728
10.250  710.0  90  39  51   1.563 210.0  30.0  697
10.250  712.5  90  39  54   1.563 210.0  30.0  700
10.250  715.0  90  39  57   1.563 210.0  30.0  702
10.250  717.5  90  39  57   1.563 210.0  30.0  704
10.250  720.0  90  39  57   1.563 210.0  30.0  706
10.250  722.5  90  39  57   1.563 210.0  30.0  708
10.250  725.0  90  39  54   1.563 210.0  30.0  711
10.250  727.5  90  39  54   1.563 210.0  30.0  714
10.250  730.0  90  39  54   1.563 210.0  30.0  716
10.250  732.5  90  39  51   1.563 210.0  30.0  747
10.250  735.0  90  39  48   1.563 210.0  30.0  720
10.250  682.5 -90  39  48   1.563 210.0  30.0  668
10.250  712.5 -90  39  51   1.563   0.0   0.0  700
10.250  715.0 -90  39  54   1.563   0.0   0.0  701
10.250  717.5 -90  39  54   1.563   0.0   0.0  704
10.250  720.0 -90  39  51   1.563   0.0   0.0  706
10.250  722.5 -90  39  51   1.563   0.0   0.0  710
10.250  725.0 -90  39  51   1.563   0.0   0.0  711
10.250  727.5 -90  39  51   1.563   0.0   0.0  715
10.250  730.0 -90  39  48   1.563   0.0   0.0  716
10.250  732.5 -90  39  48   4.688   0.0   0.0  747
10.400  687.5 -90  39  48   1.563 210.0  30.0  702
10.550 1187.5 -90  48  57  -1.563 210.0  30.0 1181
10.600  165.0 -90  45  54  -4.688 150.0  30.0  163
10.600  772.5 -90  45  54   1.563   0.0   0.0  758
10.600  797.5 -90  45  54   1.563   0.0   0.0  806
10.600  802.5 -90  45  54   1.563 150.0  30.0  806
10.600  805.0 -90  45  54   1.563   0.0   0.0  808
10.600  810.0 -90  45  54   1.563   0.0   0.0  813
10.600  812.5 -90  45  54   1.563   0.0   0.0  815
10.650  702.5 -90  36  45   1.563  90.0  30.0  717
10.650  762.5 -90  36  45   1.563 210.0  30.0  750
10.650  765.0 -90  36  45   1.563 210.0  30.0  751
10.700  755.0 -90  39  48   4.688 210.0  30.0  741
10.750  712.5 -90  36  45   1.563 210.0  30.0  700
10.750  715.0 -90  36  45   1.563  90.0  30.0  701
10.750  742.5 -90  36  45   1.563   0.0   0.0  729
10.750  745.0 -90  36  45   1.563 210.0  30.0  759
11.500  405.0 -90  42  51   4.688   0.0   0.0  415
11.500 1242.5 -90  42  51   1.563   0.0   0.0 1255
11.500 1245.0 -90  42  51   1.563   0.0   0.0 1237
11.500 1247.5 -90  42  51   1.563   0.0   0.0 1250
11.500 1250.0 -90  42  51   1.563   0.0   0.0 1258
11.500 1252.5 -90  42  51   1.563   0.0   0.0 1250
11.500 1255.0 -90  42  51   1.563   0.0   0.0 1254
11.500 1260.0 -90  42  51   1.563 150.0  30.0 1248
11.500 1262.5 -90  42  51   1.563   0.0   0.0 1269
11.600 1192.5 -90  45  54   1.563   0.0   0.0 1204
11.600 1237.5 -90  45  54   1.563   0.0   0.0 1232
11.600 1242.5 -90  45  54   1.563   0.0   0.0 1235
11.850  327.5 -90  42  51   1.563   0.0   0.0  329
