2024.06.28 (180) 00:00:01.000
Station name: Dourbes
URSI code: DB049
Ionosonde model: DPS-4D
  Freq  Range Pol MPA Amp Doppler    Az    Zn  PGH
 1.000  122.5 -90  51  60  -4.688  90.0  30.0  127
 1.000  172.5 -90  51  60  -4.688  90.0  30.0  175
 1.100 1225.0  90  72  81  -1.563  30.0  30.0 1236
 1.100 1242.5  90  72  81  -1.563  90.0  30.0 1246
 1.100 1252.5  90  72  81  -1.563  90.0  30.0 1254
 1.100 1280.0  90  72  81   1.563  90.0  30.0 1284
 1.100   82.5 -90  63  72   1.563  90.0  30.0   84
 1.100   92.5 -90  63  72   4.688  90.0  30.0   78
 1.100   97.5 -90  63  72   4.688  90.0  30.0   90
 1.100  100.0 -90  63  72   4.688  90.0  30.0   91
 1.100  150.0 -90  63  72  -1.563  90.0  30.0  158
 1.150  272.5  90  54  63  -1.563   0.0   0.0  272
 1.150 1190.0  90  54  63  -1.563   0.0   0.0 1199
 1.150 1272.5  90  54  63   1.563  30.0  30.0 1278
 1.250  125.0  90  54  63  -1.563   0.0   0.0  126
 1.250  270.0  90  54  63   1.563   0.0   0.0  281
 1.250  272.5  90  54  69  -1.563   0.0   0.0  277
 1.250  275.0  90  54  63   1.563 150.0  30.0  277
 1.350  275.0  90  57  72   1.563   0.0   0.0  279
 1.350  847.5  90  57  66  -4.688 210.0  30.0  833
 1.350 1095.0  90  57  66  -4.688 210.0  30.0 1091
 1.350  942.5 -90  51  60   4.688 210.0  30.0  932
 1.450   95.0 -90  63  72  -4.688  30.0  30.0  108
 1.450   97.5 -90  63  72  -1.563  30.0  30.0   83
 1.450  100.0 -90  63  72  -1.563  90.0  30.0  115
 1.450  485.0 -90  63  72  -1.563  30.0  30.0  488
 1.500  277.5  90  60  72   1.563   0.0   0.0  282
 1.500  280.0  90  60  69  -1.563   0.0   0.0  281
 1.500 1192.5  90  60  69   4.688  90.0  30.0 1187
 1.500 1230.0  90  60  69   1.563  90.0  30.0 1226
 1.550  280.0  90  63  75   1.563   0.0   0.0  284
 1.600  280.0  90  60  72  -1.563   0.0   0.0  285
 1.600  967.5  90  60  69  -4.688 150.0  30.0  963
 1.650  122.5  90  48  57  -1.563 330.0  30.0  128
 1.650  280.0  90  48  72  -1.563   0.0   0.0  285
 1.650  282.5  90  48  69  -1.563   0.0   0.0  286
 1.650  287.5  90  48  57  -1.563   0.0   0.0  291
 1.650  570.0  90  48  57   1.563   0.0   0.0  576
 1.700  122.5  90  48  57   1.563 330.0  30.0  128
 1.700  280.0  90  48  63  -1.563   0.0   0.0  284
 1.700  282.5  90  48  69  -1.563   0.0   0.0  287
 1.700  290.0  90  48  57  -1.563 270.0  30.0  295
 1.700  567.5  90  48  57  -1.563   0.0   0.0  572
 1.750   80.0  90  48  57  -4.688 150.0  30.0   83
 1.750  122.5  90  48  60   1.563   0.0   0.0  128
 1.750  125.0  90  48  57   1.563   0.0   0.0  127
 1.750  282.5  90  48  72  -1.563   0.0   0.0  287
 1.750  285.0  90  48  66   1.563   0.0   0.0  288
 1.750  290.0  90  48  60   1.563   0.0   0.0  295
 1.750  462.5  90  48  57  -1.563   0.0   0.0  467
 1.750  570.0  90  48  57  -1.563   0.0   0.0  576
 1.750  572.5  90  48  57   1.563   0.0   0.0  575
 1.750  875.0  90  48  57   1.563 210.0  30.0  878
 1.750   80.0 -90  42  51  -1.563 330.0  30.0   67
 1.750  150.0 -90  42  51  -4.688 150.0  30.0  164
 1.800  122.5  90  45  60   1.563 330.0  30.0  127
 1.800  125.0  90  45  60   1.563 330.0  30.0  126
 1.800  282.5  90  45  66  -1.563   0.0   0.0  290
 1.800  285.0  90  45  69  -1.563   0.0   0.0  289
 1.800  290.0  90  45  54  -1.563   0.0   0.0  296
 1.800  292.5  90  45  57  -1.563   0.0   0.0  293
 1.800  415.0  90  45  54   1.563   0.0   0.0  419
 1.800  572.5  90  45  57   1.563   0.0   0.0  578
 1.800  575.0  90  45  57  -1.563   0.0   0.0  577
 1.800  582.5  90  45  57   1.563   0.0   0.0  586
 1.800  585.0  90  45  57  -1.563   0.0   0.0  588
 1.850  285.0  90  54  75  -1.563   0.0   0.0  290
 1.850  287.5  90  54  69   1.563   0.0   0.0  290
 1.850  292.5  90  54  63   1.563 330.0  30.0  296
 1.900  122.5  90  48  60   1.563 330.0  30.0  128
 1.900  125.0  90  48  57   1.563 330.0  30.0  130
 1.900  285.0  90  48  69  -1.563   0.0   0.0  291
 1.900  287.5  90  48  72   1.563 210.0  30.0  291
 1.900  292.5  90  48  60   1.563 330.0  30.0  299
 1.900  295.0  90  48  57  -1.563 330.0  30.0  300
 1.900  580.0  90  48  57  -1.563   0.0   0.0  583
 1.900  587.5  90  48  60  -1.563   0.0   0.0  592
 1.900 1252.5  90  48  57  -1.563 270.0  30.0 1260
 1.950  122.5  90  51  60  -1.563 330.0  30.0  128
 1.950  285.0  90  51  60  -1.563   0.0   0.0  291
 1.950  287.5  90  51  72  -1.563   0.0   0.0  291
 1.950  290.0  90  51  60  -1.563   0.0   0.0  292
 1.950  295.0  90  51  60   1.563   0.0   0.0  298
 2.000  122.5  90  45  60   1.563 330.0  30.0  127
 2.000  125.0  90  45  57   1.563 330.0  30.0  126
 2.000  287.5  90  45  72  -1.563   0.0   0.0  293
 2.000  290.0  90  45  69  -1.563   0.0   0.0  293
 2.000  295.0  90  45  57  -1.563   0.0   0.0  302
 2.000  297.5  90  45  54  -1.563 330.0  30.0  300
 2.000  580.0  90  45  57  -1.563   0.0   0.0  585
 2.000  582.5  90  45  54  -1.563   0.0   0.0  590
 2.000  585.0  90  45  63  -1.563   0.0   0.0  589
 2.000  590.0  90  45  54  -1.563   0.0   0.0  595
 2.000  655.0  90  45  54  -1.563 330.0  30.0  659
 2.000  527.5 -90  42  51   1.563   0.0   0.0  532
 2.000  530.0 -90  42  51   1.563 330.0  30.0  536
 2.050  122.5  90  51  60  -1.563   0.0   0.0  129
 2.050  125.0  90  51  60   1.563 330.0  30.0  126
 2.050  290.0  90  51  66  -1.563   0.0   0.0  296
 2.050  132.5 -90  42  51  -1.563 330.0  30.0  136
 2.050  317.5 -90  42  51   1.563   0.0   0.0  321
 2.050  327.5 -90  42  51   1.563   0.0   0.0  332
 2.100  122.5  90  48  57   1.563 330.0  30.0  129
 2.100  125.0  90  48  57  -1.563 330.0  30.0  128
 2.100  290.0  90  48  66  -1.563 270.0  30.0  294
 2.100  292.5  90  48  60   1.563   0.0   0.0  297
 2.100  585.0  90  48  57  -1.563   0.0   0.0  590
 2.100  587.5  90  48  60  -1.563   0.0   0.0  592
 2.100  590.0  90  48  57   1.563   0.0   0.0  588
 2.100  130.0 -90  45  54  -1.563   0.0   0.0  133
 2.100  322.5 -90  45  57   1.563   0.0   0.0  329
 2.100  325.0 -90  45  57   1.563   0.0   0.0  328
 2.100  712.5 -90  45  54   1.563   0.0   0.0  715
 2.100  715.0 -90  45  54  -1.563   0.0   0.0  719
 2.150   80.0  90  57  66  -1.563  30.0  30.0   80
 2.150  290.0  90  57  69   1.563   0.0   0.0  297
 2.150  292.5  90  57  75  -1.563   0.0   0.0  296
 2.200  292.5  90  69  78  -1.563   0.0   0.0  296
 2.250  125.0  90  54  63   1.563 330.0  30.0  127
 2.250  292.5  90  54  69  -1.563   0.0   0.0  299
 2.250  295.0  90  54  75  -1.563   0.0   0.0  299
 2.250  307.5 -90  48  60  -1.563   0.0   0.0  312
 2.250  315.0 -90  48  57  -1.563   0.0   0.0  320
 2.300  295.0  90  63  75  -1.563   0.0   0.0  299
 2.350  295.0  90  54  72  -1.563   0.0   0.0  300
 2.350  297.5  90  54  72  -1.563   0.0   0.0  301
 2.350  305.0 -90  57  66  -1.563   0.0   0.0  310
 2.400  297.5  90  63  75   1.563   0.0   0.0  302
 2.450  297.5  90  57  72   1.563   0.0   0.0  302
 2.450  300.0  90  57  69  -1.563   0.0   0.0  303
 2.450  305.0 -90  57  69  -1.563   0.0   0.0  309
 2.500  297.5  90  54  66  -1.563   0.0   0.0  304
 2.500  300.0  90  54  72  -1.563   0.0   0.0  304
 2.500  645.0  90  54  63  -4.688  90.0  30.0  639
 2.500  125.0 -90  45  54   1.563 270.0  30.0  130
 2.500  127.5 -90  45  57  -1.563 330.0  30.0  132
 2.500  152.5 -90  45  54   4.688  30.0  30.0  159
 2.500  160.0 -90  45  54   1.563  30.0  30.0  167
 2.500  165.0 -90  45  54  -1.563 330.0  30.0  169
 2.500  167.5 -90  45  54   1.563  30.0  30.0  175
 2.500  170.0 -90  45  54  -1.563  30.0  30.0  177
 2.500  172.5 -90  45  54  -1.563 330.0  30.0  174
 2.500  177.5 -90  45  54   1.563  30.0  30.0  185
 2.500  180.0 -90  45  54  -4.688  30.0  30.0  184
 2.500  182.5 -90  45  54   1.563 330.0  30.0  182
 2.500  185.0 -90  45  54   1.563  30.0  30.0  196
 2.500  187.5 -90  45  54   4.688  30.0  30.0  197
 2.500  190.0 -90  45  54  -1.563 330.0  30.0  194
 2.500  192.5 -90  45  54   1.563  30.0  30.0  180
 2.500  195.0 -90  45  54   4.688  30.0  30.0  206
 2.500  197.5 -90  45  54  -4.688  30.0  30.0  202
 2.500  202.5 -90  45  54   4.688  30.0  30.0  189
 2.500  205.0 -90  45  54  -4.688  30.0  30.0  210
 2.500  207.5 -90  45  54  -1.563  30.0  30.0  210
 2.500  210.0 -90  45  54   4.688  30.0  30.0  198
 2.500  212.5 -90  45  54   4.688  30.0  30.0  227
 2.500  215.0 -90  45  54  -4.688  30.0  30.0  216
 2.500  220.0 -90  45  54   4.688  30.0  30.0  206
 2.500  260.0 -90  45  54   1.563 270.0  30.0  263
 2.500  302.5 -90  45  60   1.563   0.0   0.0  309
 2.500  305.0 -90  45  69  -1.563   0.0   0.0  309
 2.500  310.0 -90  45  54   1.563   0.0   0.0  313
 2.500  312.5 -90  45  54  -1.563   0.0   0.0  318
 2.500  315.0 -90  45  57   1.563 330.0  30.0  318
 2.500  330.0 -90  45  54   4.688  30.0  30.0  325
 2.500  355.0 -90  45  54  -1.563  30.0  30.0  358
 2.500  370.0 -90  45  54   4.688  30.0  30.0  360
 2.500  372.5 -90  45  54  -4.688  30.0  30.0  365
 2.500  380.0 -90  45  54  -1.563  30.0  30.0  378
 2.500  387.5 -90  45  57  -4.688  30.0  30.0  382
 2.500  390.0 -90  45  54   1.563  30.0  30.0  378
 2.500  405.0 -90  45  54  -4.688  30.0  30.0  396
 2.500  502.5 -90  45  54  -1.563   0.0   0.0  506
 2.500  660.0 -90  45  54   4.688  90.0  30.0  669
 2.500  695.0 -90  45  54   1.563 270.0  30.0  699
 2.500  700.0 -90  45  54  -1.563  30.0  30.0  707
 2.600  305.0 -90  63  72  -1.563   0.0   0.0  308
 2.650  302.5  90  63  75   1.563   0.0   0.0  309
 2.650  305.0 -90  60  75  -1.563   0.0   0.0  309
 2.700  305.0  90  66  75  -1.563   0.0   0.0  308
 2.700  305.0 -90  60  75  -1.563   0.0   0.0  310
 2.750  305.0  90  66  75  -1.563   0.0   0.0  310
 2.750  305.0 -90  57  75  -1.563   0.0   0.0  309
 2.750  307.5 -90  57  66  -1.563   0.0   0.0  312
 2.800  305.0 -90  60  72  -1.563   0.0   0.0  310
 2.850  125.0  90  45  57   1.563 330.0  30.0  129
 2.850  305.0  90  45  54  -1.563   0.0   0.0  308
 2.850  307.5  90  45  57  -1.563   0.0   0.0  314
 2.850  310.0  90  45  57  -1.563   0.0   0.0  312
 2.850  315.0  90  45  54   1.563 330.0  30.0  316
 2.850  317.5  90  45  54  -1.563 210.0  30.0  325
 2.850  585.0  90  45  54   1.563 270.0  30.0  588
 2.850  617.5  90  45  60  -1.563   0.0   0.0  622
 2.850  620.0  90  45  60  -1.563   0.0   0.0  626
 2.850  622.5  90  45  60  -1.563   0.0   0.0  626
 2.850  682.5  90  45  54  -1.563 150.0  30.0  672
 2.850  715.0  90  45  54  -1.563 330.0  30.0  720
 2.850  717.5  90  45  57  -1.563   0.0   0.0  722
 2.850  810.0  90  45  57  -1.563 150.0  30.0  799
 2.850  930.0  90  45  54  -1.563   0.0   0.0  936
 2.850  935.0  90  45  54  -1.563   0.0   0.0  939
 2.850 1065.0  90  45  54  -1.563 150.0  30.0 1055
 2.850 1067.5  90  45  60  -1.563 150.0  30.0 1058
 2.850  125.0 -90  42  60   1.563 330.0  30.0  129
 2.850  127.5 -90  42  51   1.563 270.0  30.0  128
 2.850  270.0 -90  42  51   1.563 270.0  30.0  274
 2.850  300.0 -90  42  51   1.563 330.0  30.0  310
 2.850  302.5 -90  42  51   1.563 330.0  30.0  311
 2.850  305.0 -90  42  69  -1.563   0.0   0.0  311
 2.850  307.5 -90  42  69  -1.563   0.0   0.0  311
 2.850  312.5 -90  42  54  -1.563   0.0   0.0  320
 2.850  315.0 -90  42  54   1.563 330.0  30.0  319
 2.850  502.5 -90  42  54  -1.563   0.0   0.0  507
 2.850  505.0 -90  42  57   1.563   0.0   0.0  509
 2.850  507.5 -90  42  57  -1.563   0.0   0.0  513
 2.850  510.0 -90  42  54  -1.563   0.0   0.0  512
 2.850  515.0 -90  42  51  -1.563 330.0  30.0  520
 2.850  517.5 -90  42  51   1.563   0.0   0.0  521
 2.850  592.5 -90  42  51  -1.563 150.0  30.0  582
 2.850  615.0 -90  42  51  -1.563   0.0   0.0  619
 2.850  617.5 -90  42  54  -1.563   0.0   0.0  623
 2.850  620.0 -90  42  54  -1.563   0.0   0.0  626
 2.850  622.5 -90  42  54  -1.563   0.0   0.0  628
 2.850  625.0 -90  42  51   1.563   0.0   0.0  630
 2.850  692.5 -90  42  51  -1.563 150.0  30.0  678
 2.850  702.5 -90  42  51   1.563 330.0  30.0  706
 2.850  707.5 -90  42  57  -1.563 330.0  30.0  714
 2.850  710.0 -90  42  54  -1.563 330.0  30.0  712
 2.850  960.0 -90  42  51  -1.563 270.0  30.0  966
 2.850  962.5 -90  42  57  -1.563 270.0  30.0  967
 2.850 1075.0 -90  42  51  -1.563 150.0  30.0 1068
 2.850 1077.5 -90  42  51  -1.563 150.0  30.0 1068
 2.850 1250.0 -90  42  51  -1.563 150.0  30.0 1240
 2.900  125.0  90  45  57  -1.563 330.0  30.0  128
 2.900  262.5  90  45  54   1.563   0.0   0.0  263
 2.900  307.5  90  45  69  -1.563   0.0   0.0  313
 2.900  310.0  90  45  69  -1.563   0.0   0.0  313
 2.900  317.5  90  45  57  -1.563   0.0   0.0  320
 2.900  620.0  90  45  63  -1.563   0.0   0.0  624
 2.900  622.5  90  45  60  -1.563 150.0  30.0  625
 2.900  625.0  90  45  54  -1.563   0.0   0.0  629
 2.900  632.5  90  45  54  -1.563   0.0   0.0  637
 2.900  717.5  90  45  54  -1.563 330.0  30.0  723
 2.900  720.0  90  45  60  -1.563   0.0   0.0  725
 2.900  722.5  90  45  54  -1.563   0.0   0.0  727
 2.900 1072.5  90  45  54   1.563 150.0  30.0 1062
 2.900  125.0 -90  42  60   1.563 330.0  30.0  129
 2.900  127.5 -90  42  51   1.563 330.0  30.0  129
 2.900  262.5 -90  42  51   1.563 270.0  30.0  267
 2.900  265.0 -90  42  54   1.563 270.0  30.0  267
 2.900  305.0 -90  42  57  -1.563   0.0   0.0  310
 2.900  307.5 -90  42  57  -1.563   0.0   0.0  311
 2.900  502.5 -90  42  51   1.563   0.0   0.0  506
 2.900  505.0 -90  42  54  -1.563   0.0   0.0  509
 2.900  507.5 -90  42  57  -1.563   0.0   0.0  512
 2.900  510.0 -90  42  57  -1.563   0.0   0.0  512
 2.900  617.5 -90  42  60  -1.563   0.0   0.0  622
 2.900  620.0 -90  42  54  -1.563   0.0   0.0  622
 2.900  622.5 -90  42  54  -1.563   0.0   0.0  628
 2.900  625.0 -90  42  54  -1.563   0.0   0.0  629
 2.900  627.5 -90  42  54  -1.563 270.0  30.0  632
 2.900  690.0 -90  42  51  -1.563 150.0  30.0  681
 2.900  705.0 -90  42  60  -1.563   0.0   0.0  710
 2.900  707.5 -90  42  57  -1.563   0.0   0.0  711
 2.900  710.0 -90  42  54  -1.563 330.0  30.0  716
 2.900  712.5 -90  42  54  -1.563 330.0  30.0  716
 2.900  922.5 -90  42  54  -1.563 150.0  30.0  908
 2.900  925.0 -90  42  51  -1.563 150.0  30.0  918
 2.900  930.0 -90  42  51  -1.563 210.0  30.0  935
 2.900  932.5 -90  42  51  -1.563   0.0   0.0  938
 2.900  965.0 -90  42  51  -1.563 270.0  30.0  969
 2.900  980.0 -90  42  51  -1.563 150.0  30.0  968
 2.900 1075.0 -90  42  51  -1.563 150.0  30.0 1066
 2.900 1077.5 -90  42  54  -1.563 150.0  30.0 1069
 2.900 1080.0 -90  42  54  -1.563 150.0  30.0 1071
 2.950  125.0  90  45  54   1.563 330.0  30.0  130
 2.950  307.5  90  45  57  -1.563   0.0   0.0  312
 2.950  310.0  90  45  57  -1.563   0.0   0.0  313
 2.950  317.5  90  45  57  -1.563   0.0   0.0  324
 2.950  517.5  90  45  54  -1.563   0.0   0.0  521
 2.950  622.5  90  45  66  -1.563   0.0   0.0  627
 2.950  625.0  90  45  63  -1.563   0.0   0.0  629
 2.950  630.0  90  45  60  -1.563   0.0   0.0  636
 2.950  632.5  90  45  60  -1.563   0.0   0.0  637
 2.950  720.0  90  45  54  -1.563   0.0   0.0  726
 2.950  722.5  90  45  60  -1.563   0.0   0.0  728
 2.950 1072.5  90  45  54  -1.563 150.0  30.0 1063
 2.950 1075.0  90  45  54  -1.563 150.0  30.0 1069
 2.950 1077.5  90  45  54  -1.563 150.0  30.0 1066
 2.950  125.0 -90  42  57   1.563 330.0  30.0  128
 2.950  127.5 -90  42  51   1.563 330.0  30.0  128
 2.950  265.0 -90  42  57   1.563 270.0  30.0  269
 2.950  290.0 -90  42  51   1.563 270.0  30.0  297
 2.950  305.0 -90  42  54  -1.563   0.0   0.0  310
 2.950  307.5 -90  42  51  -1.563   0.0   0.0  312
 2.950  315.0 -90  42  51   1.563 330.0  30.0  319
 2.950  317.5 -90  42  51   1.563 150.0  30.0  304
 2.950  505.0 -90  42  51  -1.563   0.0   0.0  509
 2.950  507.5 -90  42  51   1.563   0.0   0.0  512
 2.950  510.0 -90  42  57   1.563   0.0   0.0  514
 2.950  512.5 -90  42  51  -1.563   0.0   0.0  517
 2.950  535.0 -90  42  51  -1.563 330.0  30.0  540
 2.950  617.5 -90  42  57  -1.563   0.0   0.0  623
 2.950  620.0 -90  42  60  -1.563   0.0   0.0  624
 2.950  622.5 -90  42  51   1.563 330.0  30.0  626
 2.950  627.5 -90  42  51   1.563   0.0   0.0  628
 2.950  690.0 -90  42  51  -1.563 150.0  30.0  678
 2.950  707.5 -90  42  51  -1.563   0.0   0.0  711
 2.950  820.0 -90  42  51  -1.563 150.0  30.0  809
 2.950 1075.0 -90  42  51  -1.563 150.0  30.0 1067
 3.000  125.0  90  45  54   1.563 330.0  30.0  130
 3.000  310.0  90  45  54  -1.563   0.0   0.0  314
 3.000  312.5  90  45  54  -1.563   0.0   0.0  314
 3.000  520.0  90  45  54  -1.563   0.0   0.0  524
 3.000  620.0  90  45  54  -1.563 150.0  30.0  610
 3.000  625.0  90  45  57  -1.563   0.0   0.0  629
 3.000  627.5  90  45  63  -1.563   0.0   0.0  632
 3.000  630.0  90  45  57  -1.563   0.0   0.0  634
 3.000  632.5  90  45  60  -1.563   0.0   0.0  638
 3.000  635.0  90  45  54  -1.563   0.0   0.0  637
 3.000  727.5  90  45  60  -1.563   0.0   0.0  732
 3.000  730.0  90  45  54  -1.563 270.0  30.0  734
 3.000 1075.0  90  45  54  -1.563 150.0  30.0 1069
 3.000 1105.0  90  45  54  -1.563   0.0   0.0 1104
 3.000 1107.5  90  45  57  -1.563   0.0   0.0 1110
 3.000 1110.0  90  45  57  -1.563   0.0   0.0 1113
 3.000  125.0 -90  42  57   1.563 330.0  30.0  129
 3.000  305.0 -90  42  51  -1.563 150.0  30.0  316
 3.000  307.5 -90  42  57  -1.563   0.0   0.0  310
 3.000  310.0 -90  42  57   1.563   0.0   0.0  311
 3.000  317.5 -90  42  51  -1.563   0.0   0.0  305
 3.000  362.5 -90  42  51   4.688 270.0  30.0  367
 3.000  510.0 -90  42  51  -1.563   0.0   0.0  516
 3.000  620.0 -90  42  57  -1.563 150.0  30.0  626
 3.000  622.5 -90  42  54  -1.563 150.0  30.0  629
 3.000  627.5 -90  42  54  -1.563   0.0   0.0  632
 3.000  630.0 -90  42  51  -1.563   0.0   0.0  633
 3.000  687.5 -90  42  51  -1.563 150.0  30.0  679
 3.000  707.5 -90  42  54  -1.563   0.0   0.0  713
 3.000  710.0 -90  42  57  -1.563   0.0   0.0  713
 3.000  825.0 -90  42  51  -1.563 150.0  30.0  814
 3.000  922.5 -90  42  51  -1.563 210.0  30.0  936
 3.000  937.5 -90  42  54  -1.563   0.0   0.0  941
 3.000  980.0 -90  42  51  -1.563 150.0  30.0  971
 3.000 1077.5 -90  42  54  -1.563 150.0  30.0 1069
 3.000 1080.0 -90  42  54  -1.563 150.0  30.0 1070
 3.050  310.0  90  51  63   1.563   0.0   0.0  315
 3.050  312.5  90  51  69  -1.563   0.0   0.0  317
 3.050  630.0  90  51  60  -1.563   0.0   0.0  634
 3.050  635.0  90  51  60  -1.563   0.0   0.0  639
 3.050  730.0  90  51  60  -1.563   0.0   0.0  736
 3.050  125.0 -90  48  57   1.563 330.0  30.0  129
 3.050  307.5 -90  48  69  -1.563   0.0   0.0  314
 3.050  310.0 -90  48  63  -1.563   0.0   0.0  313
 3.050  317.5 -90  48  57   1.563   0.0   0.0  319
 3.050  512.5 -90  48  60  -1.563   0.0   0.0  517
 3.050  515.0 -90  48  57  -1.563   0.0   0.0  519
 3.050  622.5 -90  48  60  -1.563   0.0   0.0  627
 3.050  627.5 -90  48  57  -1.563   0.0   0.0  632
 3.050  690.0 -90  48  57  -1.563 150.0  30.0  679
 3.100  125.0  90  48  57   1.563 330.0  30.0  127
 3.100  312.5  90  48  69  -1.563   0.0   0.0  317
 3.100  315.0  90  48  66  -1.563   0.0   0.0  318
 3.100  525.0  90  48  57  -1.563   0.0   0.0  527
 3.100  555.0  90  48  57  -1.563 150.0  30.0  551
 3.100  557.5  90  48  60  -1.563 330.0  30.0  565
 3.100  560.0  90  48  60   1.563 330.0  30.0  563
 3.100  627.5  90  48  60  -1.563   0.0   0.0  633
 3.100  630.0  90  48  63  -1.563   0.0   0.0  634
 3.100  635.0  90  48  60  -1.563   0.0   0.0  640
 3.100  637.5  90  48  57  -1.563   0.0   0.0  644
 3.100  675.0  90  48  57   1.563 270.0  30.0  681
 3.100  732.5  90  48  57  -1.563   0.0   0.0  739
 3.100  735.0  90  48  63  -1.563   0.0   0.0  740
 3.100 1075.0  90  48  57  -1.563 150.0  30.0 1070
 3.100 1077.5  90  48  63  -1.563 150.0  30.0 1068
 3.100 1080.0  90  48  57  -1.563 150.0  30.0 1068
 3.100 1082.5  90  48  60  -1.563 150.0  30.0 1073
 3.100 1087.5  90  48  57  -1.563 150.0  30.0 1079
 3.100 1122.5  90  48  57  -1.563   0.0   0.0 1125
 3.100  125.0 -90  48  57   1.563 330.0  30.0  132
 3.100  300.0 -90  48  57   1.563 330.0  30.0  300
 3.100  307.5 -90  48  66  -1.563   0.0   0.0  313
 3.100  310.0 -90  48  69  -1.563   0.0   0.0  314
 3.100  317.5 -90  48  60   1.563   0.0   0.0  321
 3.100  512.5 -90  48  57  -1.563   0.0   0.0  517
 3.100  515.0 -90  48  63   1.563   0.0   0.0  519
 3.100  715.0 -90  48  60  -1.563   0.0   0.0  722
 3.100  975.0 -90  48  63  -1.563 270.0  30.0  980
 3.150  312.5  90  54  66   1.563   0.0   0.0  319
 3.150  315.0  90  54  75  -1.563   0.0   0.0  319
 3.150  317.5  90  54  63  -1.563   0.0   0.0  319
 3.150  322.5  90  54  63  -1.563   0.0   0.0  326
 3.150  560.0  90  54  69   1.563 330.0  30.0  566
 3.150  562.5  90  54  69   1.563 330.0  30.0  566
 3.150  632.5  90  54  66  -1.563   0.0   0.0  635
 3.150 1080.0  90  54  63  -1.563 150.0  30.0 1070
 3.150  310.0 -90  57  72  -1.563   0.0   0.0  314
 3.150  980.0 -90  57  66   1.563 270.0  30.0  984
 3.200  127.5  90  48  57   1.563 330.0  30.0  131
 3.200  315.0  90  48  69   1.563   0.0   0.0  319
 3.200  317.5  90  48  66   1.563   0.0   0.0  320
 3.200  560.0  90  48  57   1.563 270.0  30.0  567
 3.200  562.5  90  48  69   1.563 330.0  30.0  566
 3.200  565.0  90  48  60   1.563 330.0  30.0  567
 3.200  622.5  90  48  60  -1.563 150.0  30.0  615
 3.200  637.5  90  48  63  -1.563   0.0   0.0  641
 3.200  642.5  90  48  57   1.563   0.0   0.0  646
 3.200 1097.5  90  48  57  -1.563 150.0  30.0 1112
 3.200  125.0 -90  48  57  -1.563 330.0  30.0  131
 3.200  310.0 -90  48  69  -1.563   0.0   0.0  315
 3.200  312.5 -90  48  63  -1.563   0.0   0.0  316
 3.200  317.5 -90  48  57   1.563   0.0   0.0  322
 3.200  320.0 -90  48  60   1.563 330.0  30.0  320
 3.200  625.0 -90  48  63  -1.563   0.0   0.0  631
 3.200  627.5 -90  48  60  -1.563   0.0   0.0  631
 3.200  630.0 -90  48  57  -1.563   0.0   0.0  633
 3.200  722.5 -90  48  57  -1.563   0.0   0.0  729
 3.200  725.0 -90  48  57  -1.563 330.0  30.0  731
 3.200  820.0 -90  48  57  -1.563 150.0  30.0  810
 3.200  980.0 -90  48  60  -1.563 270.0  30.0  986
 3.200  982.5 -90  48  66  -1.563 270.0  30.0  987
 3.200  985.0 -90  48  60   1.563 270.0  30.0  988
 3.250  317.5  90  63  75  -1.563   0.0   0.0  322
 3.250  565.0  90  63  78  -1.563 330.0  30.0  568
 3.400  320.0  90  57  75  -1.563   0.0   0.0  325
 3.400  322.5  90  57  69  -1.563   0.0   0.0  325
 3.400  312.5 -90  54  63   1.563   0.0   0.0  319
 3.400  315.0 -90  54  66   1.563   0.0   0.0  318
 3.400  322.5 -90  54  63   1.563 330.0  30.0  327
 3.450   80.0  90  48  57   1.563 270.0  30.0   76
 3.450  267.5  90  48  57  -1.563   0.0   0.0  253
 3.450  297.5  90  48  57  -1.563   0.0   0.0  285
 3.450  320.0  90  48  66  -1.563   0.0   0.0  327
 3.450  322.5  90  48  72  -1.563   0.0   0.0  328
 3.450  332.5  90  48  57   1.563   0.0   0.0  335
 3.450  572.5  90  48  60   1.563 330.0  30.0  578
 3.450  575.0  90  48  69  -1.563 330.0  30.0  580
 3.450  577.5  90  48  63   1.563 330.0  30.0  580
 3.450  622.5  90  48  60  -1.563 150.0  30.0  614
 3.450  625.0  90  48  57  -1.563 150.0  30.0  616
 3.450  647.5  90  48  57  -1.563   0.0   0.0  654
 3.450  650.0  90  48  57  -1.563   0.0   0.0  654
 3.450  652.5  90  48  57  -1.563   0.0   0.0  656
 3.450  655.0  90  48  57  -1.563   0.0   0.0  659
 3.450  687.5  90  48  63   1.563 270.0  30.0  693
 3.450  690.0  90  48  63   1.563 270.0  30.0  693
 3.450  825.0  90  48  57  -1.563 150.0  30.0  816
 3.450  975.0  90  48  57  -1.563   0.0   0.0  980
 3.450  977.5  90  48  57  -1.563   0.0   0.0  984
 3.450 1092.5  90  48  57  -1.563 150.0  30.0 1087
 3.450 1095.0  90  48  60  -1.563 150.0  30.0 1085
 3.450   80.0 -90  45  54   1.563 210.0  30.0   65
 3.450   82.5 -90  45  54   4.688  90.0  30.0   76
 3.450  312.5 -90  45  57   1.563   0.0   0.0  319
 3.450  315.0 -90  45  69  -1.563   0.0   0.0  319
 3.450  322.5 -90  45  60   1.563 330.0  30.0  326
 3.450  325.0 -90  45  57  -1.563   0.0   0.0  327
 3.450  525.0 -90  45  60  -1.563   0.0   0.0  529
 3.450  640.0 -90  45  54  -1.563   0.0   0.0  647
 3.450  690.0 -90  45  57  -1.563 150.0  30.0  681
 3.450  737.5 -90  45  54  -1.563   0.0   0.0  744
 3.450  762.5 -90  45  54  -1.563   0.0   0.0  768
 3.450  765.0 -90  45  60  -1.563   0.0   0.0  770
 3.450  767.5 -90  45  54   1.563 330.0  30.0  772
 3.450  967.5 -90  45  54  -1.563   0.0   0.0  974
 3.450  970.0 -90  45  54   1.563 330.0  30.0  974
 3.450 1090.0 -90  45  60  -1.563 150.0  30.0 1080
 3.500  255.0  90  45  54   1.563 330.0  30.0  261
 3.500  267.5  90  45  54   1.563  30.0  30.0  256
 3.500  297.5  90  45  54   1.563  30.0  30.0  285
 3.500  320.0  90  45  57  -1.563   0.0   0.0  325
 3.500  322.5  90  45  75  -1.563   0.0   0.0  327
 3.500  325.0  90  45  69  -1.563   0.0   0.0  328
 3.500  332.5  90  45  57   1.563 210.0  30.0  339
 3.500  347.5  90  45  54  -1.563  30.0  30.0  344
 3.500  377.5  90  45  54  -1.563 210.0  30.0  372
 3.500  537.5  90  45  54  -1.563   0.0   0.0  543
 3.500  575.0  90  45  63  -1.563 330.0  30.0  580
 3.500  577.5  90  45  60  -1.563 330.0  30.0  580
 3.500  605.0  90  45  54   1.563 270.0  30.0  609
 3.500  607.5  90  45  54   1.563 210.0  30.0  615
 3.500  622.5  90  45  54  -1.563 150.0  30.0  614
 3.500  625.0  90  45  57  -1.563 150.0  30.0  616
 3.500  650.0  90  45  54  -1.563   0.0   0.0  654
 3.500  652.5  90  45  66  -1.563   0.0   0.0  658
 3.500  655.0  90  45  63  -1.563   0.0   0.0  660
 3.500  657.5  90  45  54   1.563  30.0  30.0  663
 3.500  690.0  90  45  57   1.563 270.0  30.0  694
 3.500  695.0  90  45  54   1.563 270.0  30.0  699
 3.500  977.5  90  45  54  -1.563   0.0   0.0  983
 3.500  980.0  90  45  57  -1.563   0.0   0.0  984
 3.500 1097.5  90  45  57  -1.563 150.0  30.0 1090
 3.500 1100.0  90  45  60  -1.563 150.0  30.0 1090
 3.500 1102.5  90  45  57  -1.563 150.0  30.0 1093
 3.500 1147.5  90  45  60  -1.563 270.0  30.0 1153
 3.500 1152.5  90  45  54   1.563 270.0  30.0 1158
 3.500  315.0 -90  45  66  -1.563   0.0   0.0  320
 3.500  317.5 -90  45  63  -1.563   0.0   0.0  321
 3.500  322.5 -90  45  54  -1.563   0.0   0.0  327
 3.500  325.0 -90  45  57  -1.563   0.0   0.0  327
 3.500  447.5 -90  45  54  -1.563 150.0  30.0  451
 3.500  527.5 -90  45  57  -1.563   0.0   0.0  532
 3.500  530.0 -90  45  57  -1.563   0.0   0.0  534
 3.500  572.5 -90  45  54  -1.563 330.0  30.0  578
 3.500  640.0 -90  45  57  -1.563   0.0   0.0  645
 3.500  642.5 -90  45  57  -1.563   0.0   0.0  647
 3.500  690.0 -90  45  54  -1.563 150.0  30.0  680
 3.500  740.0 -90  45  57  -1.563   0.0   0.0  744
 3.500  742.5 -90  45  57  -1.563   0.0   0.0  746
 3.500  767.5 -90  45  60  -1.563 330.0  30.0  773
 3.500  770.0 -90  45  54  -1.563 330.0  30.0  774
 3.500  970.0 -90  45  54  -1.563   0.0   0.0  975
 3.500 1090.0 -90  45  54  -1.563 150.0  30.0 1081
 3.500 1092.5 -90  45  54  -1.563 150.0  30.0 1082
 3.500 1100.0 -90  45  54  -1.563 150.0  30.0 1091
 3.550  322.5  90  48  63  -1.563   0.0   0.0  329
 3.550  325.0  90  48  60  -1.563   0.0   0.0  330
 3.550  577.5  90  48  60  -1.563 330.0  30.0  583
 3.550  580.0  90  48  60   1.563 330.0  30.0  585
 3.550  582.5  90  48  57   1.563 270.0  30.0  587
 3.550  650.0  90  48  63  -1.563   0.0   0.0  656
 3.550  652.5  90  48  63  -1.563   0.0   0.0  656
 3.550  655.0  90  48  57  -1.563   0.0   0.0  658
 3.550  660.0  90  48  57  -1.563   0.0   0.0  665
 3.550  692.5  90  48  63  -1.563 270.0  30.0  697
 3.550  825.0  90  48  57   1.563 150.0  30.0  818
 3.550 1100.0  90  48  57  -1.563 210.0  30.0 1089
 3.550 1150.0  90  48  60  -1.563 270.0  30.0 1154
 3.550 1152.5  90  48  60  -1.563 270.0  30.0 1158
 3.550 1155.0  90  48  57  -1.563 270.0  30.0 1160
 3.550 1222.5  90  48  57  -1.563 330.0  30.0 1212
 3.550  315.0 -90  48  63   1.563   0.0   0.0  321
 3.550  317.5 -90  48  69  -1.563   0.0   0.0  321
 3.550  320.0 -90  48  57  -1.563   0.0   0.0  322
 3.550  325.0 -90  48  66  -1.563 330.0  30.0  328
 3.550  327.5 -90  48  60  -1.563 330.0  30.0  328
 3.550  532.5 -90  48  57  -1.563   0.0   0.0  536
 3.550  637.5 -90  48  57  -1.563 210.0  30.0  642
 3.550  640.0 -90  48  57  -1.563   0.0   0.0  643
 3.550  742.5 -90  48  57  -1.563   0.0   0.0  747
 3.550  770.0 -90  48  66  -1.563 330.0  30.0  775
 3.550  772.5 -90  48  63  -1.563 330.0  30.0  776
 3.550  822.5 -90  48  57  -1.563 150.0  30.0  815
 3.550 1092.5 -90  48  57  -1.563 150.0  30.0 1084
 3.600  325.0  90  48  69  -1.563 150.0  30.0  332
 3.600  327.5  90  48  66  -1.563   0.0   0.0  330
 3.600  457.5  90  48  57  -1.563 150.0  30.0  460
 3.600  580.0  90  48  57  -1.563   0.0   0.0  585
 3.600  582.5  90  48  57  -1.563 330.0  30.0  586
 3.600  652.5  90  48  63  -1.563   0.0   0.0  657
 3.600  657.5  90  48  57  -1.563   0.0   0.0  662
 3.600  660.0  90  48  60  -1.563   0.0   0.0  664
 3.600  662.5  90  48  57  -1.563   0.0   0.0  666
 3.600  665.0  90  48  57  -1.563 210.0  30.0  669
 3.600  695.0  90  48  66   1.563 270.0  30.0  700
 3.600  697.5  90  48  63   1.563 270.0  30.0  700
 3.600  700.0  90  48  57  -1.563 270.0  30.0  703
 3.600 1100.0  90  48  57  -1.563 150.0  30.0 1090
 3.600 1155.0  90  48  60  -1.563 270.0  30.0 1161
 3.600 1157.5  90  48  57  -1.563 270.0  30.0 1161
 3.600  262.5 -90  45  54   1.563 270.0  30.0  263
 3.600  315.0 -90  45  54   1.563   0.0   0.0  322
 3.600  317.5 -90  45  69  -1.563   0.0   0.0  322
 3.600  320.0 -90  45  54  -1.563   0.0   0.0  321
 3.600  325.0 -90  45  60  -1.563   0.0   0.0  331
 3.600  327.5 -90  45  63   1.563 330.0  30.0  330
 3.600  530.0 -90  45  57  -1.563   0.0   0.0  536
 3.600  532.5 -90  45  63  -1.563   0.0   0.0  538
 3.600  535.0 -90  45  57  -1.563   0.0   0.0  539
 3.600  555.0 -90  45  54  -1.563 150.0  30.0  547
 3.600  637.5 -90  45  54  -1.563   0.0   0.0  645
 3.600  640.0 -90  45  60  -1.563   0.0   0.0  644
 3.600  642.5 -90  45  60  -1.563   0.0   0.0  647
 3.600  645.0 -90  45  60  -1.563   0.0   0.0  649
 3.600  647.5 -90  45  57  -1.563   0.0   0.0  651
 3.600  690.0 -90  45  57  -1.563 150.0  30.0  682
 3.600  692.5 -90  45  54  -1.563 150.0  30.0  684
 3.600  745.0 -90  45  54  -1.563   0.0   0.0  751
 3.600  747.5 -90  45  60  -1.563   0.0   0.0  753
 3.600  750.0 -90  45  57  -1.563   0.0   0.0  754
 3.600  772.5 -90  45  63  -1.563 330.0  30.0  777
 3.600  775.0 -90  45  60  -1.563   0.0   0.0  778
 3.600  825.0 -90  45  54  -1.563 150.0  30.0  813
 3.600 1092.5 -90  45  54  -1.563 150.0  30.0 1084
 3.600 1095.0 -90  45  57  -1.563 150.0  30.0 1085
 3.650  325.0  90  51  69  -1.563   0.0   0.0  331
 3.650  327.5  90  51  75  -1.563   0.0   0.0  330
 3.650  585.0  90  51  60   1.563   0.0   0.0  590
 3.650  655.0  90  51  66  -1.563   0.0   0.0  661
 3.650  657.5  90  51  63  -1.563   0.0   0.0  661
 3.650  660.0  90  51  63  -1.563   0.0   0.0  666
 3.650  665.0  90  51  60  -1.563   0.0   0.0  670
 3.650  697.5  90  51  66   1.563 270.0  30.0  702
 3.650  700.0  90  51  66  -1.563 270.0  30.0  701
 3.650 1102.5  90  51  60  -1.563 150.0  30.0 1094
 3.650 1105.0  90  51  66  -1.563 150.0  30.0 1095
 3.650 1107.5  90  51  60  -1.563 150.0  30.0 1098
 3.650  317.5 -90  48  66  -1.563   0.0   0.0  323
 3.650  320.0 -90  48  66   1.563   0.0   0.0  323
 3.650  327.5 -90  48  66   1.563 330.0  30.0  330
 3.650  330.0 -90  48  57   1.563   0.0   0.0  333
 3.650  535.0 -90  48  57   1.563   0.0   0.0  541
 3.650  537.5 -90  48  57  -1.563   0.0   0.0  540
 3.650  625.0 -90  48  57  -1.563 270.0  30.0  614
 3.650  627.5 -90  48  57  -1.563 330.0  30.0  642
 3.650  647.5 -90  48  60  -1.563   0.0   0.0  652
 3.650  650.0 -90  48  57  -1.563   0.0   0.0  654
 3.650  747.5 -90  48  57  -1.563   0.0   0.0  752
 3.650  750.0 -90  48  57  -1.563   0.0   0.0  755
 3.650  777.5 -90  48  60  -1.563   0.0   0.0  782
 3.650  780.0 -90  48  57  -1.563 330.0  30.0  784
 3.700  327.5  90  48  75  -1.563   0.0   0.0  333
 3.700  330.0  90  48  72  -1.563   0.0   0.0  334
 3.700  337.5  90  48  57  -1.563 330.0  30.0  339
 3.700  587.5  90  48  63   1.563 330.0  30.0  591
 3.700  625.0  90  48  60  -1.563 150.0  30.0  616
 3.700  657.5  90  48  66  -1.563   0.0   0.0  663
 3.700  660.0  90  48  63  -1.563   0.0   0.0  664
 3.700  662.5  90  48  60  -1.563   0.0   0.0  667
 3.700  697.5  90  48  60  -1.563 270.0  30.0  703
 3.700  700.0  90  48  72   1.563 270.0  30.0  704
 3.700  702.5  90  48  63   1.563 270.0  30.0  705
 3.700  705.0  90  48  57  -1.563 330.0  30.0  708
 3.700  830.0  90  48  57  -1.563 150.0  30.0  821
 3.700  992.5  90  48  60  -1.563   0.0   0.0  997
 3.700  995.0  90  48  60  -1.563   0.0   0.0 1000
 3.700 1105.0  90  48  63  -1.563 150.0  30.0 1096
 3.700 1117.5  90  48  57  -1.563 210.0  30.0 1110
 3.700  300.0 -90  45  54   1.563 330.0  30.0  302
 3.700  317.5 -90  45  57   1.563   0.0   0.0  323
 3.700  320.0 -90  45  66  -1.563   0.0   0.0  324
 3.700  327.5 -90  45  63  -1.563 330.0  30.0  331
 3.700  330.0 -90  45  60  -1.563   0.0   0.0  333
 3.700  537.5 -90  45  57  -1.563   0.0   0.0  541
 3.700  625.0 -90  45  54  -1.563 150.0  30.0  616
 3.700  627.5 -90  45  57  -1.563 150.0  30.0  616
 3.700  642.5 -90  45  54  -1.563   0.0   0.0  648
 3.700  645.0 -90  45  60  -1.563   0.0   0.0  650
 3.700  647.5 -90  45  63  -1.563   0.0   0.0  653
 3.700  650.0 -90  45  63  -1.563   0.0   0.0  654
 3.700  750.0 -90  45  54  -1.563   0.0   0.0  756
 3.700  752.5 -90  45  57  -1.563   0.0   0.0  758
 3.700  755.0 -90  45  54  -1.563 330.0  30.0  760
 3.700  765.0 -90  45  57  -1.563   0.0   0.0  770
 3.700  767.5 -90  45  54  -1.563 330.0  30.0  770
 3.700  780.0 -90  45  57  -1.563   0.0   0.0  785
 3.700  970.0 -90  45  57  -1.563   0.0   0.0  975
 3.700 1155.0 -90  45  54  -1.563   0.0   0.0 1162
 3.750  327.5  90  48  63  -1.563   0.0   0.0  334
 3.750  330.0  90  48  72  -1.563   0.0   0.0  335
 3.750  332.5  90  48  57  -4.688  30.0  30.0  336
 3.750  587.5  90  48  57   1.563 270.0  30.0  591
 3.750  590.0  90  48  63  -1.563 330.0  30.0  594
 3.750  592.5  90  48  57  -1.563 330.0  30.0  597
 3.750  625.0  90  48  60  -1.563 150.0  30.0  615
 3.750  660.0  90  48  66  -1.563   0.0   0.0  666
 3.750  662.5  90  48  69  -1.563   0.0   0.0  667
 3.750  667.5  90  48  57  -1.563   0.0   0.0  674
 3.750  670.0  90  48  57  -1.563   0.0   0.0  674
 3.750  702.5  90  48  69   1.563 270.0  30.0  707
 3.750  705.0  90  48  63  -1.563 270.0  30.0  709
 3.750 1000.0  90  48  57  -1.563   0.0   0.0 1003
 3.750 1107.5  90  48  57  -1.563 150.0  30.0 1098
 3.750   80.0 -90  48  66  -4.688 330.0  30.0   73
 3.750   82.5 -90  48  63   4.688 150.0  30.0   77
 3.750  320.0 -90  48  66   1.563   0.0   0.0  325
 3.750  322.5 -90  48  60   1.563   0.0   0.0  326
 3.750  330.0 -90  48  63   1.563 330.0  30.0  332
 3.750  625.0 -90  48  57  -1.563 150.0  30.0  616
 3.750  627.5 -90  48  57  -1.563 150.0  30.0  619
 3.750  645.0 -90  48  57  -1.563   0.0   0.0  651
 3.750  755.0 -90  48  57  -1.563   0.0   0.0  761
 3.750  757.5 -90  48  57  -1.563   0.0   0.0  762
 3.750 1100.0 -90  48  60  -1.563 150.0  30.0 1090
 3.800  330.0  90  69  78  -1.563   0.0   0.0  334
 3.850  332.5  90  63  78  -1.563   0.0   0.0  337
 3.900  332.5  90  57  75  -1.563   0.0   0.0  338
 3.900  335.0  90  57  75  -1.563   0.0   0.0  338
 3.900  710.0  90  57  66   1.563 330.0  30.0  714
 3.900  712.5  90  57  66   1.563 330.0  30.0  716
 3.900  332.5 -90  57  66   1.563 330.0  30.0  334
 3.950  332.5  90  51  60  -1.563   0.0   0.0  342
 3.950  335.0  90  51  72  -1.563   0.0   0.0  341
 3.950  337.5  90  51  63  -1.563 150.0  30.0  341
 3.950  672.5  90  51  66  -1.563   0.0   0.0  678
 3.950  675.0  90  51  66  -1.563   0.0   0.0  679
 3.950  712.5  90  51  63   1.563 270.0  30.0  720
 3.950  715.0  90  51  66   1.563 330.0  30.0  719
 3.950 1015.0  90  51  60  -1.563   0.0   0.0 1020
 3.950 1017.5  90  51  60  -1.563   0.0   0.0 1020
 3.950  325.0 -90  51  66  -1.563   0.0   0.0  329
 3.950  335.0 -90  51  60   1.563 330.0  30.0  337
 3.950  627.5 -90  51  60  -1.563 150.0  30.0  618
 3.950  657.5 -90  51  66  -1.563   0.0   0.0  663
 3.950  660.0 -90  51  63  -1.563   0.0   0.0  664
 4.000  335.0  90  66  78   1.563   0.0   0.0  339
 4.000  337.5  90  66  78  -1.563   0.0   0.0  341
 4.000 1180.0 -90  60  69   1.563 330.0  30.0 1187
 4.000 1182.5 -90  60  69   1.563 330.0  30.0 1188
 4.050  340.0  90  51  63   1.563   0.0   0.0  343
 4.050  677.5  90  51  63  -1.563   0.0   0.0  682
 4.050  682.5  90  51  63  -1.563   0.0   0.0  687
 4.050  717.5  90  51  69   1.563 270.0  30.0  722
 4.050  720.0  90  51  69  -1.563 270.0  30.0  723
 4.050  252.5 -90  48  57   1.563 330.0  30.0  256
 4.050  255.0 -90  48  57   1.563 330.0  30.0  257
 4.050  325.0 -90  48  57  -1.563   0.0   0.0  332
 4.050  327.5 -90  48  66  -1.563   0.0   0.0  331
 4.050  337.5 -90  48  57  -1.563 330.0  30.0  339
 4.050  552.5 -90  48  60  -1.563   0.0   0.0  558
 4.050  555.0 -90  48  60  -1.563   0.0   0.0  559
 4.050  620.0 -90  48  57   1.563 270.0  30.0  624
 4.050  665.0 -90  48  57  -1.563   0.0   0.0  673
 4.050  667.5 -90  48  60  -1.563   0.0   0.0  671
 4.050  992.5 -90  48  57  -1.563   0.0   0.0  999
 4.050  995.0 -90  48  57  -1.563   0.0   0.0 1001
 4.050 1172.5 -90  48  57   1.563 270.0  30.0 1178
 4.100  337.5  90  54  72  -1.563   0.0   0.0  345
 4.100  340.0  90  54  78  -1.563   0.0   0.0  344
 4.100  342.5  90  54  63  -1.563   0.0   0.0  344
 4.100  627.5  90  54  63  -1.563 150.0  30.0  619
 4.100  720.0  90  54  66   1.563 270.0  30.0  725
 4.100  722.5  90  54  69   1.563 270.0  30.0  725
 4.100  725.0  90  54  63  -1.563 330.0  30.0  729
 4.100  727.5  90  54  63   1.563 330.0  30.0  736
 4.100  730.0  90  54  63   1.563 330.0  30.0  741
 4.100 1270.0  90  54  63  -1.563 270.0  30.0 1275
 4.100 1272.5  90  54  63  -1.563 270.0  30.0 1276
 4.100 1275.0  90  54  63  -1.563 270.0  30.0 1279
 4.100  327.5 -90  60  69  -1.563   0.0   0.0  331
 4.150  340.0  90  57  81  -1.563   0.0   0.0  346
 4.150  342.5  90  57  78  -1.563   0.0   0.0  346
 4.150  722.5  90  57  72  -1.563 330.0  30.0  728
 4.150  725.0  90  57  72   1.563 330.0  30.0  729
 4.150  330.0 -90  57  69  -1.563   0.0   0.0  335
 4.200  340.0  90  57  69  -1.563   0.0   0.0  346
 4.200  342.5  90  57  81  -1.563   0.0   0.0  347
 4.200  345.0  90  57  66  -1.563   0.0   0.0  346
 4.200  627.5  90  57  66  -1.563 150.0  30.0  618
 4.200  687.5  90  57  66  -1.563   0.0   0.0  694
 4.200  692.5  90  57  69  -1.563   0.0   0.0  697
 4.200  725.0  90  57  69  -1.563 270.0  30.0  730
 4.200  727.5  90  57  69  -1.563 270.0  30.0  731
 4.200 1130.0  90  57  66  -1.563 150.0  30.0 1121
 4.200  330.0 -90  57  69  -1.563   0.0   0.0  335
 4.200  667.5 -90  57  66  -1.563   0.0   0.0  674
 4.250  342.5  90  63  78  -1.563   0.0   0.0  348
 4.250  345.0  90  63  78  -1.563   0.0   0.0  348
 4.250  332.5 -90  60  69  -1.563   0.0   0.0  336
 4.250  667.5 -90  60  69   1.563   0.0   0.0  672
 4.300  345.0  90  72  81  -1.563   0.0   0.0  351
 4.350  345.0  90  66  75  -1.563   0.0   0.0  351
 4.350  347.5  90  66  81  -1.563   0.0   0.0  352
 4.400  345.0  90  48  60  -1.563   0.0   0.0  351
 4.400  347.5  90  48  81  -1.563   0.0   0.0  353
 4.400  350.0  90  48  78  -1.563   0.0   0.0  353
 4.400  627.5  90  48  60  -1.563 150.0  30.0  621
 4.400  630.0  90  48  60  -1.563 150.0  30.0  619
 4.400  697.5  90  48  63  -1.563   0.0   0.0  703
 4.400  700.0  90  48  57  -1.563   0.0   0.0  704
 4.400  702.5  90  48  57  -1.563   0.0   0.0  708
 4.400  705.0  90  48  60  -1.563   0.0   0.0  709
 4.400  737.5  90  48  57   1.563 270.0  30.0  742
 4.400  740.0  90  48  66   1.563 270.0  30.0  744
 4.400 1117.5  90  48  57  -1.563   0.0   0.0 1123
 4.400 1145.0  90  48  57  -1.563 150.0  30.0 1137
 4.400  335.0 -90  45  69  -1.563   0.0   0.0  340
 4.400  337.5 -90  45  60   1.563   0.0   0.0  339
 4.400  347.5 -90  45  54  -1.563 150.0  30.0  353
 4.400  467.5 -90  45  60  -1.563 330.0  30.0  476
 4.400  555.0 -90  45  54  -1.563 270.0  30.0  544
 4.400  562.5 -90  45  54   1.563   0.0   0.0  566
 4.400  605.0 -90  45  60  -1.563 330.0  30.0  609
 4.400  627.5 -90  45  57  -1.563 270.0  30.0  619
 4.400  630.0 -90  45  57  -1.563 150.0  30.0  621
 4.400  675.0 -90  45  57  -1.563   0.0   0.0  679
 4.400  677.5 -90  45  63  -1.563   0.0   0.0  683
 4.400  680.0 -90  45  60  -1.563   0.0   0.0  686
 4.400  682.5 -90  45  57  -1.563   0.0   0.0  686
 4.400  800.0 -90  45  54  -1.563   0.0   0.0  804
 4.400  802.5 -90  45  57  -1.563   0.0   0.0  805
 4.400 1020.0 -90  45  54  -1.563   0.0   0.0 1025
 4.400 1127.5 -90  45  57  -1.563 150.0  30.0 1118
 4.400 1200.0 -90  45  54  -1.563 270.0  30.0 1205
 4.450  627.5  90  51  60  -1.563 270.0  30.0  618
 4.450  630.0  90  51  63  -1.563 270.0  30.0  619
 4.450  705.0  90  51  60  -1.563   0.0   0.0  710
 4.450  707.5  90  51  63  -1.563   0.0   0.0  712
 4.450  710.0  90  51  60  -1.563   0.0   0.0  715
 4.450  740.0  90  51  63   1.563 270.0  30.0  744
 4.450  742.5  90  51  66  -1.563 270.0  30.0  747
 4.450  745.0  90  51  63   1.563 330.0  30.0  749
 4.450  747.5  90  51  60   1.563 270.0  30.0  750
 4.450 1060.0  90  51  60  -1.563   0.0   0.0 1066
 4.450 1145.0  90  51  60  -1.563 150.0  30.0 1135
 4.450  335.0 -90  51  63  -1.563   0.0   0.0  341
 4.450  337.5 -90  51  69  -1.563   0.0   0.0  341
 4.450  605.0 -90  51  60   1.563 330.0  30.0  610
 4.450  607.5 -90  51  69   1.563 330.0  30.0  612
 4.450  610.0 -90  51  63  -1.563 330.0  30.0  615
 4.450  677.5 -90  51  63  -1.563   0.0   0.0  684
 4.450  680.0 -90  51  63  -1.563   0.0   0.0  685
 4.450  722.5 -90  51  60   1.563 270.0  30.0  726
 4.450 1020.0 -90  51  60  -1.563   0.0   0.0 1026
 4.500  350.0  90  48  75  -1.563   0.0   0.0  357
 4.500  352.5  90  48  78  -1.563   0.0   0.0  357
 4.500  355.0  90  48  60  -1.563   0.0   0.0  354
 4.500  627.5  90  48  60  -1.563 150.0  30.0  620
 4.500  630.0  90  48  63  -1.563 150.0  30.0  621
 4.500  702.5  90  48  57   1.563   0.0   0.0  706
 4.500  705.0  90  48  60  -1.563   0.0   0.0  711
 4.500  707.5  90  48  60  -1.563   0.0   0.0  710
 4.500  710.0  90  48  60  -1.563   0.0   0.0  714
 4.500  742.5  90  48  60  -1.563 330.0  30.0  749
 4.500  745.0  90  48  66   1.563 270.0  30.0  749
 4.500  747.5  90  48  63   1.563 330.0  30.0  752
 4.500 1145.0  90  48  57  -1.563 150.0  30.0 1136
 4.500 1147.5  90  48  57  -1.563 150.0  30.0 1139
 4.500  335.0 -90  45  54   1.563   0.0   0.0  341
 4.500  337.5 -90  45  69  -1.563   0.0   0.0  343
 4.500  340.0 -90  45  63   1.563   0.0   0.0  343
 4.500  610.0 -90  45  63  -1.563 330.0  30.0  615
 4.500  612.5 -90  45  60  -1.563 330.0  30.0  616
 4.500  680.0 -90  45  60  -1.563   0.0   0.0  684
 4.500  682.5 -90  45  63  -1.563   0.0   0.0  687
 4.500  685.0 -90  45  60  -1.563   0.0   0.0  690
 4.500  687.5 -90  45  60  -1.563   0.0   0.0  691
 4.500  730.0 -90  45  57  -1.563 330.0  30.0  735
 4.500  842.5 -90  45  57  -1.563 150.0  30.0  834
 4.500  845.0 -90  45  54  -1.563 150.0  30.0  834
 4.500  852.5 -90  45  54  -1.563 150.0  30.0  843
 4.500 1022.5 -90  45  57  -1.563   0.0   0.0 1027
 4.500 1130.0 -90  45  60  -1.563 150.0  30.0 1122
 4.500 1132.5 -90  45  60  -1.563 150.0  30.0 1122
 4.500 1212.5 -90  45  54  -1.563 270.0  30.0 1218
 4.550  352.5  90  60  81  -1.563   0.0   0.0  358
 4.550  355.0  90  60  78  -1.563   0.0   0.0  358
 4.550  707.5  90  60  69  -1.563   0.0   0.0  712
 4.550  747.5  90  60  69   1.563 330.0  30.0  752
 4.550  750.0  90  60  72   1.563 330.0  30.0  755
 4.550  752.5  90  60  72  -1.563 330.0  30.0  757
 4.550  340.0 -90  60  72   1.563   0.0   0.0  343
 4.550  610.0 -90  60  69  -1.563 330.0  30.0  614
 4.550  612.5 -90  60  72  -1.563 330.0  30.0  618
 4.600  352.5  90  60  72  -1.563   0.0   0.0  360
 4.600  355.0  90  60  81  -1.563   0.0   0.0  360
 4.600  357.5  90  60  69   1.563   0.0   0.0  360
 4.600  340.0 -90  57  69  -1.563   0.0   0.0  345
 4.600  342.5 -90  57  66  -1.563   0.0   0.0  345
 4.600  615.0 -90  57  69   1.563 330.0  30.0  619
 4.600  687.5 -90  57  69  -1.563   0.0   0.0  692
 4.650  355.0  90  63  75  -1.563   0.0   0.0  361
 4.650  357.5  90  63  81  -1.563   0.0   0.0  361
 4.650  130.0 -90  54  63   4.688 150.0  30.0  125
 4.650  135.0 -90  54  63   4.688 150.0  30.0  131
 4.650  142.5 -90  54  63   4.688 150.0  30.0  140
 4.650  340.0 -90  54  63   1.563   0.0   0.0  345
 4.650  342.5 -90  54  69  -1.563   0.0   0.0  346
 4.650  472.5 -90  54  63   1.563 330.0  30.0  481
 4.650  475.0 -90  54  63   1.563 330.0  30.0  484
 4.650  617.5 -90  54  66   1.563 330.0  30.0  623
 4.650  620.0 -90  54  63   1.563 330.0  30.0  623
 4.650  687.5 -90  54  63  -1.563   0.0   0.0  694
 4.700  302.5  90  48  57   1.563   0.0   0.0  316
 4.700  332.5  90  48  57  -4.688   0.0   0.0  320
 4.700  335.0  90  48  57   4.688   0.0   0.0  346
 4.700  345.0  90  48  57   4.688   0.0   0.0  353
 4.700  347.5  90  48  57   4.688   0.0   0.0  354
 4.700  355.0  90  48  60  -1.563   0.0   0.0  362
 4.700  357.5  90  48  81  -1.563   0.0   0.0  363
 4.700  360.0  90  48  78  -1.563   0.0   0.0  363
 4.700  555.0  90  48  57  -1.563   0.0   0.0  548
 4.700  630.0  90  48  63  -1.563 150.0  30.0  621
 4.700  632.5  90  48  57  -1.563 150.0  30.0  622
 4.700  715.0  90  48  63  -1.563   0.0   0.0  719
 4.700  717.5  90  48  72  -1.563   0.0   0.0  722
 4.700  720.0  90  48  69  -1.563   0.0   0.0  724
 4.700  722.5  90  48  60  -1.563   0.0   0.0  727
 4.700  725.0  90  48  69  -1.563   0.0   0.0  730
 4.700  727.5  90  48  60  -1.563   0.0   0.0  732
 4.700  752.5  90  48  57  -1.563   0.0   0.0  758
 4.700  757.5  90  48  60   1.563 270.0  30.0  761
 4.700  760.0  90  48  60  -1.563 270.0  30.0  764
 4.700 1077.5  90  48  57  -1.563   0.0   0.0 1082
 4.700 1080.0  90  48  57  -1.563   0.0   0.0 1083
 4.700 1082.5  90  48  57  -1.563   0.0   0.0 1086
 4.700  342.5 -90  48  66  -1.563   0.0   0.0  348
 4.700  345.0 -90  48  60  -1.563   0.0   0.0  347
 4.700  475.0 -90  48  57   1.563 330.0  30.0  481
 4.700  585.0 -90  48  57  -1.563   0.0   0.0  590
 4.700  620.0 -90  48  63  -1.563 330.0  30.0  626
 4.700  622.5 -90  48  60  -1.563 330.0  30.0  627
 4.700  630.0 -90  48  57  -1.563 150.0  30.0  620
 4.700  687.5 -90  48  63  -1.563   0.0   0.0  693
 4.700  692.5 -90  48  57  -1.563   0.0   0.0  697
 4.700  695.0 -90  48  60  -1.563   0.0   0.0  700
 4.700  697.5 -90  48  63  -1.563   0.0   0.0  703
 4.700  700.0 -90  48  60  -1.563   0.0   0.0  704
 4.700  732.5 -90  48  57   1.563 270.0  30.0  738
 4.700  735.0 -90  48  63  -1.563 270.0  30.0  739
 4.700  737.5 -90  48  60  -1.563 330.0  30.0  742
 4.750  357.5  90  48  57  -1.563   0.0   0.0  363
 4.750  362.5  90  48  60  -1.563   0.0   0.0  365
 4.750  630.0  90  48  63  -1.563 150.0  30.0  622
 4.750  632.5  90  48  60  -1.563 150.0  30.0  623
 4.750  720.0  90  48  69  -1.563   0.0   0.0  725
 4.750  722.5  90  48  66  -1.563   0.0   0.0  726
 4.750  725.0  90  48  57   1.563   0.0   0.0  730
 4.750  730.0  90  48  66  -1.563   0.0   0.0  735
 4.750  732.5  90  48  63  -1.563   0.0   0.0  737
 4.750  760.0  90  48  60  -1.563 330.0  30.0  767
 4.750  762.5  90  48  63  -1.563 330.0  30.0  767
 4.750  765.0  90  48  63  -1.563 330.0  30.0  771
 4.750  767.5  90  48  60   1.563 330.0  30.0  772
 4.750 1095.0  90  48  57  -1.563   0.0   0.0 1100
 4.750  342.5 -90  48  57  -1.563   0.0   0.0  349
 4.750  345.0 -90  48  66  -1.563   0.0   0.0  349
 4.750  475.0 -90  48  60   1.563 330.0  30.0  483
 4.750  590.0 -90  48  57  -1.563   0.0   0.0  595
 4.750  622.5 -90  48  60  -1.563 330.0  30.0  626
 4.750  630.0 -90  48  57  -1.563 270.0  30.0  620
 4.750  692.5 -90  48  60  -1.563   0.0   0.0  697
 4.750  695.0 -90  48  60  -1.563   0.0   0.0  701
 4.750  697.5 -90  48  66  -1.563   0.0   0.0  703
 4.750  700.0 -90  48  60  -1.563   0.0   0.0  705
 4.750  735.0 -90  48  60   1.563 270.0  30.0  739
 4.750  740.0 -90  48  60   1.563 270.0  30.0  743
 4.750  850.0 -90  48  57  -1.563 150.0  30.0  841
 4.750 1145.0 -90  48  57  -1.563 150.0  30.0 1136
 4.800  360.0  90  51  63  -1.563   0.0   0.0  366
 4.800  365.0  90  51  60  -1.563   0.0   0.0  367
 4.800  630.0  90  51  63  -1.563 150.0  30.0  623
 4.800  632.5  90  51  63  -1.563 150.0  30.0  622
 4.800  722.5  90  51  69  -1.563   0.0   0.0  728
 4.800  725.0  90  51  66  -1.563   0.0   0.0  729
 4.800  727.5  90  51  63  -1.563   0.0   0.0  732
 4.800  730.0  90  51  69  -1.563   0.0   0.0  736
 4.800  732.5  90  51  66  -1.563   0.0   0.0  737
 4.800  735.0  90  51  60  -1.563   0.0   0.0  741
 4.800  767.5  90  51  60  -1.563   0.0   0.0  771
 4.800  772.5  90  51  60  -1.563 330.0  30.0  777
 4.800  860.0  90  51  60  -1.563 150.0  30.0  850
 4.800  345.0 -90  51  63   1.563   0.0   0.0  351
 4.800  347.5 -90  51  63  -1.563   0.0   0.0  351
 4.800  477.5 -90  51  60  -1.563 330.0  30.0  485
 4.800  625.0 -90  51  60  -1.563 270.0  30.0  630
 4.800  630.0 -90  51  63  -1.563 330.0  30.0  634
 4.800  692.5 -90  51  63  -1.563   0.0   0.0  699
 4.800  695.0 -90  51  69  -1.563   0.0   0.0  700
 4.800  697.5 -90  51  63  -1.563   0.0   0.0  705
 4.800  700.0 -90  51  66  -1.563   0.0   0.0  705
 4.800  702.5 -90  51  63  -1.563   0.0   0.0  707
 4.800  737.5 -90  51  60   1.563 270.0  30.0  743
 4.850  360.0  90  48  57  -1.563   0.0   0.0  366
 4.850  362.5  90  48  78  -1.563   0.0   0.0  369
 4.850  365.0  90  48  81  -1.563   0.0   0.0  369
 4.850  367.5  90  48  60  -1.563   0.0   0.0  366
 4.850  630.0  90  48  60  -1.563 270.0  30.0  624
 4.850  632.5  90  48  63  -1.563 150.0  30.0  622
 4.850  725.0  90  48  57  -1.563   0.0   0.0  731
 4.850  727.5  90  48  66  -1.563   0.0   0.0  733
 4.850  730.0  90  48  63  -1.563   0.0   0.0  734
 4.850  735.0  90  48  57  -1.563   0.0   0.0  741
 4.850  737.5  90  48  66  -1.563   0.0   0.0  743
 4.850  740.0  90  48  57  -1.563   0.0   0.0  745
 4.850  770.0  90  48  60  -1.563 270.0  30.0  774
 4.850  772.5  90  48  57   1.563 270.0  30.0  766
 4.850  775.0  90  48  66  -1.563 270.0  30.0  779
 4.850  777.5  90  48  63  -1.563 330.0  30.0  782
 4.850  865.0  90  48  57  -1.563 150.0  30.0  857
 4.850  347.5 -90  48  66  -1.563   0.0   0.0  352
 4.850  630.0 -90  48  63  -1.563 330.0  30.0  633
 4.850  632.5 -90  48  60  -1.563  90.0  30.0  620
 4.850  695.0 -90  48  63  -1.563   0.0   0.0  700
 4.850  697.5 -90  48  63  -1.563   0.0   0.0  702
 4.850  700.0 -90  48  66  -1.563   0.0   0.0  706
 4.850  702.5 -90  48  66  -1.563   0.0   0.0  707
 4.850  742.5 -90  48  57   1.563 330.0  30.0  747
 4.850 1147.5 -90  48  57  -1.563 150.0  30.0 1138
 4.900  365.0  90  60  78  -1.563   0.0   0.0  370
 4.900  367.5  90  60  75  -1.563   0.0   0.0  370
 4.950  367.5  90  66  81  -1.563   0.0   0.0  373
 5.000  367.5  90  57  72  -1.563   0.0   0.0  373
 5.000  370.0  90  57  78  -1.563   0.0   0.0  374
 5.000  372.5  90  57  66  -1.563   0.0   0.0  374
 5.000  740.0  90  57  66  -1.563   0.0   0.0  745
 5.000  350.0 -90  54  63  -1.563   0.0   0.0  357
 5.000  352.5 -90  54  69  -1.563   0.0   0.0  356
 5.000  485.0 -90  54  63  -1.563 330.0  30.0  489
 5.000  705.0 -90  54  66  -1.563   0.0   0.0  711
 5.000  707.5 -90  54  66  -1.563   0.0   0.0  712
 5.000  710.0 -90  54  63  -1.563   0.0   0.0  716
 5.000  712.5 -90  54  66  -1.563   0.0   0.0  718
 5.000  750.0 -90  54  69  -1.563 270.0  30.0  755
 5.000  752.5 -90  54  66   1.563 330.0  30.0  756
 5.050  370.0  90  48  60  -1.563   0.0   0.0  376
 5.050  372.5  90  48  57  -1.563   0.0   0.0  374
 5.050  632.5  90  48  66  -1.563 150.0  30.0  624
 5.050  635.0  90  48  57  -1.563 150.0  30.0  624
 5.050  745.0  90  48  60  -1.563   0.0   0.0  749
 5.050  747.5  90  48  60  -1.563   0.0   0.0  753
 5.050  750.0  90  48  57  -1.563   0.0   0.0  755
 5.050  752.5  90  48  63  -1.563   0.0   0.0  759
 5.050  785.0  90  48  60  -1.563   0.0   0.0  791
 5.050  787.5  90  48  57   1.563 270.0  30.0  789
 5.050  790.0  90  48  57  -1.563   0.0   0.0  793
 5.050  792.5  90  48  57  -1.563   0.0   0.0  797
 5.050  867.5  90  48  57  -1.563 150.0  30.0  858
 5.050  872.5  90  48  57  -1.563 150.0  30.0  867
 5.050 1177.5  90  48  57  -1.563 150.0  30.0 1170
 5.050  352.5 -90  45  66   1.563   0.0   0.0  358
 5.050  355.0 -90  45  66  -1.563   0.0   0.0  358
 5.050  485.0 -90  45  63   1.563 330.0  30.0  492
 5.050  487.5 -90  45  60  -1.563 330.0  30.0  493
 5.050  630.0 -90  45  54  -1.563 150.0  30.0  621
 5.050  632.5 -90  45  66  -1.563 150.0  30.0  623
 5.050  710.0 -90  45  54  -1.563   0.0   0.0  719
 5.050  712.5 -90  45  60  -1.563   0.0   0.0  718
 5.050  715.0 -90  45  63  -1.563   0.0   0.0  720
 5.050  730.0 -90  45  54  -1.563 270.0  30.0  722
 5.050  752.5 -90  45  63   1.563 270.0  30.0  757
 5.050  755.0 -90  45  63   1.563 270.0  30.0  758
 5.050  857.5 -90  45  57  -1.563 150.0  30.0  849
 5.050  860.0 -90  45  54  -1.563 150.0  30.0  853
 5.050 1065.0 -90  45  54  -1.563   0.0   0.0 1069
 5.050 1067.5 -90  45  54  -1.563   0.0   0.0 1073
 5.100  372.5  90  48  75  -1.563   0.0   0.0  378
 5.100  375.0  90  48  75  -1.563   0.0   0.0  379
 5.100  377.5  90  48  57  -1.563   0.0   0.0  383
 5.100  632.5  90  48  66  -1.563 150.0  30.0  624
 5.100  635.0  90  48  57  -1.563 150.0  30.0  624
 5.100  745.0  90  48  57  -1.563   0.0   0.0  751
 5.100  747.5  90  48  63  -1.563   0.0   0.0  752
 5.100  755.0  90  48  60  -1.563   0.0   0.0  761
 5.100  757.5  90  48  63  -1.563   0.0   0.0  763
 5.100  760.0  90  48  60  -1.563   0.0   0.0  764
 5.100  785.0  90  48  57   1.563   0.0   0.0  792
 5.100  787.5  90  48  57   1.563 270.0  30.0  792
 5.100  792.5  90  48  63  -1.563 270.0  30.0  797
 5.100  795.0  90  48  60  -1.563 270.0  30.0  800
 5.100  797.5  90  48  63  -1.563 330.0  30.0  802
 5.100  355.0 -90  48  69  -1.563   0.0   0.0  360
 5.100  357.5 -90  48  60  -1.563   0.0   0.0  360
 5.100  632.5 -90  48  63  -1.563 150.0  30.0  623
 5.100  710.0 -90  48  63  -1.563   0.0   0.0  715
 5.100  712.5 -90  48  63  -1.563   0.0   0.0  717
 5.100  717.5 -90  48  63  -1.563   0.0   0.0  722
 5.100  755.0 -90  48  69   1.563 270.0  30.0  759
 5.100  757.5 -90  48  69   1.563 270.0  30.0  760
 5.100  760.0 -90  48  57   1.563 330.0  30.0  764
 5.150  375.0  90  51  75  -1.563   0.0   0.0  380
 5.150  377.5  90  51  75  -1.563   0.0   0.0  381
 5.150  632.5  90  51  66  -1.563 270.0  30.0  624
 5.150  635.0  90  51  63  -1.563 150.0  30.0  622
 5.150  752.5  90  51  63  -1.563   0.0   0.0  757
 5.150  755.0  90  51  60  -1.563   0.0   0.0  761
 5.150  762.5  90  51  63  -1.563   0.0   0.0  768
 5.150  765.0  90  51  60  -1.563   0.0   0.0  770
 5.150  790.0  90  51  60  -1.563   0.0   0.0  794
 5.150  797.5  90  51  63   1.563 270.0  30.0  802
 5.150  800.0  90  51  63  -1.563 270.0  30.0  803
 5.150  805.0  90  51  60  -1.563 330.0  30.0  809
 5.150   80.0 -90  54  63  -4.688 270.0  30.0   92
 5.150  355.0 -90  54  66  -1.563   0.0   0.0  360
 5.150  357.5 -90  54  69  -1.563   0.0   0.0  361
 5.150  632.5 -90  54  63  -1.563 150.0  30.0  625
 5.200  377.5  90  57  78  -1.563   0.0   0.0  383
 5.200  380.0  90  57  75  -1.563   0.0   0.0  383
 5.200  632.5  90  57  66  -1.563 150.0  30.0  623
 5.200  635.0  90  57  66  -1.563 270.0  30.0  627
 5.200  357.5 -90  60  72  -1.563   0.0   0.0  363
 5.250  377.5  90  57  66  -1.563   0.0   0.0  384
 5.250  380.0  90  57  78  -1.563   0.0   0.0  385
 5.250  382.5  90  57  75  -1.563   0.0   0.0  385
 5.250  632.5  90  57  66  -1.563 150.0  30.0  624
 5.250  635.0  90  57  66  -1.563  90.0  30.0  625
 5.250  360.0 -90  57  69  -1.563   0.0   0.0  364
 5.250  765.0 -90  57  69  -1.563 270.0  30.0  768
 5.300  382.5  90  54  72  -1.563   0.0   0.0  387
 5.300  385.0  90  54  69  -1.563   0.0   0.0  388
 5.300  635.0  90  54  66  -1.563 150.0  30.0  625
 5.300  807.5  90  54  66   1.563 270.0  30.0  812
 5.300  360.0 -90  54  63  -1.563   0.0   0.0  366
 5.300  362.5 -90  54  69  -1.563   0.0   0.0  367
 5.300  725.0 -90  54  66  -1.563   0.0   0.0  730
 5.300  730.0 -90  54  66  -1.563   0.0   0.0  735
 5.300  770.0 -90  54  72   1.563 330.0  30.0  775
 5.300  772.5 -90  54  69   1.563 330.0  30.0  776
 5.350  382.5  90  48  60   1.563   0.0   0.0  392
 5.350  385.0  90  48  63  -1.563  30.0  30.0  390
 5.350  387.5  90  48  63  -1.563   0.0   0.0  390
 5.350  632.5  90  48  60  -1.563 270.0  30.0  625
 5.350  635.0  90  48  66  -1.563 150.0  30.0  626
 5.350  765.0  90  48  57   1.563 150.0  30.0  773
 5.350  767.5  90  48  57   1.563 210.0  30.0  775
 5.350  770.0  90  48  57   1.563   0.0   0.0  776
 5.350  775.0  90  48  57  -1.563   0.0   0.0  779
 5.350  777.5  90  48  57  -1.563   0.0   0.0  783
 5.350  782.5  90  48  60  -1.563   0.0   0.0  786
 5.350  807.5  90  48  60  -1.563   0.0   0.0  812
 5.350  810.0  90  48  57   1.563 270.0  30.0  812
 5.350  812.5  90  48  60  -1.563 270.0  30.0  816
 5.350  817.5  90  48  60   1.563 270.0  30.0  820
 5.350 1247.5  90  48  57   1.563 210.0  30.0 1240
 5.350  362.5 -90  51  69  -1.563   0.0   0.0  368
 5.350  365.0 -90  51  66  -1.563   0.0   0.0  368
 5.350  732.5 -90  51  60  -1.563   0.0   0.0  738
 5.350  735.0 -90  51  60  -1.563   0.0   0.0  740
 5.350  772.5 -90  51  69  -1.563 330.0  30.0  777
 5.350  775.0 -90  51  72   1.563 330.0  30.0  780
 5.400  385.0  90  48  57   1.563   0.0   0.0  399
 5.400  387.5  90  48  60  -1.563   0.0   0.0  391
 5.400  390.0  90  48  60  -1.563   0.0   0.0  392
 5.400  632.5  90  48  57  -1.563 270.0  30.0  626
 5.400  635.0  90  48  66  -1.563 270.0  30.0  626
 5.400  775.0  90  48  60  -1.563   0.0   0.0  779
 5.400  777.5  90  48  60  -1.563   0.0   0.0  782
 5.400  812.5  90  48  57  -1.563 270.0  30.0  817
 5.400  815.0  90  48  57  -1.563   0.0   0.0  821
 5.400  817.5  90  48  63  -1.563 270.0  30.0  822
 5.400  820.0  90  48  60  -1.563 270.0  30.0  824
 5.400  877.5  90  48  57  -1.563 150.0  30.0  868
 5.400  880.0  90  48  57  -1.563 150.0  30.0  872
 5.400 1102.5  90  48  57   4.688 150.0  30.0 1107
 5.400  362.5 -90  51  60  -1.563   0.0   0.0  370
 5.400  365.0 -90  51  72  -1.563   0.0   0.0  370
 5.400  367.5 -90  51  60  -1.563   0.0   0.0  369
 5.400  635.0 -90  51  60  -1.563   0.0   0.0  626
 5.400  730.0 -90  51  60  -1.563   0.0   0.0  735
 5.400  732.5 -90  51  60  -1.563   0.0   0.0  737
 5.400  775.0 -90  51  63   1.563 270.0  30.0  779
 5.400  777.5 -90  51  69   1.563 270.0  30.0  780
 5.400  780.0 -90  51  60   1.563 270.0  30.0  782
 5.450  387.5  90  54  63   1.563   0.0   0.0  394
 5.450  390.0  90  54  75  -1.563   0.0   0.0  395
 5.450  392.5  90  54  69  -1.563   0.0   0.0  395
 5.450  635.0  90  54  66  -1.563 150.0  30.0  625
 5.450  820.0  90  54  63  -1.563   0.0   0.0  824
 5.450  365.0 -90  51  66  -1.563   0.0   0.0  371
 5.450  367.5 -90  51  72  -1.563   0.0   0.0  372
 5.450  635.0 -90  51  63  -1.563   0.0   0.0  625
 5.450  742.5 -90  51  60  -1.563   0.0   0.0  749
 5.450  745.0 -90  51  60  -1.563   0.0   0.0  749
 5.450  777.5 -90  51  60  -1.563 270.0  30.0  782
 5.450  780.0 -90  51  66   1.563 330.0  30.0  784
 5.500  390.0  90  48  57   1.563   0.0   0.0  401
 5.500  392.5  90  48  66   1.563 210.0  30.0  397
 5.500  395.0  90  48  63  -1.563   0.0   0.0  397
 5.500  635.0  90  48  60  -1.563 150.0  30.0  627
 5.500  637.5  90  48  57  -1.563 150.0  30.0  627
 5.500  782.5  90  48  57  -1.563   0.0   0.0  787
 5.500  785.0  90  48  63  -1.563   0.0   0.0  790
 5.500  825.0  90  48  57  -1.563   0.0   0.0  831
 5.500  832.5  90  48  57  -1.563   0.0   0.0  838
 5.500  887.5  90  48  57   1.563 150.0  30.0  880
 5.500  992.5  90  48  57   1.563  90.0  30.0  993
 5.500 1095.0  90  48  57  -1.563 150.0  30.0 1087
 5.500  367.5 -90  48  69  -1.563   0.0   0.0  373
 5.500  370.0 -90  48  69  -1.563   0.0   0.0  373
 5.500  632.5 -90  48  57  -1.563 150.0  30.0  624
 5.500  635.0 -90  48  66  -1.563 150.0  30.0  627
 5.500  735.0 -90  48  57  -1.563   0.0   0.0  740
 5.500  740.0 -90  48  60  -1.563   0.0   0.0  745
 5.500  742.5 -90  48  57  -1.563   0.0   0.0  746
 5.500  745.0 -90  48  63  -1.563   0.0   0.0  750
 5.500  747.5 -90  48  63  -1.563   0.0   0.0  752
 5.500  780.0 -90  48  60  -1.563 330.0  30.0  785
 5.500  782.5 -90  48  66  -1.563 330.0  30.0  786
 5.500  785.0 -90  48  66   1.563 270.0  30.0  789
 5.500  787.5 -90  48  60  -1.563 330.0  30.0  788
 5.500 1037.5 -90  48  57   1.563 150.0  30.0 1045
 5.500 1057.5 -90  48  57   1.563 150.0  30.0 1069
 5.500 1102.5 -90  48  57   1.563 150.0  30.0 1107
 5.500 1177.5 -90  48  57  -1.563 150.0  30.0 1173
 5.500 1197.5 -90  48  57  -1.563 150.0  30.0 1197
 5.550  392.5  90  48  60  -1.563   0.0   0.0  399
 5.550  395.0  90  48  72  -1.563   0.0   0.0  400
 5.550  397.5  90  48  72  -1.563   0.0   0.0  401
 5.550  635.0  90  48  63  -1.563 270.0  30.0  627
 5.550  637.5  90  48  60  -1.563 150.0  30.0  627
 5.550  787.5  90  48  60  -1.563   0.0   0.0  793
 5.550  790.0  90  48  60  -1.563   0.0   0.0  794
 5.550  792.5  90  48  60  -1.563   0.0   0.0  797
 5.550  795.0  90  48  57  -1.563   0.0   0.0  799
 5.550  800.0  90  48  57  -1.563   0.0   0.0  806
 5.550  805.0  90  48  57  -1.563   0.0   0.0  811
 5.550  835.0  90  48  57  -1.563   0.0   0.0  840
 5.550  837.5  90  48  57  -1.563 270.0  30.0  841
 5.550  855.0  90  48  57   1.563 150.0  30.0  840
 5.550  890.0  90  48  57  -1.563 150.0  30.0  887
 5.550 1040.0  90  48  57  -4.688 150.0  30.0 1040
 5.550 1100.0  90  48  57   4.688 150.0  30.0 1090
 5.550 1147.5  90  48  57  -1.563 150.0  30.0 1142
 5.550 1230.0  90  48  57  -1.563 150.0  30.0 1233
 5.550 1235.0  90  48  57  -1.563 150.0  30.0 1225
 5.550  370.0 -90  48  72  -1.563   0.0   0.0  375
 5.550  372.5 -90  48  66  -1.563   0.0   0.0  375
 5.550  635.0 -90  48  66  -1.563 150.0  30.0  627
 5.550  737.5 -90  48  57  -1.563   0.0   0.0  740
 5.550  747.5 -90  48  57  -1.563   0.0   0.0  753
 5.550  752.5 -90  48  57  -1.563   0.0   0.0  758
 5.550  785.0 -90  48  63   1.563 270.0  30.0  791
 5.550  787.5 -90  48  69  -1.563 270.0  30.0  792
 5.550  790.0 -90  48  72  -1.563 330.0  30.0  794
 5.550  792.5 -90  48  57   1.563 330.0  30.0  797
 5.550  872.5 -90  48  57  -1.563 150.0  30.0  867
 5.550 1045.0 -90  48  57  -1.563 150.0  30.0 1042
 5.600  397.5  90  48  69  -1.563   0.0   0.0  403
 5.600  400.0  90  48  69  -1.563   0.0   0.0  404
 5.600  402.5  90  48  57  -1.563   0.0   0.0  403
 5.600  635.0  90  48  60  -1.563  90.0  30.0  629
 5.600  637.5  90  48  60  -1.563 270.0  30.0  627
 5.600  795.0  90  48  60  -1.563   0.0   0.0  801
 5.600  797.5  90  48  57  -1.563   0.0   0.0  801
 5.600  887.5  90  48  57  -1.563 150.0  30.0  883
 5.600  370.0 -90  48  60  -1.563   0.0   0.0  376
 5.600  372.5 -90  48  69  -1.563   0.0   0.0  377
 5.600  375.0 -90  48  57   1.563   0.0   0.0  377
 5.600  635.0 -90  48  63  -1.563  90.0  30.0  628
 5.600  637.5 -90  48  57  -4.688   0.0   0.0  628
 5.600  752.5 -90  48  63  -1.563   0.0   0.0  758
 5.600  755.0 -90  48  60  -1.563   0.0   0.0  759
 5.600  790.0 -90  48  63   1.563 330.0  30.0  794
 5.600  792.5 -90  48  63   1.563 270.0  30.0  797
 5.600  795.0 -90  48  57   1.563 270.0  30.0  797
 5.650  400.0  90  45  60  -1.563   0.0   0.0  405
 5.650  402.5  90  45  63  -1.563   0.0   0.0  405
 5.650  405.0  90  45  54   1.563   0.0   0.0  412
 5.650  635.0  90  45  54  -1.563   0.0   0.0  628
 5.650  637.5  90  45  57  -1.563 150.0  30.0  629
 5.650  795.0  90  45  54  -1.563 150.0  30.0  800
 5.650  800.0  90  45  63  -1.563   0.0   0.0  805
 5.650  802.5  90  45  63  -1.563   0.0   0.0  807
 5.650  805.0  90  45  57  -1.563   0.0   0.0  810
 5.650  817.5  90  45  54  -1.563   0.0   0.0  822
 5.650  847.5  90  45  57   1.563 270.0  30.0  852
 5.650  850.0  90  45  57  -1.563 270.0  30.0  853
 5.650  887.5  90  45  54  -1.563 150.0  30.0  882
 5.650  890.0  90  45  57  -1.563 150.0  30.0  882
 5.650 1075.0  90  45  54   4.688 150.0  30.0 1089
 5.650 1175.0  90  45  54  -1.563 150.0  30.0 1165
 5.650 1215.0  90  45  54   4.688 150.0  30.0 1215
 5.650  372.5 -90  48  63  -1.563   0.0   0.0  379
 5.650  375.0 -90  48  69  -1.563   0.0   0.0  379
 5.650  635.0 -90  48  63  -1.563 270.0  30.0  628
 5.650  637.5 -90  48  60  -1.563  90.0  30.0  628
 5.650  745.0 -90  48  57  -1.563   0.0   0.0  751
 5.650  747.5 -90  48  63  -1.563   0.0   0.0  753
 5.650  750.0 -90  48  63  -1.563   0.0   0.0  754
 5.650  755.0 -90  48  57  -1.563   0.0   0.0  762
 5.650  792.5 -90  48  57  -1.563 330.0  30.0  798
 5.650  795.0 -90  48  60   1.563 270.0  30.0  799
 5.650  797.5 -90  48  57   1.563 270.0  30.0  800
 5.700  402.5  90  48  60  -1.563   0.0   0.0  410
 5.700  405.0  90  48  69  -1.563   0.0   0.0  410
 5.700  407.5  90  48  60   1.563   0.0   0.0  409
 5.700  637.5  90  48  57  -1.563 150.0  30.0  628
 5.700  807.5  90  48  60  -1.563   0.0   0.0  811
 5.700  820.0  90  48  57  -1.563   0.0   0.0  826
 5.700  847.5  90  48  57  -1.563 270.0  30.0  852
 5.700  375.0 -90  48  69  -1.563   0.0   0.0  381
 5.700  377.5 -90  48  69  -1.563   0.0   0.0  381
 5.700  635.0 -90  48  63  -1.563  90.0  30.0  627
 5.700  637.5 -90  48  60  -1.563  90.0  30.0  628
 5.700  750.0 -90  48  60  -1.563   0.0   0.0  755
 5.700  752.5 -90  48  60  -1.563   0.0   0.0  757
 5.700  800.0 -90  48  60  -1.563 330.0  30.0  806
 5.700  802.5 -90  48  63  -1.563 330.0  30.0  807
 5.700  805.0 -90  48  60   1.563 270.0  30.0  809
 5.700 1195.0 -90  48  57  -1.563 150.0  30.0 1190
 5.800  380.0 -90  60  75  -1.563   0.0   0.0  385
 5.850  415.0  90  60  69  -1.563   0.0   0.0  421
 5.850  382.5 -90  63  75  -1.563   0.0   0.0  387
 5.900  417.5  90  51  69  -1.563   0.0   0.0  423
 5.900  420.0  90  51  69  -1.563   0.0   0.0  424
 5.900  637.5  90  51  63  -1.563  90.0  30.0  628
 5.900  382.5 -90  54  69  -1.563   0.0   0.0  389
 5.900  385.0 -90  54  75  -1.563   0.0   0.0  389
 5.900  637.5 -90  54  69  -1.563 150.0  30.0  629
 5.900  780.0 -90  54  63  -1.563   0.0   0.0  786
 5.900  817.5 -90  54  66  -1.563 330.0  30.0  823
 5.900  820.0 -90  54  63   1.563 150.0  30.0  826
 5.900  822.5 -90  54  63  -1.563 330.0  30.0  827
 5.900  825.0 -90  54  63   1.563 330.0  30.0  828
 5.900  827.5 -90  54  63   1.563 330.0  30.0  832
 5.950  422.5  90  54  69  -1.563   0.0   0.0  428
 5.950  425.0  90  54  66  -1.563   0.0   0.0  429
 5.950  385.0 -90  51  69  -1.563   0.0   0.0  390
 5.950  387.5 -90  51  72  -1.563   0.0   0.0  392
 5.950  637.5 -90  51  63  -1.563  30.0  30.0  630
 5.950  782.5 -90  51  60  -1.563   0.0   0.0  788
 5.950  785.0 -90  51  60  -1.563   0.0   0.0  790
 5.950  822.5 -90  51  63  -1.563 330.0  30.0  826
 5.950  830.0 -90  51  63  -1.563 330.0  30.0  835
 5.950  832.5 -90  51  63  -1.563 330.0  30.0  837
 5.950  835.0 -90  51  60  -1.563 330.0  30.0  837
 6.000  110.0  90  48  57   4.688 150.0  30.0  113
 6.000  425.0  90  48  66  -1.563   0.0   0.0  431
 6.000  427.5  90  48  72  -1.563   0.0   0.0  432
 6.000  430.0  90  48  63  -1.563   0.0   0.0  434
 6.000  450.0  90  48  57  -1.563 330.0  30.0  454
 6.000  637.5  90  48  57  -1.563  90.0  30.0  631
 6.000  640.0  90  48  60  -1.563 150.0  30.0  631
 6.000  850.0  90  48  57  -1.563   0.0   0.0  855
 6.000  852.5  90  48  60  -1.563   0.0   0.0  857
 6.000  855.0  90  48  57  -1.563   0.0   0.0  859
 6.000  902.5  90  48  57  -1.563 150.0  30.0  897
 6.000  905.0  90  48  57  -1.563 150.0  30.0  899
 6.000 1255.0  90  48  57  -4.688 150.0  30.0 1248
 6.000 1257.5  90  48  57  -1.563 150.0  30.0 1253
 6.000  387.5 -90  48  69  -1.563   0.0   0.0  394
 6.000  390.0 -90  48  72  -1.563   0.0   0.0  394
 6.000  637.5 -90  48  66  -1.563  30.0  30.0  629
 6.000  640.0 -90  48  60  -1.563  90.0  30.0  630
 6.000  775.0 -90  48  57  -1.563   0.0   0.0  783
 6.050  430.0  90  51  69  -1.563   0.0   0.0  436
 6.050  432.5  90  51  72  -1.563   0.0   0.0  436
 6.050  435.0  90  51  60   1.563   0.0   0.0  438
 6.050  447.5  90  51  60  -1.563 330.0  30.0  453
 6.050  637.5  90  51  60  -1.563 150.0  30.0  627
 6.050  640.0  90  51  63  -1.563 150.0  30.0  633
 6.050 1260.0  90  51  60  -1.563 150.0  30.0 1256
 6.050  390.0 -90  51  69  -1.563   0.0   0.0  395
 6.050  392.5 -90  51  72  -1.563   0.0   0.0  396
 6.050  637.5 -90  51  66  -1.563  30.0  30.0  629
 6.050  640.0 -90  51  60  -1.563  30.0  30.0  631
 6.050  777.5 -90  51  60  -1.563   0.0   0.0  782
 6.100  432.5  90  51  60  -1.563   0.0   0.0  441
 6.100  435.0  90  51  69  -1.563   0.0   0.0  440
 6.100  437.5  90  51  69  -1.563   0.0   0.0  442
 6.100  440.0  90  51  60  -1.563   0.0   0.0  442
 6.100  392.5 -90  51  72  -1.563   0.0   0.0  398
 6.100  395.0 -90  51  72  -1.563   0.0   0.0  399
 6.100  637.5 -90  51  63  -1.563  30.0  30.0  630
 6.100  640.0 -90  51  60  -1.563  30.0  30.0  630
 6.100  800.0 -90  51  60  -1.563   0.0   0.0  806
 6.150  437.5  90  51  60  -1.563   0.0   0.0  439
 6.150  440.0  90  51  69  -1.563   0.0   0.0  444
 6.150  442.5  90  51  66  -1.563   0.0   0.0  447
 6.150  465.0  90  51  60  -1.563 330.0  30.0  468
 6.150  640.0  90  51  60  -1.563  30.0  30.0  632
 6.150  875.0  90  51  60  -1.563   0.0   0.0  878
 6.150  395.0 -90  51  69  -1.563   0.0   0.0  400
 6.150  397.5 -90  51  69  -1.563   0.0   0.0  401
 6.150  637.5 -90  51  63  -1.563  90.0  30.0  631
 6.150  640.0 -90  51  63  -1.563  90.0  30.0  630
 6.150  790.0 -90  51  63   1.563   0.0   0.0  794
 6.150  805.0 -90  51  60  -1.563   0.0   0.0  809
 6.150  842.5 -90  51  60   1.563 270.0  30.0  847
 6.200  445.0  90  54  66  -1.563   0.0   0.0  451
 6.200  447.5  90  54  69  -1.563   0.0   0.0  452
 6.200  397.5 -90  51  69  -1.563   0.0   0.0  403
 6.200  400.0 -90  51  72  -1.563   0.0   0.0  404
 6.200  637.5 -90  51  60  -1.563  30.0  30.0  632
 6.200  640.0 -90  51  60  -1.563  30.0  30.0  629
 6.250  452.5  90  57  66  -1.563   0.0   0.0  457
 6.250  400.0 -90  57  72  -1.563   0.0   0.0  405
 6.250  402.5 -90  57  75  -1.563   0.0   0.0  406
 6.300  455.0  90  48  60  -1.563   0.0   0.0  461
 6.300  457.5  90  48  66  -1.563   0.0   0.0  462
 6.300  460.0  90  48  69  -1.563   0.0   0.0  464
 6.300  462.5  90  48  57   1.563   0.0   0.0  467
 6.300  402.5 -90  57  69  -1.563   0.0   0.0  409
 6.300  405.0 -90  57  75  -1.563   0.0   0.0  409
 6.350  465.0  90  57  69  -1.563   0.0   0.0  470
 6.350  467.5  90  57  69  -1.563   0.0   0.0  472
 6.350  407.5 -90  69  78  -1.563   0.0   0.0  413
 6.400  472.5  90  60  69  -1.563   0.0   0.0  478
 6.400  475.0  90  60  69  -1.563   0.0   0.0  480
 6.400  135.0 -90  60  69  -4.688 210.0  30.0  123
 6.400  140.0 -90  60  69  -4.688 210.0  30.0  129
 6.400  152.5 -90  60  69  -4.688 210.0  30.0  146
 6.400  165.0 -90  60  69  -4.688 210.0  30.0  152
 6.400  410.0 -90  60  75  -1.563   0.0   0.0  415
 6.400  412.5 -90  60  69  -1.563   0.0   0.0  416
 6.450  412.5 -90  63  75  -1.563   0.0   0.0  417
 6.450  415.0 -90  63  72  -1.563   0.0   0.0  420
 6.500  490.0  90  54  66  -1.563   0.0   0.0  494
 6.500  415.0 -90  60  69   1.563   0.0   0.0  420
 6.500  417.5 -90  60  75  -1.563   0.0   0.0  421
 6.550  485.0  90  42  51  -1.563   0.0   0.0  491
 6.550  487.5  90  42  51  -1.563 330.0  30.0  488
 6.550  495.0  90  42  57  -1.563   0.0   0.0  499
 6.550  497.5  90  42  60  -1.563   0.0   0.0  502
 6.550  500.0  90  42  60  -1.563   0.0   0.0  505
 6.550  502.5  90  42  57  -1.563   0.0   0.0  507
 6.550  505.0  90  42  54  -1.563   0.0   0.0  510
 6.550  642.5  90  42  51  -1.563  30.0  30.0  634
 6.550  937.5  90  42  54  -1.563 150.0  30.0  930
 6.550  985.0  90  42  51  -1.563   0.0   0.0  992
 6.550  987.5  90  42  51  -1.563   0.0   0.0  992
 6.550  990.0  90  42  54  -1.563   0.0   0.0  996
 6.550  992.5  90  42  57  -1.563   0.0   0.0  997
 6.550  995.0  90  42  57  -1.563   0.0   0.0 1000
 6.550  997.5  90  42  54  -1.563   0.0   0.0 1002
 6.550 1000.0  90  42  51  -1.563   0.0   0.0 1003
 6.550  417.5 -90  48  60   1.563   0.0   0.0  427
 6.550  420.0 -90  48  69  -1.563   0.0   0.0  423
 6.550  422.5 -90  48  63  -1.563   0.0   0.0  424
 6.550  640.0 -90  48  60  -1.563  30.0  30.0  634
 6.550  642.5 -90  48  63  -1.563  30.0  30.0  634
 6.550  837.5 -90  48  63  -1.563   0.0   0.0  842
 6.550  840.0 -90  48  60  -1.563   0.0   0.0  843
 6.550  852.5 -90  48  57  -1.563   0.0   0.0  859
 6.600  500.0  90  42  51   1.563 330.0  30.0  508
 6.600  502.5  90  42  51   1.563   0.0   0.0  508
 6.600  507.5  90  42  54  -1.563   0.0   0.0  514
 6.600  510.0  90  42  57  -1.563   0.0   0.0  513
 6.600  512.5  90  42  57  -1.563   0.0   0.0  518
 6.600  515.0  90  42  57  -1.563   0.0   0.0  521
 6.600  517.5  90  42  57  -1.563   0.0   0.0  522
 6.600  520.0  90  42  51  -1.563   0.0   0.0  524
 6.600  522.5  90  42  51  -1.563 330.0  30.0  519
 6.600  642.5  90  42  51  -1.563  30.0  30.0  635
 6.600  937.5  90  42  51  -1.563 150.0  30.0  930
 6.600 1000.0  90  42  51  -1.563   0.0   0.0 1003
 6.600 1015.0  90  42  51  -1.563   0.0   0.0 1020
 6.600 1017.5  90  42  51  -1.563   0.0   0.0 1021
 6.600  420.0 -90  42  54  -1.563   0.0   0.0  428
 6.600  422.5 -90  42  66  -1.563   0.0   0.0  428
 6.600  425.0 -90  42  66  -1.563   0.0   0.0  430
 6.600  427.5 -90  42  51  -1.563   0.0   0.0  429
 6.600  475.0 -90  42  51   1.563 270.0  30.0  478
 6.600  640.0 -90  42  57  -1.563  30.0  30.0  634
 6.600  642.5 -90  42  63  -1.563  30.0  30.0  633
 6.600  842.5 -90  42  54  -1.563   0.0   0.0  849
 6.600  845.0 -90  42  60  -1.563   0.0   0.0  849
 6.600  847.5 -90  42  54  -1.563   0.0   0.0  853
 6.600  850.0 -90  42  54  -1.563   0.0   0.0  853
 6.600  860.0 -90  42  51  -1.563   0.0   0.0  865
 6.600  862.5 -90  42  54  -1.563   0.0   0.0  868
 6.600  925.0 -90  42  54  -1.563 270.0  30.0  931
 6.600  927.5 -90  42  54  -1.563 330.0  30.0  929
 6.650  520.0  90  42  54  -1.563   0.0   0.0  526
 6.650  522.5  90  42  54  -1.563   0.0   0.0  528
 6.650  525.0  90  42  57  -1.563   0.0   0.0  529
 6.650  527.5  90  42  57  -1.563   0.0   0.0  531
 6.650  530.0  90  42  54  -1.563   0.0   0.0  534
 6.650  532.5  90  42  51  -1.563   0.0   0.0  537
 6.650  642.5  90  42  54  -1.563  30.0  30.0  633
 6.650  937.5  90  42  51  -1.563 150.0  30.0  930
 6.650 1032.5  90  42  51  -1.563   0.0   0.0 1039
 6.650  425.0 -90  42  57   1.563   0.0   0.0  432
 6.650  427.5 -90  42  63  -1.563   0.0   0.0  431
 6.650  430.0 -90  42  57  -1.563   0.0   0.0  432
 6.650  640.0 -90  42  54  -1.563  30.0  30.0  634
 6.650  642.5 -90  42  66  -1.563  30.0  30.0  634
 6.650  847.5 -90  42  51  -1.563   0.0   0.0  852
 6.650  850.0 -90  42  54  -1.563   0.0   0.0  856
 6.650  852.5 -90  42  54  -1.563   0.0   0.0  858
 6.650  855.0 -90  42  54  -1.563   0.0   0.0  860
 6.650  910.0 -90  42  51  -1.563 270.0  30.0  914
 6.650 1275.0 -90  42  51  -1.563 150.0  30.0 1267
 6.650 1277.5 -90  42  51  -1.563 150.0  30.0 1270
 6.700  535.0  90  42  51  -1.563   0.0   0.0  539
 6.700  537.5  90  42  51  -1.563 330.0  30.0  536
 6.700  540.0  90  42  57  -1.563   0.0   0.0  545
 6.700  542.5  90  42  54  -1.563   0.0   0.0  547
 6.700  545.0  90  42  57  -1.563   0.0   0.0  550
 6.700  547.5  90  42  54  -1.563   0.0   0.0  552
 6.700  550.0  90  42  51  -1.563   0.0   0.0  555
 6.700  642.5  90  42  54  -1.563  30.0  30.0  634
 6.700 1060.0  90  42  51  -1.563   0.0   0.0 1066
 6.700 1062.5  90  42  51  -1.563   0.0   0.0 1066
 6.700 1065.0  90  42  51  -1.563   0.0   0.0 1068
 6.700 1067.5  90  42  51  -1.563   0.0   0.0 1074
 6.700  430.0 -90  42  60  -1.563   0.0   0.0  435
 6.700  432.5 -90  42  66  -1.563   0.0   0.0  437
 6.700  435.0 -90  42  57  -1.563   0.0   0.0  437
 6.700  640.0 -90  42  51  -1.563  30.0  30.0  636
 6.700  642.5 -90  42  66  -1.563  30.0  30.0  634
 6.700  645.0 -90  42  51  -1.563  30.0  30.0  632
 6.700  862.5 -90  42  57  -1.563   0.0   0.0  867
 6.700  865.0 -90  42  54  -1.563   0.0   0.0  869
 6.700  877.5 -90  42  51  -1.563   0.0   0.0  881
 6.700  920.0 -90  42  51  -1.563 270.0  30.0  927
 6.700  922.5 -90  42  51  -1.563 270.0  30.0  926
 6.700 1280.0 -90  42  51  -4.688 150.0  30.0 1272
 6.750   90.0  90  57  66   4.688 330.0  30.0  100
 6.750  167.5 -90  60  69  -4.688 150.0  30.0  178
 6.750  435.0 -90  60  69  -1.563   0.0   0.0  441
 6.750  437.5 -90  60  69  -1.563   0.0   0.0  442
 6.800  440.0 -90  60  69  -1.563   0.0   0.0  444
 6.800  442.5 -90  60  69  -1.563   0.0   0.0  446
 6.850  642.5  90  42  51  -1.563   0.0   0.0  628
 6.850  645.0  90  42  51  -1.563   0.0   0.0  659
 6.850  442.5 -90  45  57  -1.563   0.0   0.0  449
 6.850  445.0 -90  45  66  -1.563   0.0   0.0  451
 6.850  447.5 -90  45  63  -1.563   0.0   0.0  452
 6.850  642.5 -90  45  63  -1.563  30.0  30.0  636
 6.850  645.0 -90  45  63  -1.563  30.0  30.0  636
 6.850  890.0 -90  45  54  -1.563   0.0   0.0  895
 6.850  892.5 -90  45  54  -1.563   0.0   0.0  897
 6.850  957.5 -90  45  54  -1.563 270.0  30.0  961
 6.900  645.0  90  42  51  -1.563  30.0  30.0  638
 6.900  447.5 -90  42  51  -1.563   0.0   0.0  452
 6.900  450.0 -90  42  63  -1.563   0.0   0.0  455
 6.900  452.5 -90  42  63  -1.563   0.0   0.0  457
 6.900  455.0 -90  42  51   1.563   0.0   0.0  457
 6.900  642.5 -90  42  57  -1.563  30.0  30.0  636
 6.900  645.0 -90  42  60  -1.563  30.0  30.0  636
 6.900  892.5 -90  42  51  -1.563   0.0   0.0  898
 6.900  895.0 -90  42  51  -1.563   0.0   0.0  899
 6.900  900.0 -90  42  51   1.563   0.0   0.0  905
 6.900  955.0 -90  42  51  -1.563 270.0  30.0  959
 6.950  452.5 -90  48  60  -1.563   0.0   0.0  457
 6.950  455.0 -90  48  69  -1.563   0.0   0.0  460
 6.950  457.5 -90  48  69  -1.563   0.0   0.0  462
 6.950  460.0 -90  48  63  -1.563   0.0   0.0  463
 6.950  480.0 -90  48  57  -1.563 330.0  30.0  481
 6.950  642.5 -90  48  57  -1.563  30.0  30.0  636
 6.950  645.0 -90  48  60  -1.563  30.0  30.0  636
 6.950  910.0 -90  48  57  -1.563   0.0   0.0  916
 6.950  912.5 -90  48  60  -1.563   0.0   0.0  917
 7.000   90.0 -90  54  63   4.688 150.0  30.0   95
 7.000   92.5 -90  54  63   4.688 150.0  30.0   96
 7.000  460.0 -90  54  66  -1.563   0.0   0.0  465
 7.000  462.5 -90  54  72  -1.563   0.0   0.0  467
 7.000  465.0 -90  54  66  -1.563   0.0   0.0  470
 7.000  645.0 -90  54  63  -4.688  30.0  30.0  637
 7.050  645.0  90  45  54  -1.563  30.0  30.0  638
 7.050  647.5  90  45  57  -1.563  30.0  30.0  639
 7.050  465.0 -90  48  60  -1.563   0.0   0.0  472
 7.050  467.5 -90  48  69  -1.563   0.0   0.0  472
 7.050  470.0 -90  48  69  -1.563   0.0   0.0  474
 7.050  472.5 -90  48  60  -1.563   0.0   0.0  476
 7.050  495.0 -90  48  57  -1.563 330.0  30.0  495
 7.050  500.0 -90  48  57  -1.563   0.0   0.0  505
 7.050  502.5 -90  48  57  -1.563 330.0  30.0  504
 7.050  645.0 -90  48  60  -1.563  30.0  30.0  637
 7.100  645.0  90  45  54  -1.563  30.0  30.0  640
 7.100  647.5  90  45  60  -1.563  30.0  30.0  638
 7.100  472.5 -90  48  60  -1.563   0.0   0.0  478
 7.100  475.0 -90  48  63  -1.563   0.0   0.0  480
 7.100  477.5 -90  48  63  -1.563   0.0   0.0  482
 7.100  480.0 -90  48  60  -1.563   0.0   0.0  482
 7.100  517.5 -90  48  57  -1.563 330.0  30.0  523
 7.100  525.0 -90  48  57  -1.563 330.0  30.0  528
 7.100  645.0 -90  48  60  -1.563  30.0  30.0  637
 7.100  647.5 -90  48  57  -1.563  30.0  30.0  638
 7.100  947.5 -90  48  57  -1.563   0.0   0.0  955
 7.150  647.5  90  42  57  -1.563  30.0  30.0  640
 7.150  427.5 -90  42  51  -1.563  30.0  30.0  425
 7.150  457.5 -90  42  51  -1.563  30.0  30.0  455
 7.150  477.5 -90  42  51  -1.563   0.0   0.0  485
 7.150  480.0 -90  42  63  -1.563   0.0   0.0  492
 7.150  482.5 -90  42  69  -1.563   0.0   0.0  489
 7.150  485.0 -90  42  66  -1.563   0.0   0.0  489
 7.150  487.5 -90  42  63  -1.563   0.0   0.0  483
 7.150  490.0 -90  42  54  -1.563   0.0   0.0  503
 7.150  507.5 -90  42  51  -1.563 330.0  30.0  505
 7.150  510.0 -90  42  51   1.563 330.0  30.0  513
 7.150  512.5 -90  42  51   1.563 330.0  30.0  509
 7.150  515.0 -90  42  54  -1.563 150.0  30.0  524
 7.150  517.5 -90  42  51  -1.563 330.0  30.0  525
 7.150  522.5 -90  42  51  -1.563 270.0  30.0  529
 7.150  525.0 -90  42  51  -1.563 330.0  30.0  526
 7.150  535.0 -90  42  51  -1.563 150.0  30.0  544
 7.150  537.5 -90  42  51  -1.563 330.0  30.0  542
 7.150  540.0 -90  42  54  -1.563 330.0  30.0  537
 7.150  542.5 -90  42  54   1.563 330.0  30.0  541
 7.150  645.0 -90  42  60  -1.563  30.0  30.0  637
 7.150  647.5 -90  42  57  -1.563  30.0  30.0  639
 7.150  950.0 -90  42  51  -1.563   0.0   0.0  955
 7.150 1042.5 -90  42  51  -1.563   0.0   0.0 1049
 7.200  647.5  90  42  57  -1.563  30.0  30.0  640
 7.200  650.0  90  42  51  -1.563  30.0  30.0  641
 7.200  982.5  90  42  51  -1.563 150.0  30.0  974
 7.200  490.0 -90  42  54  -1.563   0.0   0.0  499
 7.200  492.5 -90  42  54  -1.563   0.0   0.0  497
 7.200  495.0 -90  42  54   1.563   0.0   0.0  496
 7.200  550.0 -90  42  51  -1.563 330.0  30.0  552
 7.200  645.0 -90  42  60  -1.563  30.0  30.0  638
 7.200  647.5 -90  42  57  -1.563  30.0  30.0  638
 7.200  972.5 -90  42  51  -1.563   0.0   0.0  979
 7.200  975.0 -90  42  51   1.563   0.0   0.0  982
 7.200  980.0 -90  42  57  -1.563   0.0   0.0  985
 7.200  982.5 -90  42  51  -1.563   0.0   0.0  986
 7.200 1052.5 -90  42  51  -1.563 330.0  30.0 1061
 7.250  647.5  90  45  60  -1.563  30.0  30.0  640
 7.250  650.0  90  45  57  -1.563  30.0  30.0  641
 7.250  982.5  90  45  54  -4.688 150.0  30.0  978
 7.250  985.0  90  45  54  -1.563 150.0  30.0  978
 7.250  497.5 -90  51  60   1.563   0.0   0.0  504
 7.250  500.0 -90  51  66  -1.563   0.0   0.0  505
 7.250  502.5 -90  51  69  -1.563   0.0   0.0  508
 7.250  505.0 -90  51  66  -1.563   0.0   0.0  510
 7.250  507.5 -90  51  60  -1.563   0.0   0.0  513
 7.250  647.5 -90  51  63  -1.563  30.0  30.0  639
 7.300  647.5  90  45  54  -1.563  30.0  30.0  643
 7.300  650.0  90  45  57  -1.563  30.0  30.0  641
 7.300  997.5  90  45  57  -1.563 150.0  30.0 1001
 7.300  510.0 -90  48  60  -1.563   0.0   0.0  515
 7.300  512.5 -90  48  63  -1.563   0.0   0.0  518
 7.300  515.0 -90  48  66  -1.563   0.0   0.0  520
 7.300  517.5 -90  48  63  -1.563   0.0   0.0  522
 7.300  520.0 -90  48  60  -1.563   0.0   0.0  524
 7.300  557.5 -90  48  57  -1.563 330.0  30.0  563
 7.300  642.5 -90  48  57  -1.563 330.0  30.0  648
 7.300  645.0 -90  48  60  -1.563  30.0  30.0  640
 7.300  647.5 -90  48  63  -1.563  30.0  30.0  640
 7.400  647.5  90  45  60  -1.563  30.0  30.0  640
 7.400  650.0  90  45  63  -1.563  30.0  30.0  642
 7.400  542.5 -90  45  57  -1.563   0.0   0.0  547
 7.400  545.0 -90  45  60  -1.563   0.0   0.0  550
 7.400  547.5 -90  45  63  -1.563   0.0   0.0  552
 7.400  550.0 -90  45  60  -1.563   0.0   0.0  555
 7.400  552.5 -90  45  60   1.563   0.0   0.0  557
 7.400  555.0 -90  45  57  -1.563   0.0   0.0  559
 7.400  647.5 -90  45  63  -1.563  30.0  30.0  639
 7.400  650.0 -90  45  57  -1.563  30.0  30.0  639
 7.450  647.5 -90  57  66  -1.563  30.0  30.0  639
 7.600  652.5  90  54  63  -1.563  30.0  30.0  642
 7.600  650.0 -90  57  69  -1.563  30.0  30.0  642
 7.650  650.0 -90  54  69  -1.563  30.0  30.0  642
 7.700  652.5  90  48  60  -1.563  30.0  30.0  645
 7.700  650.0 -90  48  66  -1.563  30.0  30.0  642
 7.700  652.5 -90  48  57  -1.563  30.0  30.0  643
 7.750  650.0  90  42  54  -1.563  30.0  30.0  644
 7.750  652.5  90  42  60  -1.563  30.0  30.0  644
 7.750  655.0  90  42  51  -1.563  30.0  30.0  645
 7.750  650.0 -90  42  63  -1.563  30.0  30.0  643
 7.750  652.5 -90  42  57  -1.563  30.0  30.0  642
 7.800  650.0  90  42  51  -4.688  30.0  30.0  643
 7.800  652.5  90  42  60  -1.563  30.0  30.0  645
 7.800  655.0  90  42  54  -1.563  30.0  30.0  646
 7.800  650.0 -90  42  63  -1.563  30.0  30.0  644
 7.800  652.5 -90  42  63  -1.563  30.0  30.0  644
 7.850  650.0 -90  51  63  -1.563  30.0  30.0  643
 7.850  652.5 -90  51  66  -1.563  30.0  30.0  645
 7.900  652.5 -90  54  66  -1.563  30.0  30.0  644
 7.950  652.5  90  42  57  -1.563  30.0  30.0  645
 7.950  655.0  90  42  54  -1.563  30.0  30.0  648
 7.950  650.0 -90  42  54  -1.563  30.0  30.0  645
 7.950  652.5 -90  42  66  -1.563  30.0  30.0  644
 7.950  655.0 -90  42  51  -4.688  30.0  30.0  643
 8.000  652.5  90  42  57  -1.563  30.0  30.0  645
 8.000  655.0  90  42  57  -1.563  30.0  30.0  646
 8.000  650.0 -90  45  54  -4.688  30.0  30.0  645
 8.000  652.5 -90  45  66  -1.563  30.0  30.0  645
 8.000  655.0 -90  45  57  -1.563  30.0  30.0  645
 8.050  652.5  90  45  54  -1.563  30.0  30.0  645
 8.050  655.0  90  45  54  -1.563  30.0  30.0  647
 8.100   85.0 -90  57  66   4.688  90.0  30.0   73
 8.250  655.0  90  45  57  -1.563  30.0  30.0  648
 8.250  657.5  90  45  54  -1.563  30.0  30.0  650
 8.250  652.5 -90  42  54  -1.563  30.0  30.0  647
 8.250  655.0 -90  42  66  -1.563  30.0  30.0  647
 8.250  657.5 -90  42  54  -1.563  30.0  30.0  646
 8.300  110.0  90  48  57   1.563 270.0  30.0   97
 8.300  117.5  90  48  57  -4.688 270.0  30.0  106
 8.300  157.5  90  48  57  -4.688 270.0  30.0  167
 8.300  160.0  90  48  57   1.563 270.0  30.0  159
 8.300  190.0  90  48  57   1.563 270.0  30.0  194
 8.300  197.5  90  48  57   4.688 270.0  30.0  191
 8.300  207.5  90  48  57   1.563 270.0  30.0  214
 8.300  247.5  90  48  57  -4.688 270.0  30.0  256
 8.300  257.5  90  48  57  -4.688 270.0  30.0  272
 8.300  277.5  90  48  57  -1.563 270.0  30.0  285
 8.300  295.0  90  48  57  -1.563 270.0  30.0  302
 8.300  310.0  90  48  57  -4.688 270.0  30.0  301
 8.300  322.5  90  48  57  -4.688 270.0  30.0  318
 8.300  332.5  90  48  57  -4.688 270.0  30.0  342
 8.300  342.5  90  48  57  -4.688 270.0  30.0  330
 8.300  372.5  90  48  57   1.563 210.0  30.0  382
 8.300  377.5  90  48  57   1.563 270.0  30.0  384
 8.300  412.5  90  48  60   4.688 270.0  30.0  412
 8.300  415.0  90  48  57   4.688 270.0  30.0  421
 8.300  437.5  90  48  57  -1.563 270.0  30.0  430
 8.300  522.5  90  48  57   4.688 270.0  30.0  530
 8.300  655.0 -90  45  66  -1.563  30.0  30.0  648
 8.300  657.5 -90  45  60  -1.563  30.0  30.0  648
 8.350  655.0  90  45  54  -1.563  30.0  30.0  649
 8.350  657.5  90  45  54  -1.563  30.0  30.0  649
 8.350  655.0 -90  42  63  -1.563  30.0  30.0  648
 8.350  657.5 -90  42  63  -1.563  30.0  30.0  649
 8.400  655.0  90  42  51  -1.563  30.0  30.0  649
 8.400  657.5  90  42  51  -1.563  30.0  30.0  648
 8.400  655.0 -90  42  63  -1.563  30.0  30.0  649
 8.400  657.5 -90  42  66  -1.563  30.0  30.0  649
 8.450  657.5 -90  60  69  -1.563  30.0  30.0  650
 8.500  657.5 -90  54  66  -1.563  30.0  30.0  649
 8.550  657.5 -90  51  66  -1.563  30.0  30.0  650
 8.750  665.0  90  42  54  -1.563  30.0  30.0  657
 8.750  660.0 -90  42  60  -1.563  30.0  30.0  653
 8.750  662.5 -90  42  51  -4.688  30.0  30.0  654
 8.800  665.0  90  39  54  -1.563  30.0  30.0  657
 8.800  667.5  90  39  48  -1.563  30.0  30.0  658
 8.800  660.0 -90  39  60  -1.563  30.0  30.0  654
 8.800  662.5 -90  39  54  -1.563  30.0  30.0  653
 8.850  665.0  90  39  51  -1.563  30.0  30.0  658
 8.850  667.5  90  39  51  -1.563  30.0  30.0  658
 8.850  660.0 -90  42  57  -1.563  30.0  30.0  654
 8.850  662.5 -90  42  60  -1.563  30.0  30.0  654
 8.900  662.5  90  39  48  -1.563  30.0  30.0  655
 8.900  665.0  90  39  51  -1.563  30.0  30.0  659
 8.900  667.5  90  39  57  -1.563  30.0  30.0  659
 8.900  660.0 -90  39  57  -1.563  30.0  30.0  655
 8.900  662.5 -90  39  63  -1.563  30.0  30.0  655
 8.950  667.5  90  39  57  -1.563  30.0  30.0  660
 8.950  337.5 -90  42  51   4.688 210.0  30.0  352
 8.950  660.0 -90  42  51  -4.688  30.0  30.0  656
 8.950  662.5 -90  42  63  -1.563  30.0  30.0  656
 8.950 1257.5 -90  42  51  -1.563   0.0   0.0 1271
 9.000  667.5  90  42  54  -1.563  30.0  30.0  661
 9.000  670.0  90  42  51  -4.688  30.0  30.0  661
 9.000  662.5 -90  42  60  -1.563  30.0  30.0  655
 9.000  665.0 -90  42  57  -1.563  30.0  30.0  655
 9.050  667.5  90  42  51  -4.688  30.0  30.0  663
 9.050  670.0  90  42  57  -1.563  30.0  30.0  662
 9.050  662.5 -90  42  60  -1.563  30.0  30.0  656
 9.050  665.0 -90  42  60  -4.688  30.0  30.0  656
 9.100  670.0  90  42  60  -4.688  30.0  30.0  663
 9.100  662.5 -90  42  54  -1.563  30.0  30.0  658
 9.100  665.0 -90  42  60  -1.563  30.0  30.0  658
 9.150  665.0  90  39  51  -4.688  30.0  30.0  658
 9.150  670.0  90  39  60  -4.688  30.0  30.0  664
 9.150  672.5  90  39  57  -1.563  30.0  30.0  664
 9.150  662.5 -90  39  48  -1.563  30.0  30.0  659
 9.150  665.0 -90  39  60  -4.688  30.0  30.0  658
 9.150  667.5 -90  39  51  -4.688  30.0  30.0  658
 9.200  670.0  90  39  54  -4.688  30.0  30.0  665
 9.200  672.5  90  39  60  -1.563  30.0  30.0  665
 9.200  665.0 -90  39  60  -1.563  30.0  30.0  659
 9.200  667.5 -90  39  57  -4.688  30.0  30.0  659
 9.250  672.5  90  42  63  -1.563  30.0  30.0  666
 9.250  675.0  90  42  54  -1.563  30.0  30.0  666
 9.250  665.0 -90  42  57  -4.688  30.0  30.0  659
 9.250  667.5 -90  42  60  -4.688  30.0  30.0  660
 9.300  672.5  90  42  60  -1.563  30.0  30.0  666
 9.300  675.0  90  42  60  -1.563  30.0  30.0  666
 9.300  665.0 -90  42  51  -1.563  30.0  30.0  659
 9.300  667.5 -90  42  60  -4.688  30.0  30.0  660
 9.350  255.0  90  45  54  -1.563   0.0   0.0  244
 9.350  257.5  90  45  54  -1.563   0.0   0.0  272
 9.350  260.0  90  45  54  -1.563 150.0  30.0  260
 9.350  262.5  90  45  54  -1.563 150.0  30.0  265
 9.350  267.5  90  45  54   1.563   0.0   0.0  260
 9.350  280.0  90  45  54   1.563   0.0   0.0  279
 9.350  675.0  90  45  63  -4.688  30.0  30.0  667
 9.350 1237.5  90  45  54  -1.563 150.0  30.0 1251
 9.350  667.5 -90  45  60  -1.563  30.0  30.0  661
 9.350  670.0 -90  45  54  -1.563  30.0  30.0  662
 9.500  677.5  90  51  60  -4.688  30.0  30.0  669
 9.500  140.0 -90  48  57   1.563   0.0   0.0  137
 9.500  167.5 -90  48  57   4.688 150.0  30.0  170
 9.500  670.0 -90  48  57  -4.688  30.0  30.0  664
 9.500 1262.5 -90  48  57   1.563 330.0  30.0 1268
 9.500 1280.0 -90  48  57   4.688   0.0   0.0 1294
 9.500 1282.5 -90  48  57  -1.563   0.0   0.0 1268
 9.550  677.5  90  42  54  -4.688  30.0  30.0  671
 9.550  680.0  90  42  57  -4.688  30.0  30.0  672
 9.550  670.0 -90  42  54  -1.563  30.0  30.0  665
 9.550  672.5 -90  42  54  -4.688  30.0  30.0  664
 9.600  680.0  90  42  60  -4.688  30.0  30.0  674
 9.600  682.5  90  42  54  -4.688  30.0  30.0  674
 9.600  672.5 -90  45  57  -1.563  30.0  30.0  664
 9.650  680.0  90  45  57  -1.563  30.0  30.0  676
 9.650  682.5  90  45  63  -4.688  30.0  30.0  676
 9.650  875.0  90  45  54   1.563   0.0   0.0  876
 9.650  142.5 -90  48  57   1.563   0.0   0.0  131
 9.650  145.0 -90  48  57  -1.563   0.0   0.0  133
 9.650  672.5 -90  48  60  -4.688  30.0  30.0  666
 9.750  685.0  90  54  63  -1.563  30.0  30.0  677
 9.800  685.0  90  39  60  -1.563  30.0  30.0  679
 9.800  687.5  90  39  60  -1.563  30.0  30.0  679
 9.800  802.5  90  39  51  -4.688  30.0  30.0  796
 9.800  805.0  90  39  48  -4.688  30.0  30.0  797
 9.800  675.0 -90  39  57  -1.563  30.0  30.0  669
 9.800  677.5 -90  39  54  -1.563  30.0  30.0  669
 9.850  687.5  90  48  63  -1.563  30.0  30.0  681
 9.850  690.0  90  48  57  -4.688  30.0  30.0  680
 9.850 1062.5  90  48  57   4.688   0.0   0.0 1053
 9.850 1170.0  90  48  57  -4.688 150.0  30.0 1157
 9.850  677.5 -90  51  60  -4.688  30.0  30.0  669
 9.900  690.0  90  45  63  -4.688  30.0  30.0  683
 9.900  692.5  90  45  54  -1.563  30.0  30.0  683
 9.900  790.0  90  45  54  -4.688  30.0  30.0  784
 9.900  677.5 -90  48  60  -1.563  30.0  30.0  671
 9.950  690.0  90  39  54  -1.563  30.0  30.0  684
 9.950  692.5  90  39  60  -1.563  30.0  30.0  686
 9.950  695.0  90  39  51  -4.688 270.0  30.0  687
 9.950  782.5  90  39  51  -4.688  30.0  30.0  776
 9.950  785.0  90  39  48  -4.688  30.0  30.0  777
 9.950  677.5 -90  39  54  -1.563  30.0  30.0  672
 9.950  680.0 -90  39  57  -4.688  30.0  30.0  672
10.050  695.0  90  42  54  -4.688  30.0  30.0  688
10.050  697.5  90  42  63  -4.688  30.0  30.0  691
10.050  700.0  90  42  54  -4.688  30.0  30.0  692
10.050  767.5  90  42  51  -4.688  30.0  30.0  762
10.050  770.0  90  42  57  -4.688  30.0  30.0  763
10.050  772.5  90  42  54  -4.688  30.0  30.0  766
10.050  680.0 -90  42  54  -4.688  30.0  30.0  673
10.050  682.5 -90  42  57  -4.688  30.0  30.0  674
10.100  700.0  90  42  63  -4.688  30.0  30.0  694
10.100  702.5  90  42  63  -4.688  30.0  30.0  694
10.100  760.0  90  42  51  -1.563  30.0  30.0  755
10.100  762.5  90  42  57  -4.688  30.0  30.0  756
10.100  765.0  90  42  57  -4.688  30.0  30.0  757
10.100  682.5 -90  42  57  -1.563  30.0  30.0  675
10.150   80.0  90  45  54  -4.688 270.0  30.0   84
10.150  702.5  90  45  60  -4.688  30.0  30.0  696
10.150  705.0  90  45  66  -4.688  30.0  30.0  698
10.150  707.5  90  45  60  -4.688  30.0  30.0  700
10.150  752.5  90  45  54  -4.688  30.0  30.0  745
10.150  755.0  90  45  57  -1.563  30.0  30.0  749
10.150  757.5  90  45  57  -4.688  30.0  30.0  748
10.200  707.5  90  42  54  -4.688  30.0  30.0  703
10.200  710.0  90  42  60  -4.688 270.0  30.0  704
10.200  712.5  90  42  54  -1.563  30.0  30.0  708
10.200  740.0  90  42  51  -4.688  30.0  30.0  735
10.200  742.5  90  42  54  -4.688  30.0  30.0  735
10.200  745.0  90  42  51  -4.688  30.0  30.0  739
10.200  747.5  90  42  54  -1.563  30.0  30.0  742
10.200  750.0  90  42  51  -1.563  30.0  30.0  742
10.200  685.0 -90  51  60  -4.688  30.0  30.0  679
10.250  722.5  90  39  48  -4.688  30.0  30.0  715
10.250  730.0  90  39  48  -4.688  30.0  30.0  719
10.250  732.5  90  39  48  -1.563  30.0  30.0  723
10.250  685.0 -90  39  54  -4.688  30.0  30.0  680
10.250  687.5 -90  39  60  -4.688  30.0  30.0  680
10.250  690.0 -90  39  48  -1.563  30.0  30.0  681
10.300  687.5 -90  39  57  -4.688  30.0  30.0  681
10.300  690.0 -90  39  57  -4.688  30.0  30.0  681
10.350  690.0 -90  39  60  -4.688  30.0  30.0  683
10.350  692.5 -90  39  54  -4.688  30.0  30.0  684
10.350  812.5 -90  39  48  -4.688  30.0  30.0  806
10.400  690.0 -90  39  54  -4.688  30.0  30.0  685
10.400  692.5 -90  39  60  -4.688  30.0  30.0  686
10.400  695.0 -90  39  48  -4.688  30.0  30.0  685
10.400  805.0 -90  39  48  -4.688  30.0  30.0  799
10.450  692.5 -90  39  54  -4.688  30.0  30.0  687
10.450  695.0 -90  39  60  -4.688  30.0  30.0  687
10.450  797.5 -90  39  51  -4.688  30.0  30.0  792
10.450  800.0 -90  39  48  -4.688  30.0  30.0  793
10.500  695.0 -90  39  57  -4.688  30.0  30.0  689
10.500  697.5 -90  39  63  -4.688  30.0  30.0  690
10.500  700.0 -90  39  48  -4.688  30.0  30.0  691
10.500  790.0 -90  39  51  -4.688  30.0  30.0  784
10.500  792.5 -90  39  51  -4.688  30.0  30.0  785
10.550  697.5 -90  42  57  -4.688  90.0  30.0  692
10.550  700.0 -90  42  60  -4.688  30.0  30.0  693
10.550  782.5 -90  42  54  -4.688  30.0  30.0  775
10.550  785.0 -90  42  54  -4.688  30.0  30.0  778
10.600  700.0 -90  42  51  -4.688  30.0  30.0  697
10.600  702.5 -90  42  60  -4.688  30.0  30.0  696
10.600  705.0 -90  42  54  -1.563  90.0  30.0  695
10.600  775.0 -90  42  54  -4.688  30.0  30.0  767
10.600  777.5 -90  42  54  -4.688  30.0  30.0  771
10.600  780.0 -90  42  51  -4.688  30.0  30.0  772
10.650  702.5 -90  36  45  -4.688  90.0  30.0  698
10.650  705.0 -90  36  57  -4.688  30.0  30.0  700
10.650  707.5 -90  36  60  -4.688  30.0  30.0  701
10.650  710.0 -90  36  48  -4.688  30.0  30.0  704
10.650  765.0 -90  36  51  -4.688  30.0  30.0  759
10.650  767.5 -90  36  54  -4.688  30.0  30.0  762
10.650  770.0 -90  36  54  -4.688  30.0  30.0  763
10.650  772.5 -90  36  48  -4.688  30.0  30.0  766
10.700   82.5  90  39  48  -4.688   0.0   0.0   68
10.700  710.0 -90  48  57  -1.563  30.0  30.0  705
10.700  712.5 -90  48  57  -4.688  30.0  30.0  707
10.750  715.0 -90  36  51  -4.688  30.0  30.0  709
10.750  717.5 -90  36  54  -4.688  30.0  30.0  710
10.750  720.0 -90  36  54  -4.688  30.0  30.0  711
10.750  722.5 -90  36  48  -4.688  90.0  30.0  714
10.750  740.0 -90  36  45  -4.688  90.0  30.0  736
10.750  742.5 -90  36  45  -4.688 270.0  30.0  733
10.750  745.0 -90  36  48  -1.563  30.0  30.0  736
10.750  747.5 -90  36  51  -4.688  30.0  30.0  738
10.750  750.0 -90  36  51  -4.688  30.0  30.0  742
10.750  752.5 -90  36  48  -4.688  30.0  30.0  746
10.750  755.0 -90  36  45  -4.688  30.0  30.0  743
10.800  725.0 -90  36  45  -1.563  30.0  30.0  720
10.800  727.5 -90  36  48  -4.688  90.0  30.0  719
10.800  730.0 -90  36  48  -4.688 210.0  30.0  716
10.800  732.5 -90  36  45  -4.688   0.0   0.0  730
10.800  735.0 -90  36  45  -4.688  30.0  30.0  732
10.800  737.5 -90  36  45  -4.688 270.0  30.0  736
10.800  750.0 -90  36  45  -4.688  30.0  30.0  738
10.800  752.5 -90  36  45  -4.688  90.0  30.0  742
