2024.06.28 (180) 00:00:00.000
Station name: Cachoeira Paulista
URSI code: CAJ2M
Ionosonde model: DPS-4D
  Freq  Range Pol MPA Amp Doppler    Az    Zn  PGH
 0.800 1272.5  90  63  72   5.469 270.0  30.0 1277
 0.950  400.0  90  72  81   0.781 330.0  30.0  390
 0.950  410.0  90  72  81   0.781 330.0  30.0  401
 1.150  775.0  90  69  78   3.906  90.0  30.0  773
 1.200  190.0  90  42  51   0.781  90.0  30.0  176
 1.200  490.0  90  42  51   0.781  90.0  30.0  505
 1.200  550.0  90  42  51   5.469  90.0  30.0  557
 1.200  552.5  90  42  51  -5.469  90.0  30.0  562
 1.200  932.5  90  42  51   5.469  90.0  30.0  926
 1.200  972.5  90  42  51   5.469  90.0  30.0  976
 1.200  975.0  90  42  51   5.469  90.0  30.0  966
 1.200  992.5  90  42  51   3.906 150.0  30.0  993
 1.200 1247.5 -90  39  48   3.906  90.0  30.0 1248
 1.300  102.5  90  69  78  -2.344 150.0  30.0   93
 1.300   90.0 -90  63  72  -3.906 150.0  30.0  101
 1.300  145.0 -90  63  72  -3.906  90.0  30.0  133
 1.300  150.0 -90  63  72  -3.906 150.0  30.0  150
 1.300  155.0 -90  63  72  -3.906  90.0  30.0  141
 1.300  165.0 -90  63  72   0.781  90.0  30.0  168
 1.300  230.0 -90  63  72  -2.344  90.0  30.0  232
 1.300 1150.0 -90  63  72   0.781 150.0  30.0 1137
 1.350  345.0  90  69  78  -5.469 150.0  30.0  333
 1.350  147.5 -90  66  75   5.469 150.0  30.0  139
 1.500   97.5 -90  63  72   0.781 150.0  30.0   96
 1.600  100.0 -90  57  66   0.781 150.0  30.0  102
 1.600  670.0 -90  57  66   2.344 150.0  30.0  683
 1.650  235.0  90  48  60  -0.781   0.0   0.0  234
 1.650  100.0 -90  42  51  -0.781 150.0  30.0  100
 1.650  105.0 -90  42  51   0.781 210.0  30.0  103
 1.650  107.5 -90  42  54   0.781 270.0  30.0  105
 1.650  235.0 -90  42  57   0.781 330.0  30.0  235
 1.650  237.5 -90  42  51   0.781 330.0  30.0  233
 1.700  235.0  90  45  63  -0.781   0.0   0.0  236
 1.700  237.5  90  45  69  -0.781   0.0   0.0  236
 1.700  240.0  90  45  60   0.781   0.0   0.0  239
 1.700  242.5  90  45  54   0.781   0.0   0.0  241
 1.700   95.0 -90  45  54  -0.781 210.0  30.0   96
 1.700  100.0 -90  45  60  -0.781   0.0   0.0   99
 1.700  105.0 -90  45  54   0.781 210.0  30.0  105
 1.700  107.5 -90  45  60   0.781 210.0  30.0  106
 1.700  110.0 -90  45  54   0.781 210.0  30.0  109
 1.700  117.5 -90  45  54   0.781 330.0  30.0  119
 1.700  237.5 -90  45  54  -0.781 330.0  30.0  236
 1.750  235.0  90  45  54   0.781   0.0   0.0  237
 1.750  237.5  90  45  69   0.781   0.0   0.0  236
 1.750  240.0  90  45  57   0.781   0.0   0.0  236
 1.750   97.5 -90  42  60   0.781   0.0   0.0   96
 1.750  100.0 -90  42  57  -0.781 210.0  30.0   98
 1.750  102.5 -90  42  57   0.781 210.0  30.0  100
 1.750  105.0 -90  42  54   0.781 210.0  30.0  104
 1.750  107.5 -90  42  51   0.781 150.0  30.0  107
 1.750  110.0 -90  42  54   0.781 270.0  30.0  107
 1.750  115.0 -90  42  51   0.781   0.0   0.0  113
 1.750  117.5 -90  42  51  -0.781  90.0  30.0  115
 1.750  237.5 -90  42  54  -0.781 330.0  30.0  235
 1.750  355.0 -90  42  51   2.344 270.0  30.0  357
 1.800  237.5  90  45  69   0.781   0.0   0.0  237
 1.800  240.0  90  45  69   0.781   0.0   0.0  237
 1.800  475.0  90  45  54  -0.781 330.0  30.0  473
 1.800   97.5 -90  42  60  -0.781   0.0   0.0   96
 1.800  100.0 -90  42  57   0.781   0.0   0.0   99
 1.800  102.5 -90  42  51   0.781 210.0  30.0  101
 1.800  105.0 -90  42  57   0.781 210.0  30.0  104
 1.800  107.5 -90  42  54   0.781 210.0  30.0  102
 1.800  117.5 -90  42  51  -0.781 210.0  30.0  114
 1.800  122.5 -90  42  54  -0.781  30.0  30.0  121
 1.800  135.0 -90  42  51  -0.781  90.0  30.0  132
 1.800  237.5 -90  42  54  -0.781 330.0  30.0  238
 1.800  240.0 -90  42  51   0.781 330.0  30.0  237
 1.850  237.5  90  45  63   0.781   0.0   0.0  238
 1.850  240.0  90  45  69   0.781   0.0   0.0  238
 1.850  245.0  90  45  57   0.781   0.0   0.0  245
 1.850  477.5  90  45  57   0.781   0.0   0.0  476
 1.850   97.5 -90  42  51  -0.781   0.0   0.0   96
 1.850  100.0 -90  42  54   0.781   0.0   0.0   99
 1.850  107.5 -90  42  51  -0.781   0.0   0.0  105
 1.850  120.0 -90  42  54  -0.781  90.0  30.0  121
 1.850  122.5 -90  42  54  -0.781  90.0  30.0  122
 1.850  125.0 -90  42  51  -0.781  30.0  30.0  122
 1.850  127.5 -90  42  54  -0.781  30.0  30.0  126
 1.850  240.0 -90  42  57   0.781 330.0  30.0  238
 1.850  245.0 -90  42  54   0.781  90.0  30.0  244
 1.850  250.0 -90  42  51   0.781   0.0   0.0  250
 1.900  122.5  90  42  51   0.781 210.0  30.0  120
 1.900  237.5  90  42  54   0.781   0.0   0.0  239
 1.900  240.0  90  42  72   0.781   0.0   0.0  238
 1.900  242.5  90  42  66  -0.781   0.0   0.0  239
 1.900  245.0  90  42  51  -0.781 270.0  30.0  240
 1.900  247.5  90  42  54  -0.781 150.0  30.0  245
 1.900  250.0  90  42  51   0.781 210.0  30.0  245
 1.900  477.5  90  42  57   0.781   0.0   0.0  474
 1.900  482.5  90  42  51   0.781   0.0   0.0  481
 1.900  485.0  90  42  51   0.781 330.0  30.0  481
 1.900  100.0 -90  42  51   0.781 270.0  30.0  100
 1.900  102.5 -90  42  51  -0.781   0.0   0.0   99
 1.900  127.5 -90  42  51   0.781 330.0  30.0  122
 1.900  135.0 -90  42  51   0.781  90.0  30.0  131
 1.900  137.5 -90  42  51  -0.781  30.0  30.0  134
 1.900  240.0 -90  42  54   0.781 330.0  30.0  238
 1.900  245.0 -90  42  54  -0.781   0.0   0.0  241
 1.900  247.5 -90  42  57   0.781   0.0   0.0  244
 1.950  240.0  90  42  63   0.781   0.0   0.0  240
 1.950  242.5  90  42  72   0.781   0.0   0.0  240
 1.950  245.0  90  42  54   0.781   0.0   0.0  241
 1.950  250.0  90  42  54  -0.781 150.0  30.0  249
 1.950  252.5  90  42  51  -0.781  90.0  30.0  250
 1.950  480.0  90  42  51  -0.781   0.0   0.0  481
 1.950  105.0 -90  42  51  -0.781 150.0  30.0  104
 1.950  117.5 -90  42  51  -0.781   0.0   0.0  113
 1.950  132.5 -90  42  51  -0.781  90.0  30.0  128
 1.950  240.0 -90  42  54  -0.781 330.0  30.0  241
 1.950  242.5 -90  42  54  -0.781 330.0  30.0  241
 1.950  245.0 -90  42  57   0.781   0.0   0.0  244
 1.950  247.5 -90  42  54   0.781  90.0  30.0  245
 2.000  242.5  90  42  69   0.781   0.0   0.0  242
 2.000  245.0  90  42  57   0.781 210.0  30.0  241
 2.000  480.0  90  42  51  -0.781   0.0   0.0  482
 2.000  482.5  90  42  57   0.781   0.0   0.0  481
 2.000  120.0 -90  42  51   0.781   0.0   0.0  116
 2.000  125.0 -90  42  51  -0.781  30.0  30.0  123
 2.000  242.5 -90  42  51   0.781 330.0  30.0  238
 2.000  245.0 -90  42  54  -0.781   0.0   0.0  245
 2.000  247.5 -90  42  54   0.781 270.0  30.0  247
 2.050  242.5  90  45  60  -0.781   0.0   0.0  243
 2.050  245.0  90  45  66  -0.781   0.0   0.0  244
 2.050  247.5  90  45  54   0.781   0.0   0.0  245
 2.050  482.5  90  45  54   0.781 330.0  30.0  485
 2.050  485.0  90  45  54  -0.781   0.0   0.0  484
 2.050  242.5 -90  42  51  -0.781 330.0  30.0  243
 2.050  245.0 -90  42  60   0.781   0.0   0.0  244
 2.050  247.5 -90  42  63   0.781   0.0   0.0  246
 2.050  250.0 -90  42  54  -0.781 270.0  30.0  249
 2.050  260.0 -90  42  51  -0.781  90.0  30.0  255
 2.100  245.0  90  42  54  -0.781   0.0   0.0  244
 2.100  245.0 -90  42  51   0.781   0.0   0.0  246
 2.100  247.5 -90  42  60   0.781   0.0   0.0  246
 2.100  250.0 -90  42  51  -0.781   0.0   0.0  247
 2.150 1197.5  90  42  51   2.344  30.0  30.0 1207
 2.150  122.5 -90  42  51  -0.781   0.0   0.0  124
 2.150  247.5 -90  42  51   0.781   0.0   0.0  245
 2.200  247.5 -90  42  54  -0.781   0.0   0.0  248
 2.200  250.0 -90  42  54  -0.781   0.0   0.0  248
 2.250  250.0 -90  42  54   0.781 270.0  30.0  248
 2.300  252.5 -90  42  51  -0.781   0.0   0.0  251
 2.350  250.0  90  42  54   0.781   0.0   0.0  250
 2.350  252.5  90  42  57   0.781   0.0   0.0  251
 2.350  250.0 -90  42  54   0.781 330.0  30.0  251
 2.350  252.5 -90  42  57  -0.781 270.0  30.0  251
 2.400  252.5  90  42  54   0.781 210.0  30.0  252
 2.400  250.0 -90  42  51  -0.781   0.0   0.0  247
 2.400  252.5 -90  42  60   0.781   0.0   0.0  251
 2.400  255.0 -90  42  54   0.781   0.0   0.0  251
 2.450  250.0  90  42  51   0.781   0.0   0.0  247
 2.450  252.5  90  42  69   0.781   0.0   0.0  251
 2.450  255.0  90  42  69   0.781   0.0   0.0  252
 2.450  257.5  90  42  51  -0.781   0.0   0.0  254
 2.450  500.0  90  42  51  -0.781 270.0  30.0  498
 2.450  502.5  90  42  54   0.781   0.0   0.0  500
 2.450  505.0  90  42  54   0.781   0.0   0.0  502
 2.450  515.0  90  42  51  -0.781   0.0   0.0  512
 2.450  517.5  90  42  51  -0.781   0.0   0.0  515
 2.450  252.5 -90  42  60   0.781   0.0   0.0  252
 2.450  255.0 -90  42  69  -0.781   0.0   0.0  252
 2.450  257.5 -90  42  51  -0.781   0.0   0.0  252
 2.450  500.0 -90  42  51   0.781   0.0   0.0  496
 2.450  502.5 -90  42  54   0.781   0.0   0.0  500
 2.500  252.5  90  42  54  -0.781   0.0   0.0  252
 2.500  255.0  90  42  69   0.781   0.0   0.0  254
 2.500  257.5  90  42  60  -0.781   0.0   0.0  255
 2.500  502.5  90  42  54  -0.781   0.0   0.0  503
 2.500  505.0  90  42  60   0.781   0.0   0.0  504
 2.500  507.5  90  42  60   0.781   0.0   0.0  504
 2.500  510.0  90  42  54   0.781   0.0   0.0  507
 2.500  252.5 -90  42  66  -0.781   0.0   0.0  253
 2.500  255.0 -90  42  72  -0.781   0.0   0.0  253
 2.500  257.5 -90  42  63  -0.781   0.0   0.0  254
 2.500  260.0 -90  42  54   0.781   0.0   0.0  258
 2.500  520.0 -90  42  51  -0.781   0.0   0.0  517
 2.550  252.5  90  45  57   0.781   0.0   0.0  254
 2.550  255.0  90  45  72   0.781   0.0   0.0  254
 2.550  257.5  90  45  72  -0.781   0.0   0.0  255
 2.550  507.5  90  45  60   0.781   0.0   0.0  506
 2.550  252.5 -90  42  57  -0.781   0.0   0.0  253
 2.550  255.0 -90  42  66   0.781   0.0   0.0  253
 2.550  257.5 -90  42  51   0.781   0.0   0.0  258
 2.550  260.0 -90  42  54   0.781   0.0   0.0  258
 2.550  507.5 -90  42  51   0.781   0.0   0.0  507
 2.550  510.0 -90  42  54   0.781   0.0   0.0  508
 2.600  255.0  90  42  60   0.781   0.0   0.0  255
 2.600  257.5  90  42  72   0.781   0.0   0.0  257
 2.600  260.0  90  42  60   0.781   0.0   0.0  257
 2.600  507.5  90  42  51   0.781   0.0   0.0  506
 2.600  510.0  90  42  60   0.781   0.0   0.0  509
 2.600  512.5  90  42  57  -0.781   0.0   0.0  513
 2.600  515.0  90  42  54   0.781   0.0   0.0  512
 2.600  517.5  90  42  51   0.781   0.0   0.0  517
 2.600  522.5  90  42  51  -0.781   0.0   0.0  523
 2.600  255.0 -90  42  63   0.781   0.0   0.0  254
 2.600  257.5 -90  42  60   0.781   0.0   0.0  256
 2.600  260.0 -90  42  51   0.781   0.0   0.0  256
 2.600  507.5 -90  42  51  -0.781   0.0   0.0  509
 2.600  510.0 -90  42  57  -0.781   0.0   0.0  508
 2.600  512.5 -90  42  51   0.781   0.0   0.0  512
 2.600  515.0 -90  42  51   0.781  30.0  30.0  512
 2.600  525.0 -90  42  51  -0.781   0.0   0.0  527
 2.650  255.0  90  45  60   0.781   0.0   0.0  256
 2.650  257.5  90  45  78   0.781   0.0   0.0  257
 2.650  260.0  90  45  66   0.781   0.0   0.0  257
 2.650  262.5  90  45  54  -0.781   0.0   0.0  258
 2.650  510.0  90  45  57   0.781   0.0   0.0  511
 2.650  512.5  90  45  60  -0.781   0.0   0.0  510
 2.650  515.0  90  45  63   0.781   0.0   0.0  514
 2.650  517.5  90  45  54   0.781   0.0   0.0  517
 2.650  255.0 -90  45  60  -0.781   0.0   0.0  255
 2.650  257.5 -90  45  60  -0.781 210.0  30.0  257
 2.650  260.0 -90  45  60  -0.781   0.0   0.0  257
 2.650  527.5 -90  45  54   0.781   0.0   0.0  528
 2.700  255.0  90  45  54  -0.781   0.0   0.0  258
 2.700  257.5  90  45  81   0.781   0.0   0.0  258
 2.700  260.0  90  45  84   0.781   0.0   0.0  258
 2.700  262.5  90  45  66   0.781   0.0   0.0  259
 2.700  510.0  90  45  54   0.781   0.0   0.0  508
 2.700  515.0  90  45  69   0.781   0.0   0.0  515
 2.700  517.5  90  45  69   0.781   0.0   0.0  516
 2.700  520.0  90  45  57   0.781   0.0   0.0  519
 2.700  527.5  90  45  54   0.781   0.0   0.0  528
 2.700  255.0 -90  45  57   0.781   0.0   0.0  255
 2.700  257.5 -90  45  72   0.781   0.0   0.0  257
 2.700  260.0 -90  45  57  -0.781 330.0  30.0  258
 2.700  262.5 -90  45  54   0.781 270.0  30.0  261
 2.700  512.5 -90  45  57  -0.781   0.0   0.0  511
 2.700  515.0 -90  45  60  -0.781   0.0   0.0  513
 2.700  517.5 -90  45  54  -0.781   0.0   0.0  516
 2.750  257.5  90  45  69  -0.781   0.0   0.0  259
 2.750  260.0  90  45  84   0.781   0.0   0.0  259
 2.750  262.5  90  45  69   0.781   0.0   0.0  259
 2.750  265.0  90  45  60  -0.781   0.0   0.0  262
 2.750  267.5  90  45  54  -0.781   0.0   0.0  265
 2.750  515.0  90  45  60  -0.781   0.0   0.0  514
 2.750  517.5  90  45  60  -0.781   0.0   0.0  518
 2.750  520.0  90  45  60  -0.781   0.0   0.0  518
 2.750  522.5  90  45  60   0.781   0.0   0.0  521
 2.750  525.0  90  45  57  -0.781  90.0  30.0  522
 2.750  527.5  90  45  57  -0.781  30.0  30.0  526
 2.750  530.0  90  45  60   0.781   0.0   0.0  528
 2.750  257.5 -90  42  63   0.781   0.0   0.0  256
 2.750  260.0 -90  42  72  -0.781   0.0   0.0  260
 2.750  262.5 -90  42  66   0.781   0.0   0.0  260
 2.750  265.0 -90  42  51   0.781 150.0  30.0  263
 2.750  512.5 -90  42  60   0.781   0.0   0.0  512
 2.750  515.0 -90  42  60   0.781   0.0   0.0  513
 2.750  520.0 -90  42  51   0.781   0.0   0.0  517
 2.750  527.5 -90  42  51   0.781   0.0   0.0  527
 2.750  530.0 -90  42  51  -0.781   0.0   0.0  528
 2.800  257.5  90  45  54   0.781   0.0   0.0  258
 2.800  260.0  90  45  75   0.781   0.0   0.0  260
 2.800  262.5  90  45  72  -0.781   0.0   0.0  264
 2.800  265.0  90  45  72  -0.781   0.0   0.0  262
 2.800  272.5  90  45  54  -0.781   0.0   0.0  273
 2.800  515.0  90  45  57   0.781   0.0   0.0  515
 2.800  517.5  90  45  57  -0.781   0.0   0.0  516
 2.800  520.0  90  45  57   0.781   0.0   0.0  520
 2.800  522.5  90  45  69   0.781   0.0   0.0  522
 2.800  525.0  90  45  63  -0.781   0.0   0.0  523
 2.800  527.5  90  45  57  -0.781   0.0   0.0  525
 2.800  537.5  90  45  54  -0.781   0.0   0.0  534
 2.800  257.5 -90  45  63   0.781   0.0   0.0  259
 2.800  260.0 -90  45  75   0.781   0.0   0.0  259
 2.800  262.5 -90  45  66  -0.781   0.0   0.0  260
 2.800  512.5 -90  45  54   0.781   0.0   0.0  514
 2.800  515.0 -90  45  57   0.781   0.0   0.0  515
 2.800  517.5 -90  45  57   0.781   0.0   0.0  516
 2.800  522.5 -90  45  57  -0.781   0.0   0.0  522
 2.850  260.0  90  45  69   0.781   0.0   0.0  262
 2.850  262.5  90  45  90   0.781   0.0   0.0  262
 2.850  265.0  90  45  87  -0.781   0.0   0.0  263
 2.850  267.5  90  45  60   0.781   0.0   0.0  264
 2.850  517.5  90  45  54  -0.781   0.0   0.0  518
 2.850  522.5  90  45  60   0.781   0.0   0.0  522
 2.850  525.0  90  45  69   0.781   0.0   0.0  525
 2.850  527.5  90  45  66   0.781   0.0   0.0  525
 2.850  530.0  90  45  54   0.781   0.0   0.0  528
 2.850  535.0  90  45  54  -0.781   0.0   0.0  534
 2.850  537.5  90  45  54  -0.781   0.0   0.0  535
 2.850  547.5  90  45  54  -0.781   0.0   0.0  545
 2.850  260.0 -90  45  75   0.781   0.0   0.0  261
 2.850  262.5 -90  45  81   0.781   0.0   0.0  261
 2.850  265.0 -90  45  63   0.781   0.0   0.0  262
 2.850  517.5 -90  45  63   0.781   0.0   0.0  517
 2.850  520.0 -90  45  63   0.781   0.0   0.0  518
 2.850  527.5 -90  45  54  -0.781   0.0   0.0  527
 2.900  260.0  90  42  57  -0.781   0.0   0.0  263
 2.900  262.5  90  42  84   0.781   0.0   0.0  263
 2.900  265.0  90  42  90   0.781   0.0   0.0  264
 2.900  267.5  90  42  72   0.781   0.0   0.0  264
 2.900  520.0  90  42  54   0.781   0.0   0.0  520
 2.900  522.5  90  42  63   0.781   0.0   0.0  522
 2.900  525.0  90  42  66  -0.781   0.0   0.0  525
 2.900  527.5  90  42  69   0.781   0.0   0.0  526
 2.900  530.0  90  42  63  -0.781   0.0   0.0  529
 2.900  532.5  90  42  57   0.781  30.0  30.0  530
 2.900  535.0  90  42  54   0.781   0.0   0.0  535
 2.900  537.5  90  42  60  -0.781   0.0   0.0  535
 2.900  540.0  90  42  54  -0.781  90.0  30.0  537
 2.900  542.5  90  42  51  -0.781   0.0   0.0  545
 2.900  547.5  90  42  54  -0.781   0.0   0.0  545
 2.900  560.0  90  42  51  -0.781  30.0  30.0  560
 2.900  792.5  90  42  51  -0.781   0.0   0.0  789
 2.900  260.0 -90  45  63   0.781   0.0   0.0  260
 2.900  262.5 -90  45  78  -0.781   0.0   0.0  262
 2.900  265.0 -90  45  60   0.781   0.0   0.0  261
 2.900  267.5 -90  45  54  -0.781   0.0   0.0  266
 2.900  270.0 -90  45  54  -0.781   0.0   0.0  269
 2.900  517.5 -90  45  57   0.781   0.0   0.0  516
 2.900  520.0 -90  45  60  -0.781   0.0   0.0  519
 2.900  522.5 -90  45  60  -0.781   0.0   0.0  522
 2.900  525.0 -90  45  60   0.781   0.0   0.0  524
 2.900  527.5 -90  45  54   0.781   0.0   0.0  529
 2.900  530.0 -90  45  54  -0.781   0.0   0.0  530
 2.900  532.5 -90  45  54  -0.781   0.0   0.0  532
 2.900  535.0 -90  45  54   0.781   0.0   0.0  533
 2.900  537.5 -90  45  54   0.781  30.0  30.0  536
 2.950  262.5  90  45  75  -0.781   0.0   0.0  264
 2.950  265.0  90  45  87   0.781   0.0   0.0  264
 2.950  267.5  90  45  81  -0.781   0.0   0.0  265
 2.950  270.0  90  45  57  -0.781   0.0   0.0  268
 2.950  272.5  90  45  54  -0.781   0.0   0.0  272
 2.950  522.5  90  45  54  -0.781   0.0   0.0  524
 2.950  527.5  90  45  54  -0.781   0.0   0.0  532
 2.950  530.0  90  45  63  -0.781   0.0   0.0  529
 2.950  532.5  90  45  57   0.781   0.0   0.0  529
 2.950  535.0  90  45  57   0.781   0.0   0.0  533
 2.950  537.5  90  45  54   0.781   0.0   0.0  535
 2.950  260.0 -90  42  57   0.781   0.0   0.0  261
 2.950  262.5 -90  42  81  -0.781   0.0   0.0  263
 2.950  265.0 -90  42  81  -0.781   0.0   0.0  263
 2.950  267.5 -90  42  54  -0.781   0.0   0.0  264
 2.950  270.0 -90  42  51  -0.781  90.0  30.0  268
 2.950  517.5 -90  42  51   0.781   0.0   0.0  517
 2.950  520.0 -90  42  51  -0.781   0.0   0.0  518
 2.950  522.5 -90  42  54  -0.781   0.0   0.0  524
 2.950  525.0 -90  42  57   0.781   0.0   0.0  523
 2.950  527.5 -90  42  51  -0.781 150.0  30.0  527
 2.950  530.0 -90  42  51  -0.781  90.0  30.0  531
 2.950  532.5 -90  42  54  -0.781   0.0   0.0  531
 2.950  537.5 -90  42  54  -0.781   0.0   0.0  537
 3.000  262.5  90  45  57   0.781   0.0   0.0  265
 3.000  265.0  90  45  81   0.781   0.0   0.0  265
 3.000  267.5  90  45  81   0.781   0.0   0.0  266
 3.000  270.0  90  45  63   0.781   0.0   0.0  268
 3.000  530.0  90  45  60   0.781   0.0   0.0  530
 3.000  532.5  90  45  54   0.781   0.0   0.0  536
 3.000  535.0  90  45  60   0.781   0.0   0.0  533
 3.000  540.0  90  45  54  -0.781   0.0   0.0  539
 3.000  555.0  90  45  54  -0.781   0.0   0.0  553
 3.000  262.5 -90  42  69   0.781   0.0   0.0  263
 3.000  265.0 -90  42  75  -0.781   0.0   0.0  264
 3.000  267.5 -90  42  66  -0.781   0.0   0.0  265
 3.000  270.0 -90  42  51  -0.781   0.0   0.0  268
 3.000  527.5 -90  42  57   0.781   0.0   0.0  526
 3.000  530.0 -90  42  60  -0.781   0.0   0.0  529
 3.000  532.5 -90  42  54   0.781   0.0   0.0  530
 3.000  542.5 -90  42  51  -0.781   0.0   0.0  542
 3.050  265.0  90  45  72   0.781   0.0   0.0  267
 3.050  267.5  90  45  84   0.781   0.0   0.0  267
 3.050  270.0  90  45  72   0.781   0.0   0.0  267
 3.050  532.5  90  45  60   0.781   0.0   0.0  533
 3.050  535.0  90  45  60   0.781   0.0   0.0  533
 3.050  537.5  90  45  57  -0.781   0.0   0.0  536
 3.050  545.0  90  45  57  -0.781  30.0  30.0  545
 3.050  262.5 -90  45  60  -0.781   0.0   0.0  263
 3.050  265.0 -90  45  81   0.781   0.0   0.0  265
 3.050  267.5 -90  45  78   0.781   0.0   0.0  265
 3.050  270.0 -90  45  63  -0.781   0.0   0.0  267
 3.050  522.5 -90  45  54  -0.781   0.0   0.0  521
 3.050  525.0 -90  45  57   0.781   0.0   0.0  525
 3.050  527.5 -90  45  60   0.781   0.0   0.0  526
 3.050  530.0 -90  45  57   0.781   0.0   0.0  529
 3.050  532.5 -90  45  57  -0.781   0.0   0.0  532
 3.050  535.0 -90  45  57  -0.781   0.0   0.0  534
 3.050  540.0 -90  45  54  -0.781   0.0   0.0  538
 3.050  545.0 -90  45  54  -0.781   0.0   0.0  544
 3.050  547.5 -90  45  54  -0.781  30.0  30.0  545
 3.100  265.0  90  42  57   0.781  30.0  30.0  266
 3.100  267.5  90  42  81   0.781   0.0   0.0  268
 3.100  270.0  90  42  78  -0.781   0.0   0.0  267
 3.100  272.5  90  42  63  -0.781   0.0   0.0  270
 3.100  275.0  90  42  57  -0.781   0.0   0.0  272
 3.100  530.0  90  42  51  -0.781   0.0   0.0  531
 3.100  535.0  90  42  66   0.781   0.0   0.0  534
 3.100  537.5  90  42  66  -0.781   0.0   0.0  537
 3.100  540.0  90  42  63   0.781   0.0   0.0  539
 3.100  542.5  90  42  57  -0.781   0.0   0.0  539
 3.100  545.0  90  42  54   0.781   0.0   0.0  543
 3.100  547.5  90  42  54  -0.781   0.0   0.0  547
 3.100  552.5  90  42  54  -0.781   0.0   0.0  552
 3.100  555.0  90  42  51  -0.781 210.0  30.0  552
 3.100  562.5  90  42  51  -0.781   0.0   0.0  560
 3.100  800.0  90  42  51  -0.781   0.0   0.0  798
 3.100  807.5  90  42  51   0.781   0.0   0.0  805
 3.100  262.5 -90  45  54  -0.781   0.0   0.0  266
 3.100  265.0 -90  45  75   0.781   0.0   0.0  266
 3.100  267.5 -90  45  84   0.781   0.0   0.0  266
 3.100  270.0 -90  45  72  -0.781   0.0   0.0  267
 3.100  527.5 -90  45  54  -0.781   0.0   0.0  525
 3.100  532.5 -90  45  57   0.781   0.0   0.0  531
 3.100  535.0 -90  45  60  -0.781   0.0   0.0  535
 3.100  537.5 -90  45  57  -0.781   0.0   0.0  536
 3.100  542.5 -90  45  54  -0.781   0.0   0.0  543
 3.150  267.5  90  45  69   0.781   0.0   0.0  269
 3.150  270.0  90  45  84   0.781   0.0   0.0  269
 3.150  272.5  90  45  78   0.781   0.0   0.0  270
 3.150  275.0  90  45  57   0.781   0.0   0.0  274
 3.150  277.5  90  45  57  -0.781   0.0   0.0  276
 3.150  532.5  90  45  54  -0.781   0.0   0.0  535
 3.150  535.0  90  45  60   0.781   0.0   0.0  534
 3.150  537.5  90  45  66  -0.781   0.0   0.0  538
 3.150  540.0  90  45  69   0.781   0.0   0.0  538
 3.150  542.5  90  45  57   0.781  30.0  30.0  541
 3.150  545.0  90  45  54  -0.781   0.0   0.0  547
 3.150  547.5  90  45  54  -0.781   0.0   0.0  546
 3.150  550.0  90  45  54  -0.781  90.0  30.0  550
 3.150  552.5  90  45  54  -0.781  90.0  30.0  551
 3.150  562.5  90  45  54  -0.781  90.0  30.0  562
 3.150  565.0  90  45  54  -0.781  90.0  30.0  565
 3.150  265.0 -90  45  60   0.781   0.0   0.0  265
 3.150  267.5 -90  45  78  -0.781   0.0   0.0  267
 3.150  270.0 -90  45  78   0.781   0.0   0.0  268
 3.150  272.5 -90  45  60  -0.781   0.0   0.0  270
 3.150  527.5 -90  45  57  -0.781   0.0   0.0  530
 3.150  530.0 -90  45  63  -0.781   0.0   0.0  530
 3.150  532.5 -90  45  66   0.781   0.0   0.0  532
 3.150  535.0 -90  45  63  -0.781   0.0   0.0  534
 3.150  537.5 -90  45  57  -0.781   0.0   0.0  537
 3.150  540.0 -90  45  57   0.781   0.0   0.0  540
 3.150  542.5 -90  45  54   0.781  30.0  30.0  540
 3.150  545.0 -90  45  54  -0.781   0.0   0.0  546
 3.150  547.5 -90  45  54   0.781   0.0   0.0  544
 3.150  552.5 -90  45  54   0.781   0.0   0.0  556
 3.200  267.5  90  45  57  -0.781   0.0   0.0  270
 3.200  270.0  90  45  81   0.781   0.0   0.0  270
 3.200  272.5  90  45  81   0.781   0.0   0.0  271
 3.200  275.0  90  45  66  -0.781   0.0   0.0  273
 3.200  535.0  90  45  57   0.781   0.0   0.0  535
 3.200  540.0  90  45  60   0.781   0.0   0.0  539
 3.200  542.5  90  45  66  -0.781   0.0   0.0  542
 3.200  545.0  90  45  54   0.781  30.0  30.0  548
 3.200  555.0  90  45  54  -0.781  90.0  30.0  555
 3.200  557.5  90  45  54  -0.781   0.0   0.0  557
 3.200  565.0  90  45  54  -0.781  30.0  30.0  564
 3.200  267.5 -90  42  66   0.781   0.0   0.0  268
 3.200  270.0 -90  42  69   0.781   0.0   0.0  268
 3.200  272.5 -90  42  60   0.781   0.0   0.0  268
 3.200  277.5 -90  42  51  -0.781 210.0  30.0  279
 3.200  530.0 -90  42  54   0.781   0.0   0.0  527
 3.200  532.5 -90  42  57   0.781   0.0   0.0  534
 3.200  535.0 -90  42  63  -0.781   0.0   0.0  534
 3.200  537.5 -90  42  63   0.781   0.0   0.0  536
 3.200  540.0 -90  42  51  -0.781  30.0  30.0  540
 3.200  542.5 -90  42  51   0.781   0.0   0.0  542
 3.200  547.5 -90  42  51  -0.781  30.0  30.0  547
 3.200  550.0 -90  42  51  -0.781  90.0  30.0  549
 3.250  270.0  90  45  69   0.781   0.0   0.0  271
 3.250  272.5  90  45  84  -0.781   0.0   0.0  272
 3.250  275.0  90  45  75  -0.781   0.0   0.0  272
 3.250  277.5  90  45  57  -0.781   0.0   0.0  275
 3.250  537.5  90  45  60   0.781   0.0   0.0  537
 3.250  540.0  90  45  57  -0.781   0.0   0.0  539
 3.250  542.5  90  45  60  -0.781   0.0   0.0  542
 3.250  545.0  90  45  60   0.781   0.0   0.0  544
 3.250  547.5  90  45  60   0.781   0.0   0.0  547
 3.250  550.0  90  45  54  -0.781  30.0  30.0  550
 3.250  267.5 -90  45  57  -0.781   0.0   0.0  270
 3.250  270.0 -90  45  81  -0.781   0.0   0.0  270
 3.250  272.5 -90  45  78   0.781   0.0   0.0  271
 3.250  532.5 -90  45  54  -0.781   0.0   0.0  529
 3.250  535.0 -90  45  54   0.781   0.0   0.0  535
 3.250  537.5 -90  45  57  -0.781   0.0   0.0  538
 3.250  540.0 -90  45  60   0.781   0.0   0.0  538
 3.250  542.5 -90  45  54   0.781 150.0  30.0  540
 3.250  545.0 -90  45  60  -0.781   0.0   0.0  544
 3.250  550.0 -90  45  54  -0.781   0.0   0.0  551
 3.250  555.0 -90  45  54  -0.781  90.0  30.0  553
 3.250  557.5 -90  45  54  -0.781   0.0   0.0  557
 3.300   82.5  90  42  51   0.781   0.0   0.0   83
 3.300  270.0  90  42  51  -0.781  30.0  30.0  270
 3.300  272.5  90  42  75   0.781   0.0   0.0  273
 3.300  275.0  90  42  78   0.781   0.0   0.0  273
 3.300  277.5  90  42  57   0.781   0.0   0.0  274
 3.300  540.0  90  42  51   0.781 330.0  30.0  539
 3.300  542.5  90  42  57  -0.781   0.0   0.0  542
 3.300  545.0  90  42  54  -0.781   0.0   0.0  543
 3.300  547.5  90  42  51  -0.781 210.0  30.0  547
 3.300  550.0  90  42  54  -0.781   0.0   0.0  548
 3.300  552.5  90  42  54  -0.781   0.0   0.0  550
 3.300  555.0  90  42  57  -0.781   0.0   0.0  553
 3.300  557.5  90  42  54  -0.781   0.0   0.0  557
 3.300  560.0  90  42  51  -0.781   0.0   0.0  560
 3.300  565.0  90  42  54  -0.781   0.0   0.0  565
 3.300  570.0  90  42  51  -0.781  90.0  30.0  569
 3.300  582.5  90  42  51   0.781   0.0   0.0  580
 3.300  817.5  90  42  51   0.781  30.0  30.0  819
 3.300  270.0 -90  45  78   0.781   0.0   0.0  270
 3.300  272.5 -90  45  81  -0.781   0.0   0.0  271
 3.300  275.0 -90  45  57  -0.781   0.0   0.0  272
 3.300  537.5 -90  45  54   0.781   0.0   0.0  540
 3.300  540.0 -90  45  66   0.781   0.0   0.0  539
 3.300  542.5 -90  45  60   0.781   0.0   0.0  540
 3.300  545.0 -90  45  54  -0.781   0.0   0.0  543
 3.300  550.0 -90  45  54  -0.781  90.0  30.0  550
 3.300  552.5 -90  45  54  -0.781   0.0   0.0  553
 3.300  560.0 -90  45  54  -0.781  90.0  30.0  558
 3.350  272.5  90  42  60  -0.781   0.0   0.0  273
 3.350  275.0  90  42  75  -0.781   0.0   0.0  274
 3.350  277.5  90  42  66   0.781   0.0   0.0  275
 3.350  280.0  90  42  51  -0.781  30.0  30.0  280
 3.350  545.0  90  42  51   0.781   0.0   0.0  543
 3.350  547.5  90  42  57   0.781   0.0   0.0  547
 3.350  550.0  90  42  63   0.781   0.0   0.0  549
 3.350  552.5  90  42  60  -0.781   0.0   0.0  552
 3.350  555.0  90  42  54   0.781   0.0   0.0  553
 3.350  557.5  90  42  51   0.781   0.0   0.0  556
 3.350  270.0 -90  42  60   0.781   0.0   0.0  269
 3.350  272.5 -90  42  72  -0.781   0.0   0.0  273
 3.350  275.0 -90  42  72   0.781   0.0   0.0  273
 3.350  545.0 -90  42  57   0.781   0.0   0.0  545
 3.350  547.5 -90  42  54   0.781   0.0   0.0  546
 3.350  550.0 -90  42  54  -0.781   0.0   0.0  549
 3.350  555.0 -90  42  51  -0.781  30.0  30.0  554
 3.350  557.5 -90  42  51  -0.781  90.0  30.0  556
 3.400  272.5  90  42  60   0.781  30.0  30.0  273
 3.400  275.0  90  42  69  -0.781   0.0   0.0  275
 3.400  277.5  90  42  69   0.781   0.0   0.0  275
 3.400  280.0  90  42  51  -0.781   0.0   0.0  282
 3.400  550.0  90  42  54  -0.781   0.0   0.0  548
 3.400  552.5  90  42  57   0.781   0.0   0.0  552
 3.400  555.0  90  42  54   0.781   0.0   0.0  554
 3.400  557.5  90  42  57  -0.781   0.0   0.0  558
 3.400  560.0  90  42  54  -0.781   0.0   0.0  559
 3.400  562.5  90  42  54  -0.781   0.0   0.0  563
 3.400  565.0  90  42  54  -0.781   0.0   0.0  563
 3.400  270.0 -90  45  54   0.781   0.0   0.0  274
 3.400  272.5 -90  45  81   0.781   0.0   0.0  273
 3.400  275.0 -90  45  84   0.781   0.0   0.0  273
 3.400  277.5 -90  45  63   0.781   0.0   0.0  274
 3.400  280.0 -90  45  54  -0.781   0.0   0.0  276
 3.400  545.0 -90  45  60   0.781   0.0   0.0  545
 3.400  547.5 -90  45  60   0.781   0.0   0.0  545
 3.400  550.0 -90  45  54   0.781   0.0   0.0  549
 3.450  272.5  90  42  51   0.781  30.0  30.0  274
 3.450  275.0  90  42  66  -0.781  30.0  30.0  274
 3.450  277.5  90  42  72   0.781   0.0   0.0  277
 3.450  280.0  90  42  66   0.781   0.0   0.0  278
 3.450  555.0  90  42  54   0.781   0.0   0.0  554
 3.450  557.5  90  42  54  -0.781   0.0   0.0  557
 3.450  560.0  90  42  54  -0.781   0.0   0.0  556
 3.450  272.5 -90  42  69   0.781   0.0   0.0  273
 3.450  275.0 -90  42  78   0.781   0.0   0.0  274
 3.450  277.5 -90  42  63   0.781   0.0   0.0  275
 3.450  280.0 -90  42  57   0.781  30.0  30.0  278
 3.450  545.0 -90  42  51   0.781   0.0   0.0  546
 3.450  550.0 -90  42  51  -0.781   0.0   0.0  546
 3.500  275.0  90  42  60  -0.781  30.0  30.0  275
 3.500  277.5  90  42  69   0.781   0.0   0.0  277
 3.500  280.0  90  42  69   0.781   0.0   0.0  279
 3.500  282.5  90  42  57   0.781   0.0   0.0  280
 3.500  552.5  90  42  51  -0.781   0.0   0.0  553
 3.500  555.0  90  42  54  -0.781   0.0   0.0  555
 3.500  560.0  90  42  57  -0.781   0.0   0.0  559
 3.500  562.5  90  42  54   0.781   0.0   0.0  561
 3.500  580.0  90  42  51   0.781 150.0  30.0  578
 3.500  275.0 -90  42  72   0.781   0.0   0.0  275
 3.500  277.5 -90  42  75   0.781   0.0   0.0  276
 3.500  280.0 -90  42  66  -0.781   0.0   0.0  278
 3.500  547.5 -90  42  51  -0.781   0.0   0.0  546
 3.500  550.0 -90  42  51  -0.781   0.0   0.0  546
 3.500  552.5 -90  42  51  -0.781   0.0   0.0  556
 3.500  560.0 -90  42  51   0.781  30.0  30.0  560
 3.500  562.5 -90  42  51  -0.781 150.0  30.0  559
 3.550  277.5  90  42  60  -0.781  30.0  30.0  277
 3.550  280.0  90  42  69   0.781   0.0   0.0  280
 3.550  282.5  90  42  63   0.781   0.0   0.0  280
 3.550  560.0  90  42  51  -0.781   0.0   0.0  557
 3.550  275.0 -90  42  57   0.781   0.0   0.0  276
 3.550  277.5 -90  42  69   0.781   0.0   0.0  276
 3.550  280.0 -90  42  60   0.781   0.0   0.0  279
 3.550  282.5 -90  42  57  -0.781  30.0  30.0  280
 3.550  552.5 -90  42  51  -0.781   0.0   0.0  554
 3.550  555.0 -90  42  54   0.781   0.0   0.0  555
 3.550  557.5 -90  42  54   0.781   0.0   0.0  557
 3.600  282.5  90  48  69  -0.781   0.0   0.0  282
 3.600  277.5 -90  45  66   0.781   0.0   0.0  277
 3.600  280.0 -90  45  60  -0.781   0.0   0.0  279
 3.600  282.5 -90  45  63  -0.781   0.0   0.0  281
 3.650  280.0  90  45  57   0.781  30.0  30.0  279
 3.650  282.5  90  45  66   0.781   0.0   0.0  283
 3.650  285.0  90  45  69  -0.781   0.0   0.0  283
 3.650  570.0  90  45  57   0.781   0.0   0.0  569
 3.650  572.5  90  45  57   0.781   0.0   0.0  571
 3.650  575.0  90  45  54   0.781   0.0   0.0  573
 3.650  277.5 -90  48  60  -0.781   0.0   0.0  278
 3.650  280.0 -90  48  72   0.781   0.0   0.0  279
 3.650  282.5 -90  48  66  -0.781   0.0   0.0  281
 3.650  285.0 -90  48  63  -0.781  30.0  30.0  283
 3.650  557.5 -90  48  57   0.781   0.0   0.0  555
 3.650  560.0 -90  48  60  -0.781   0.0   0.0  558
 3.700  280.0  90  48  57  -0.781  30.0  30.0  281
 3.700  282.5  90  48  60  -0.781   0.0   0.0  282
 3.700  285.0  90  48  72   0.781   0.0   0.0  285
 3.700  287.5  90  48  66  -0.781   0.0   0.0  285
 3.700  570.0  90  48  57   0.781   0.0   0.0  571
 3.700  280.0 -90  48  72   0.781   0.0   0.0  280
 3.700  282.5 -90  48  72   0.781   0.0   0.0  281
 3.700  285.0 -90  48  57   0.781  30.0  30.0  288
 3.700  287.5 -90  48  57  -0.781   0.0   0.0  286
 3.700  555.0 -90  48  57   0.781   0.0   0.0  556
 3.700  557.5 -90  48  60   0.781   0.0   0.0  556
 3.700  560.0 -90  48  57   0.781   0.0   0.0  560
 3.700  562.5 -90  48  63   0.781   0.0   0.0  562
 3.700  565.0 -90  48  60   0.781   0.0   0.0  563
 3.750  282.5  90  45  60   0.781  30.0  30.0  281
 3.750  285.0  90  45  63   0.781   0.0   0.0  286
 3.750  287.5  90  45  75   0.781   0.0   0.0  286
 3.750  290.0  90  45  60   0.781   0.0   0.0  286
 3.750  572.5  90  45  54  -0.781   0.0   0.0  572
 3.750  575.0  90  45  54   0.781   0.0   0.0  575
 3.750  577.5  90  45  54  -0.781   0.0   0.0  576
 3.750  580.0  90  45  57   0.781  30.0  30.0  578
 3.750  582.5  90  45  54   0.781  90.0  30.0  580
 3.750  280.0 -90  45  63  -0.781   0.0   0.0  281
 3.750  282.5 -90  45  78   0.781   0.0   0.0  282
 3.750  285.0 -90  45  66   0.781   0.0   0.0  282
 3.750  287.5 -90  45  63   0.781  30.0  30.0  286
 3.750  562.5 -90  45  57   0.781   0.0   0.0  563
 3.750  565.0 -90  45  57   0.781   0.0   0.0  562
 3.750  570.0 -90  45  54   0.781   0.0   0.0  568
 3.750  575.0 -90  45  54  -0.781   0.0   0.0  573
 3.750  585.0 -90  45  57   0.781  90.0  30.0  584
 3.800  282.5  90  42  54   0.781  30.0  30.0  282
 3.800  285.0  90  42  57   0.781  30.0  30.0  284
 3.800  287.5  90  42  72   0.781   0.0   0.0  288
 3.800  290.0  90  42  72   0.781   0.0   0.0  288
 3.800  572.5  90  42  54  -0.781   0.0   0.0  572
 3.800  577.5  90  42  54   0.781   0.0   0.0  577
 3.800  580.0  90  42  57   0.781   0.0   0.0  577
 3.800  582.5  90  42  60   0.781  30.0  30.0  582
 3.800  587.5  90  42  60   0.781   0.0   0.0  587
 3.800  590.0  90  42  51  -0.781  30.0  30.0  589
 3.800  597.5  90  42  54  -0.781  90.0  30.0  597
 3.800  282.5 -90  42  72   0.781   0.0   0.0  283
 3.800  285.0 -90  42  72  -0.781   0.0   0.0  283
 3.800  287.5 -90  42  60  -0.781  30.0  30.0  289
 3.800  290.0 -90  42  63  -0.781  30.0  30.0  288
 3.800  560.0 -90  42  51   0.781   0.0   0.0  559
 3.800  562.5 -90  42  51   0.781  30.0  30.0  559
 3.800  567.5 -90  42  57   0.781   0.0   0.0  566
 3.800  570.0 -90  42  51   0.781  90.0  30.0  570
 3.800  572.5 -90  42  57   0.781   0.0   0.0  571
 3.800  577.5 -90  42  54   0.781   0.0   0.0  577
 3.800  580.0 -90  42  54   0.781  90.0  30.0  577
 3.800  582.5 -90  42  57  -0.781   0.0   0.0  582
 3.800  592.5 -90  42  54  -0.781  90.0  30.0  591
 3.800 1245.0 -90  42  51   3.906  90.0  30.0 1245
 3.850  285.0  90  42  54  -0.781  90.0  30.0  285
 3.850  287.5  90  42  57  -0.781   0.0   0.0  289
 3.850  290.0  90  42  75   0.781   0.0   0.0  289
 3.850  292.5  90  42  66   0.781   0.0   0.0  290
 3.850  580.0  90  42  57   0.781   0.0   0.0  580
 3.850  582.5  90  42  51   0.781 150.0  30.0  580
 3.850  585.0  90  42  57   0.781  90.0  30.0  584
 3.850  587.5  90  42  57   0.781  30.0  30.0  586
 3.850  590.0  90  42  60  -0.781  90.0  30.0  590
 3.850  592.5  90  42  57  -0.781   0.0   0.0  591
 3.850  595.0  90  42  51  -0.781   0.0   0.0  593
 3.850  597.5  90  42  51  -0.781  90.0  30.0  598
 3.850  602.5  90  42  51  -0.781  90.0  30.0  601
 3.850  282.5 -90  42  57   0.781   0.0   0.0  283
 3.850  285.0 -90  42  75   0.781   0.0   0.0  284
 3.850  287.5 -90  42  66   0.781   0.0   0.0  285
 3.850  290.0 -90  42  60   0.781  90.0  30.0  290
 3.850  292.5 -90  42  51   0.781   0.0   0.0  291
 3.850  562.5 -90  42  51   0.781   0.0   0.0  562
 3.850  567.5 -90  42  54   0.781   0.0   0.0  568
 3.850  570.0 -90  42  57   0.781   0.0   0.0  569
 3.850  572.5 -90  42  51   0.781   0.0   0.0  572
 3.850  582.5 -90  42  54  -0.781  90.0  30.0  582
 3.850  585.0 -90  42  54  -0.781  90.0  30.0  584
 3.850  587.5 -90  42  51  -0.781  90.0  30.0  587
 3.850  590.0 -90  42  51  -0.781  90.0  30.0  591
 3.850  592.5 -90  42  54  -0.781  90.0  30.0  591
 3.900  285.0  90  42  54  -0.781  30.0  30.0  286
 3.900  287.5  90  42  60   0.781  30.0  30.0  286
 3.900  290.0  90  42  66   0.781   0.0   0.0  291
 3.900  292.5  90  42  72   0.781   0.0   0.0  291
 3.900  577.5  90  42  54  -0.781   0.0   0.0  576
 3.900  582.5  90  42  54  -0.781   0.0   0.0  581
 3.900  587.5  90  42  54   0.781   0.0   0.0  587
 3.900  590.0  90  42  51   0.781   0.0   0.0  590
 3.900  592.5  90  42  51  -0.781   0.0   0.0  590
 3.900  595.0  90  42  57   0.781   0.0   0.0  594
 3.900  600.0  90  42  54  -0.781  90.0  30.0  598
 3.900  605.0  90  42  51   0.781  30.0  30.0  606
 3.900  285.0 -90  45  72   0.781   0.0   0.0  286
 3.900  287.5 -90  45  78   0.781   0.0   0.0  286
 3.900  290.0 -90  45  57   0.781   0.0   0.0  283
 3.900  292.5 -90  45  57   0.781  30.0  30.0  292
 3.900  572.5 -90  45  57   0.781   0.0   0.0  572
 3.900  577.5 -90  45  57  -0.781   0.0   0.0  576
 3.900  585.0 -90  45  57  -0.781  90.0  30.0  584
 3.950  287.5  90  42  54  -0.781  30.0  30.0  287
 3.950  290.0  90  42  54   0.781  30.0  30.0  291
 3.950  292.5  90  42  69   0.781   0.0   0.0  292
 3.950  295.0  90  42  69   0.781   0.0   0.0  293
 3.950  300.0  90  42  51  -0.781   0.0   0.0  298
 3.950  577.5  90  42  51   0.781   0.0   0.0  578
 3.950  580.0  90  42  57   0.781   0.0   0.0  577
 3.950  582.5  90  42  57   0.781   0.0   0.0  581
 3.950  585.0  90  42  54   0.781   0.0   0.0  584
 3.950  590.0  90  42  54   0.781   0.0   0.0  588
 3.950  592.5  90  42  51  -0.781   0.0   0.0  593
 3.950  595.0  90  42  51  -0.781   0.0   0.0  595
 3.950  597.5  90  42  54  -0.781   0.0   0.0  596
 3.950  605.0  90  42  51  -0.781 150.0  30.0  607
 3.950  607.5  90  42  54  -0.781  90.0  30.0  607
 3.950  285.0 -90  42  57  -0.781   0.0   0.0  287
 3.950  287.5 -90  42  75   0.781   0.0   0.0  287
 3.950  290.0 -90  42  66   0.781   0.0   0.0  287
 3.950  292.5 -90  42  60  -0.781   0.0   0.0  292
 3.950  295.0 -90  42  57  -0.781  30.0  30.0  294
 3.950  412.5 -90  42  51  -5.469  90.0  30.0  413
 3.950  575.0 -90  42  60   0.781   0.0   0.0  575
 3.950  577.5 -90  42  63   0.781   0.0   0.0  576
 3.950  580.0 -90  42  60   0.781   0.0   0.0  580
 3.950  587.5 -90  42  51   0.781  90.0  30.0  589
 3.950  590.0 -90  42  57  -0.781  90.0  30.0  588
 4.000  290.0  90  42  54   0.781  30.0  30.0  288
 4.000  292.5  90  42  54   0.781   0.0   0.0  294
 4.000  295.0  90  42  69   0.781   0.0   0.0  294
 4.000  297.5  90  42  60   0.781   0.0   0.0  296
 4.000  582.5  90  42  51  -0.781   0.0   0.0  581
 4.000  585.0  90  42  51   0.781   0.0   0.0  584
 4.000  590.0  90  42  54   0.781   0.0   0.0  589
 4.000  592.5  90  42  51   0.781   0.0   0.0  589
 4.000  595.0  90  42  51   0.781   0.0   0.0  592
 4.000  597.5  90  42  54   0.781  90.0  30.0  595
 4.000  602.5  90  42  51  -0.781  90.0  30.0  604
 4.000  287.5 -90  42  66   0.781   0.0   0.0  288
 4.000  290.0 -90  42  72   0.781   0.0   0.0  289
 4.000  292.5 -90  42  57   0.781  90.0  30.0  290
 4.000  295.0 -90  42  57   0.781  90.0  30.0  295
 4.000  577.5 -90  42  60   0.781   0.0   0.0  577
 4.000  580.0 -90  42  60   0.781  90.0  30.0  579
 4.000  585.0 -90  42  51  -0.781   0.0   0.0  585
 4.000  592.5 -90  42  51   0.781  90.0  30.0  594
 4.000  595.0 -90  42  54  -0.781  90.0  30.0  595
 4.000  600.0 -90  42  51  -0.781  90.0  30.0  597
 4.050  290.0  90  42  57   0.781  30.0  30.0  290
 4.050  292.5  90  42  54   0.781  90.0  30.0  290
 4.050  295.0  90  42  60   0.781   0.0   0.0  296
 4.050  297.5  90  42  63   0.781   0.0   0.0  295
 4.050  300.0  90  42  51  -0.781   0.0   0.0  296
 4.050  585.0  90  42  51  -0.781   0.0   0.0  585
 4.050  587.5  90  42  51  -0.781   0.0   0.0  586
 4.050  590.0  90  42  51   0.781   0.0   0.0  589
 4.050  592.5  90  42  51   0.781   0.0   0.0  593
 4.050  595.0  90  42  57   0.781   0.0   0.0  595
 4.050  597.5  90  42  54   0.781   0.0   0.0  596
 4.050  600.0  90  42  51   0.781  30.0  30.0  597
 4.050  602.5  90  42  54  -0.781   0.0   0.0  603
 4.050  605.0  90  42  60   0.781   0.0   0.0  604
 4.050  607.5  90  42  57  -0.781  90.0  30.0  607
 4.050  610.0  90  42  51  -0.781  90.0  30.0  610
 4.050  287.5 -90  42  51   0.781   0.0   0.0  289
 4.050  290.0 -90  42  72   0.781   0.0   0.0  290
 4.050  292.5 -90  42  72   0.781   0.0   0.0  290
 4.050  295.0 -90  42  51  -0.781  90.0  30.0  297
 4.050  297.5 -90  42  51   0.781  90.0  30.0  295
 4.050  312.5 -90  42  51  -0.781  90.0  30.0  312
 4.050  577.5 -90  42  54   0.781   0.0   0.0  578
 4.050  582.5 -90  42  57   0.781  90.0  30.0  582
 4.050  585.0 -90  42  60   0.781  90.0  30.0  584
 4.050  587.5 -90  42  57   0.781   0.0   0.0  587
 4.050  590.0 -90  42  54  -0.781  90.0  30.0  586
 4.050  592.5 -90  42  57   0.781  90.0  30.0  592
 4.050  595.0 -90  42  60   0.781  90.0  30.0  593
 4.050  597.5 -90  42  51   0.781  90.0  30.0  595
 4.050  602.5 -90  42  51  -0.781 210.0  30.0  602
 4.050  605.0 -90  42  54   0.781  90.0  30.0  602
 4.050  607.5 -90  42  51  -0.781  90.0  30.0  606
 4.100  292.5  90  42  54   0.781  90.0  30.0  290
 4.100  297.5  90  42  69   0.781   0.0   0.0  297
 4.100  300.0  90  42  66   0.781   0.0   0.0  297
 4.100  590.0  90  42  60   0.781   0.0   0.0  591
 4.100  592.5  90  42  60   0.781   0.0   0.0  591
 4.100  595.0  90  42  57  -0.781   0.0   0.0  595
 4.100  597.5  90  42  60   0.781   0.0   0.0  599
 4.100  600.0  90  42  66   0.781   0.0   0.0  599
 4.100  602.5  90  42  60   0.781  30.0  30.0  601
 4.100  605.0  90  42  57   0.781   0.0   0.0  604
 4.100  607.5  90  42  54  -0.781 150.0  30.0  608
 4.100  610.0  90  42  60  -0.781 150.0  30.0  608
 4.100  615.0  90  42  54  -0.781  90.0  30.0  613
 4.100  617.5  90  42  51  -0.781  90.0  30.0  616
 4.100  622.5  90  42  51   0.781  90.0  30.0  621
 4.100  290.0 -90  45  66   0.781   0.0   0.0  291
 4.100  292.5 -90  45  78   0.781   0.0   0.0  292
 4.100  295.0 -90  45  66   0.781   0.0   0.0  292
 4.100  580.0 -90  45  60  -0.781   0.0   0.0  580
 4.100  582.5 -90  45  57   0.781   0.0   0.0  581
 4.100  585.0 -90  45  60   0.781   0.0   0.0  586
 4.100  587.5 -90  45  69   0.781   0.0   0.0  586
 4.100  595.0 -90  45  60  -0.781  90.0  30.0  593
 4.100  597.5 -90  45  60   0.781  90.0  30.0  597
 4.100  600.0 -90  45  60  -0.781  90.0  30.0  599
 4.100  602.5 -90  45  54  -0.781   0.0   0.0  602
 4.100  605.0 -90  45  54   0.781  90.0  30.0  604
 4.150  297.5  90  42  57  -0.781   0.0   0.0  299
 4.150  300.0  90  42  72   0.781   0.0   0.0  300
 4.150  302.5  90  42  69   0.781   0.0   0.0  300
 4.150  592.5  90  42  51  -0.781   0.0   0.0  593
 4.150  595.0  90  42  57   0.781   0.0   0.0  593
 4.150  597.5  90  42  54   0.781   0.0   0.0  600
 4.150  600.0  90  42  60   0.781   0.0   0.0  599
 4.150  602.5  90  42  57   0.781   0.0   0.0  602
 4.150  605.0  90  42  51  -0.781  90.0  30.0  604
 4.150  610.0  90  42  57   0.781  90.0  30.0  609
 4.150  612.5  90  42  57   0.781  90.0  30.0  613
 4.150  617.5  90  42  54  -0.781 150.0  30.0  615
 4.150  620.0  90  42  54  -0.781  90.0  30.0  618
 4.150  622.5  90  42  54   0.781  90.0  30.0  622
 4.150  625.0  90  42  57  -0.781  90.0  30.0  624
 4.150  627.5  90  42  54  -0.781  90.0  30.0  627
 4.150  290.0 -90  42  51   0.781   0.0   0.0  292
 4.150  292.5 -90  42  72   0.781   0.0   0.0  293
 4.150  295.0 -90  42  75  -0.781   0.0   0.0  293
 4.150  297.5 -90  42  63   0.781   0.0   0.0  295
 4.150  300.0 -90  42  57  -0.781  90.0  30.0  299
 4.150  302.5 -90  42  51   0.781 150.0  30.0  300
 4.150  305.0 -90  42  51   0.781 150.0  30.0  309
 4.150  315.0 -90  42  51  -0.781  90.0  30.0  319
 4.150  317.5 -90  42  51  -0.781  90.0  30.0  316
 4.150  580.0 -90  42  54   0.781  90.0  30.0  579
 4.150  585.0 -90  42  60   0.781   0.0   0.0  584
 4.150  587.5 -90  42  57   0.781   0.0   0.0  586
 4.150  590.0 -90  42  63   0.781   0.0   0.0  588
 4.150  592.5 -90  42  60   0.781  90.0  30.0  592
 4.150  595.0 -90  42  60   0.781  90.0  30.0  593
 4.150  597.5 -90  42  57   0.781  30.0  30.0  596
 4.150  600.0 -90  42  54   0.781  90.0  30.0  600
 4.150  605.0 -90  42  51   0.781 330.0  30.0  607
 4.150  607.5 -90  42  57  -0.781 150.0  30.0  606
 4.150  615.0 -90  42  51   0.781  30.0  30.0  613
 4.150  617.5 -90  42  51  -0.781  90.0  30.0  617
 4.150  877.5 -90  42  51   0.781   0.0   0.0  876
 4.200  295.0  90  42  54   0.781  90.0  30.0  294
 4.200  297.5  90  42  51  -0.781   0.0   0.0  290
 4.200  300.0  90  42  69   0.781   0.0   0.0  301
 4.200  302.5  90  42  75   0.781   0.0   0.0  301
 4.200  305.0  90  42  63   0.781   0.0   0.0  303
 4.200  307.5  90  42  51  -0.781 150.0  30.0  306
 4.200  595.0  90  42  51   0.781   0.0   0.0  593
 4.200  597.5  90  42  57   0.781   0.0   0.0  599
 4.200  600.0  90  42  60   0.781   0.0   0.0  599
 4.200  602.5  90  42  54  -0.781   0.0   0.0  600
 4.200  605.0  90  42  51  -0.781 150.0  30.0  606
 4.200  607.5  90  42  54  -0.781   0.0   0.0  606
 4.200  610.0  90  42  51  -0.781  30.0  30.0  605
 4.200  612.5  90  42  57   0.781  90.0  30.0  611
 4.200  615.0  90  42  57  -0.781   0.0   0.0  614
 4.200  617.5  90  42  51  -0.781 150.0  30.0  616
 4.200  620.0  90  42  54  -0.781  90.0  30.0  619
 4.200  625.0  90  42  54  -0.781  90.0  30.0  625
 4.200  627.5  90  42  51  -0.781  90.0  30.0  624
 4.200  630.0  90  42  51   0.781 150.0  30.0  629
 4.200  292.5 -90  45  60   0.781   0.0   0.0  294
 4.200  295.0 -90  45  81   0.781   0.0   0.0  295
 4.200  297.5 -90  45  78   0.781   0.0   0.0  295
 4.200  300.0 -90  45  54  -0.781   0.0   0.0  300
 4.200  302.5 -90  45  54  -0.781  90.0  30.0  301
 4.200  585.0 -90  45  54   0.781   0.0   0.0  585
 4.200  590.0 -90  45  60   0.781   0.0   0.0  589
 4.200  595.0 -90  45  57   0.781  30.0  30.0  593
 4.200  602.5 -90  45  54   0.781  30.0  30.0  601
 4.200  605.0 -90  45  54  -0.781 150.0  30.0  606
 4.200  607.5 -90  45  57  -0.781  90.0  30.0  608
 4.250  297.5  90  42  54   0.781  90.0  30.0  296
 4.250  302.5  90  42  69   0.781   0.0   0.0  303
 4.250  305.0  90  42  72   0.781   0.0   0.0  303
 4.250  307.5  90  42  54   0.781   0.0   0.0  305
 4.250  600.0  90  42  54   0.781  90.0  30.0  601
 4.250  602.5  90  42  51   0.781  30.0  30.0  602
 4.250  607.5  90  42  57   0.781   0.0   0.0  606
 4.250  610.0  90  42  60   0.781  90.0  30.0  610
 4.250  612.5  90  42  60   0.781   0.0   0.0  611
 4.250  622.5  90  42  54   0.781  90.0  30.0  620
 4.250  295.0 -90  42  69   0.781   0.0   0.0  296
 4.250  297.5 -90  42  78   0.781   0.0   0.0  296
 4.250  300.0 -90  42  63   0.781   0.0   0.0  297
 4.250  302.5 -90  42  51   0.781   0.0   0.0  299
 4.250  305.0 -90  42  54   0.781  90.0  30.0  303
 4.250  587.5 -90  42  51  -0.781   0.0   0.0  587
 4.250  590.0 -90  42  54   0.781   0.0   0.0  589
 4.250  592.5 -90  42  60   0.781   0.0   0.0  592
 4.250  595.0 -90  42  60   0.781   0.0   0.0  594
 4.250  597.5 -90  42  54   0.781  90.0  30.0  595
 4.250  600.0 -90  42  60   0.781  90.0  30.0  599
 4.250  602.5 -90  42  60   0.781  90.0  30.0  601
 4.250  605.0 -90  42  54  -0.781  90.0  30.0  603
 4.250  607.5 -90  42  63  -0.781  90.0  30.0  606
 4.250  610.0 -90  42  63  -0.781  90.0  30.0  609
 4.250  612.5 -90  42  57  -0.781  90.0  30.0  612
 4.300  297.5  90  42  51   0.781 150.0  30.0  300
 4.300  300.0  90  42  51   0.781   0.0   0.0  297
 4.300  302.5  90  42  54   0.781   0.0   0.0  304
 4.300  305.0  90  42  72   0.781   0.0   0.0  305
 4.300  307.5  90  42  69   0.781   0.0   0.0  305
 4.300  607.5  90  42  63   0.781   0.0   0.0  607
 4.300  610.0  90  42  54   0.781   0.0   0.0  607
 4.300  612.5  90  42  60  -0.781   0.0   0.0  610
 4.300  615.0  90  42  54   0.781   0.0   0.0  615
 4.300  620.0  90  42  54  -0.781   0.0   0.0  621
 4.300  622.5  90  42  60  -0.781  90.0  30.0  622
 4.300  625.0  90  42  60   0.781  90.0  30.0  624
 4.300  627.5  90  42  54   0.781  90.0  30.0  625
 4.300  632.5  90  42  51   0.781 150.0  30.0  631
 4.300  635.0  90  42  54  -0.781 150.0  30.0  635
 4.300  637.5  90  42  51   0.781 150.0  30.0  635
 4.300  295.0 -90  42  51   0.781   0.0   0.0  296
 4.300  297.5 -90  42  75   0.781   0.0   0.0  298
 4.300  300.0 -90  42  78   0.781   0.0   0.0  298
 4.300  302.5 -90  42  54  -0.781   0.0   0.0  298
 4.300  305.0 -90  42  54   0.781  90.0  30.0  303
 4.300  595.0 -90  42  51   0.781   0.0   0.0  596
 4.300  597.5 -90  42  60   0.781   0.0   0.0  596
 4.300  600.0 -90  42  57  -0.781   0.0   0.0  601
 4.300  602.5 -90  42  60   0.781  90.0  30.0  602
 4.300  605.0 -90  42  57   0.781  90.0  30.0  602
 4.300  607.5 -90  42  51   0.781   0.0   0.0  607
 4.300  610.0 -90  42  51  -0.781 210.0  30.0  609
 4.300  612.5 -90  42  60  -0.781  90.0  30.0  612
 4.300  615.0 -90  42  54   0.781  90.0  30.0  613
 4.300  617.5 -90  42  54   0.781  90.0  30.0  617
 4.350  300.0  90  42  51   0.781  30.0  30.0  301
 4.350  305.0  90  42  60   0.781   0.0   0.0  306
 4.350  307.5  90  42  72   0.781   0.0   0.0  307
 4.350  310.0  90  42  63   0.781   0.0   0.0  307
 4.350  607.5  90  42  54   0.781   0.0   0.0  608
 4.350  610.0  90  42  60   0.781   0.0   0.0  608
 4.350  612.5  90  42  60   0.781   0.0   0.0  611
 4.350  615.0  90  42  54   0.781  90.0  30.0  615
 4.350  617.5  90  42  54   0.781  90.0  30.0  617
 4.350  620.0  90  42  51   0.781  30.0  30.0  620
 4.350  622.5  90  42  60   0.781  30.0  30.0  621
 4.350  625.0  90  42  54   0.781  90.0  30.0  624
 4.350  627.5  90  42  63   0.781  90.0  30.0  626
 4.350  630.0  90  42  51   0.781  90.0  30.0  629
 4.350  632.5  90  42  51   0.781  90.0  30.0  632
 4.350  635.0  90  42  54  -0.781  90.0  30.0  633
 4.350  637.5  90  42  54  -0.781  90.0  30.0  639
 4.350  640.0  90  42  51   0.781  90.0  30.0  640
 4.350  297.5 -90  42  60   0.781   0.0   0.0  299
 4.350  300.0 -90  42  81   0.781   0.0   0.0  300
 4.350  302.5 -90  42  78   0.781   0.0   0.0  300
 4.350  305.0 -90  42  54  -0.781   0.0   0.0  302
 4.350  307.5 -90  42  51  -0.781  90.0  30.0  307
 4.350  315.0 -90  42  51  -0.781  90.0  30.0  313
 4.350  592.5 -90  42  54   0.781   0.0   0.0  592
 4.350  597.5 -90  42  57   0.781   0.0   0.0  597
 4.350  600.0 -90  42  54  -0.781   0.0   0.0  600
 4.350  602.5 -90  42  63   0.781   0.0   0.0  601
 4.350  605.0 -90  42  54   0.781  90.0  30.0  605
 4.350  607.5 -90  42  57   0.781  30.0  30.0  607
 4.350  610.0 -90  42  51   0.781  90.0  30.0  610
 4.350  612.5 -90  42  57   0.781  90.0  30.0  611
 4.350  615.0 -90  42  60   0.781  90.0  30.0  614
 4.350  620.0 -90  42  51  -0.781 210.0  30.0  619
 4.350  622.5 -90  42  51   0.781  90.0  30.0  624
 4.350  625.0 -90  42  51  -0.781  90.0  30.0  625
 4.400  302.5  90  42  54   0.781  90.0  30.0  301
 4.400  307.5  90  42  66   0.781   0.0   0.0  308
 4.400  310.0  90  42  72   0.781   0.0   0.0  309
 4.400  312.5  90  42  60   0.781   0.0   0.0  310
 4.400  612.5  90  42  57   0.781  90.0  30.0  612
 4.400  615.0  90  42  51   0.781  90.0  30.0  615
 4.400  620.0  90  42  57   0.781  30.0  30.0  619
 4.400  622.5  90  42  60   0.781   0.0   0.0  621
 4.400  625.0  90  42  51   0.781  90.0  30.0  623
 4.400  627.5  90  42  57   0.781   0.0   0.0  626
 4.400  630.0  90  42  57   0.781   0.0   0.0  629
 4.400  632.5  90  42  57   0.781   0.0   0.0  631
 4.400  635.0  90  42  57   0.781  90.0  30.0  633
 4.400  927.5  90  42  51   0.781   0.0   0.0  930
 4.400  300.0 -90  42  69   0.781   0.0   0.0  301
 4.400  302.5 -90  42  81   0.781   0.0   0.0  302
 4.400  305.0 -90  42  75   0.781   0.0   0.0  302
 4.400  605.0 -90  42  57   0.781   0.0   0.0  603
 4.400  607.5 -90  42  60   0.781  90.0  30.0  607
 4.400  610.0 -90  42  63   0.781  90.0  30.0  609
 4.400  612.5 -90  42  54  -0.781  30.0  30.0  612
 4.400  615.0 -90  42  54  -0.781  30.0  30.0  613
 4.400  617.5 -90  42  60  -0.781  90.0  30.0  617
 4.400  620.0 -90  42  63  -0.781  90.0  30.0  619
 4.400  622.5 -90  42  54  -0.781 210.0  30.0  623
 4.400  625.0 -90  42  54  -0.781  90.0  30.0  625
 4.400  627.5 -90  42  51  -0.781  90.0  30.0  625
 4.400  632.5 -90  42  51   0.781  90.0  30.0  630
 4.400  637.5 -90  42  51  -0.781  90.0  30.0  641
 4.400  655.0 -90  42  51   0.781  90.0  30.0  653
 4.400  977.5 -90  42  51   3.906 150.0  30.0  972
 4.450  305.0  90  45  57   0.781  90.0  30.0  304
 4.450  310.0  90  45  66   0.781   0.0   0.0  310
 4.450  312.5  90  45  69   0.781   0.0   0.0  311
 4.450  315.0  90  45  54  -0.781   0.0   0.0  312
 4.450  617.5  90  45  57   0.781  90.0  30.0  618
 4.450  620.0  90  45  54   0.781   0.0   0.0  619
 4.450  625.0  90  45  54   0.781   0.0   0.0  623
 4.450  630.0  90  45  60   0.781   0.0   0.0  628
 4.450  632.5  90  45  54   0.781   0.0   0.0  631
 4.450  635.0  90  45  63   0.781  90.0  30.0  634
 4.450  637.5  90  45  60   0.781 150.0  30.0  636
 4.450  640.0  90  45  57   0.781   0.0   0.0  640
 4.450  642.5  90  45  57   0.781  90.0  30.0  642
 4.450  302.5 -90  45  75   0.781   0.0   0.0  303
 4.450  305.0 -90  45  84   0.781   0.0   0.0  304
 4.450  307.5 -90  45  69  -0.781   0.0   0.0  305
 4.450  315.0 -90  45  54  -0.781   0.0   0.0  309
 4.450  602.5 -90  45  57  -0.781   0.0   0.0  603
 4.450  605.0 -90  45  60  -0.781  90.0  30.0  604
 4.450  607.5 -90  45  60   0.781  90.0  30.0  606
 4.450  610.0 -90  45  57   0.781  90.0  30.0  607
 4.450  612.5 -90  45  54  -0.781   0.0   0.0  612
 4.450  615.0 -90  45  60  -0.781  90.0  30.0  613
 4.450  620.0 -90  45  57  -0.781  90.0  30.0  620
 4.450  622.5 -90  45  54  -0.781 150.0  30.0  623
 4.450  625.0 -90  45  57  -0.781 150.0  30.0  623
 4.450  635.0 -90  45  54  -0.781 150.0  30.0  632
 4.500  305.0  90  42  54   0.781  90.0  30.0  304
 4.500  307.5  90  42  51   0.781   0.0   0.0  304
 4.500  312.5  90  42  69   0.781   0.0   0.0  313
 4.500  315.0  90  42  69   0.781   0.0   0.0  313
 4.500  317.5  90  42  51   0.781   0.0   0.0  315
 4.500  620.0  90  42  51   0.781  90.0  30.0  620
 4.500  622.5  90  42  54  -0.781   0.0   0.0  623
 4.500  625.0  90  42  60   0.781   0.0   0.0  624
 4.500  627.5  90  42  51   0.781  90.0  30.0  627
 4.500  630.0  90  42  60   0.781   0.0   0.0  630
 4.500  632.5  90  42  57   0.781   0.0   0.0  631
 4.500  635.0  90  42  54   0.781  30.0  30.0  635
 4.500  640.0  90  42  63   0.781  90.0  30.0  639
 4.500  642.5  90  42  60   0.781  90.0  30.0  640
 4.500  647.5  90  42  51  -0.781  90.0  30.0  647
 4.500  650.0  90  42  51  -0.781  90.0  30.0  648
 4.500  652.5  90  42  51   0.781 150.0  30.0  650
 4.500  665.0  90  42  51  -0.781  30.0  30.0  665
 4.500  302.5 -90  42  60   0.781   0.0   0.0  304
 4.500  305.0 -90  42  78   0.781   0.0   0.0  305
 4.500  307.5 -90  42  78   0.781   0.0   0.0  305
 4.500  310.0 -90  42  54   0.781   0.0   0.0  307
 4.500  312.5 -90  42  51  -0.781  90.0  30.0  314
 4.500  315.0 -90  42  51  -0.781  90.0  30.0  314
 4.500  602.5 -90  42  54  -0.781  90.0  30.0  603
 4.500  605.0 -90  42  54  -0.781  90.0  30.0  604
 4.500  607.5 -90  42  60   0.781   0.0   0.0  607
 4.500  610.0 -90  42  60   0.781  90.0  30.0  609
 4.500  612.5 -90  42  54   0.781  90.0  30.0  612
 4.500  615.0 -90  42  54   0.781   0.0   0.0  615
 4.500  617.5 -90  42  60   0.781  90.0  30.0  617
 4.500  620.0 -90  42  60   0.781  90.0  30.0  619
 4.500  622.5 -90  42  54   0.781  90.0  30.0  620
 4.500  625.0 -90  42  57   0.781  90.0  30.0  624
 4.500  627.5 -90  42  51   0.781  90.0  30.0  631
 4.500  630.0 -90  42  51   0.781  90.0  30.0  626
 4.500  635.0 -90  42  51   0.781  90.0  30.0  634
 4.500  640.0 -90  42  54   0.781 150.0  30.0  640
 4.500  655.0 -90  42  51   0.781  90.0  30.0  657
 4.500  670.0 -90  42  51   0.781  90.0  30.0  671
 4.550  307.5  90  42  57   0.781  90.0  30.0  307
 4.550  312.5  90  42  51   0.781   0.0   0.0  315
 4.550  315.0  90  42  69   0.781   0.0   0.0  315
 4.550  317.5  90  42  69   0.781   0.0   0.0  315
 4.550  320.0  90  42  51   0.781   0.0   0.0  317
 4.550  625.0  90  42  54   0.781 330.0  30.0  627
 4.550  630.0  90  42  51   0.781 150.0  30.0  629
 4.550  632.5  90  42  51  -0.781  90.0  30.0  629
 4.550  635.0  90  42  60   0.781   0.0   0.0  635
 4.550  637.5  90  42  60   0.781   0.0   0.0  635
 4.550  642.5  90  42  60   0.781  90.0  30.0  641
 4.550  645.0  90  42  54  -0.781  90.0  30.0  645
 4.550  647.5  90  42  54  -0.781  90.0  30.0  647
 4.550  650.0  90  42  51  -0.781  90.0  30.0  650
 4.550  657.5  90  42  51   0.781 150.0  30.0  655
 4.550  305.0 -90  42  63   0.781   0.0   0.0  307
 4.550  307.5 -90  42  78   0.781   0.0   0.0  307
 4.550  310.0 -90  42  69   0.781   0.0   0.0  307
 4.550  312.5 -90  42  54  -0.781   0.0   0.0  310
 4.550  317.5 -90  42  51   0.781  90.0  30.0  313
 4.550  607.5 -90  42  57   0.781  90.0  30.0  610
 4.550  610.0 -90  42  60   0.781  90.0  30.0  608
 4.550  612.5 -90  42  57   0.781  90.0  30.0  612
 4.550  617.5 -90  42  63   0.781  90.0  30.0  617
 4.550  620.0 -90  42  60   0.781  90.0  30.0  618
 4.550  622.5 -90  42  57   0.781  90.0  30.0  622
 4.550  625.0 -90  42  54   0.781  90.0  30.0  626
 4.550  627.5 -90  42  51  -0.781  90.0  30.0  626
 4.550  630.0 -90  42  54   0.781  90.0  30.0  628
 4.550  635.0 -90  42  51   0.781 150.0  30.0  635
 4.600  310.0  90  42  51   0.781  90.0  30.0  309
 4.600  315.0  90  42  54   0.781   0.0   0.0  316
 4.600  317.5  90  42  69   0.781   0.0   0.0  317
 4.600  320.0  90  42  66   0.781   0.0   0.0  318
 4.600  627.5  90  42  51   0.781  90.0  30.0  627
 4.600  630.0  90  42  57   0.781   0.0   0.0  628
 4.600  632.5  90  42  60   0.781   0.0   0.0  632
 4.600  635.0  90  42  60   0.781   0.0   0.0  633
 4.600  637.5  90  42  51   0.781   0.0   0.0  638
 4.600  640.0  90  42  57   0.781   0.0   0.0  640
 4.600  642.5  90  42  60   0.781  90.0  30.0  641
 4.600  647.5  90  42  51   0.781  90.0  30.0  645
 4.600  650.0  90  42  51   0.781 150.0  30.0  648
 4.600  655.0  90  42  51  -0.781  90.0  30.0  653
 4.600  657.5  90  42  54  -0.781 150.0  30.0  659
 4.600  660.0  90  42  57  -0.781 150.0  30.0  659
 4.600  305.0 -90  42  51   0.781   0.0   0.0  307
 4.600  307.5 -90  42  66   0.781   0.0   0.0  308
 4.600  310.0 -90  42  75   0.781   0.0   0.0  309
 4.600  312.5 -90  42  57   0.781   0.0   0.0  309
 4.600  317.5 -90  42  51   0.781  90.0  30.0  318
 4.600  327.5 -90  42  51   0.781  90.0  30.0  327
 4.600  610.0 -90  42  51  -0.781  90.0  30.0  608
 4.600  615.0 -90  42  54  -0.781  90.0  30.0  614
 4.600  617.5 -90  42  57   0.781  90.0  30.0  618
 4.600  620.0 -90  42  60   0.781  90.0  30.0  619
 4.600  622.5 -90  42  57   0.781  90.0  30.0  621
 4.600  625.0 -90  42  51   0.781  30.0  30.0  623
 4.600  627.5 -90  42  54  -0.781  90.0  30.0  626
 4.600  632.5 -90  42  60  -0.781  90.0  30.0  632
 4.600  635.0 -90  42  63  -0.781  90.0  30.0  634
 4.600  637.5 -90  42  60  -0.781  90.0  30.0  637
 4.600  640.0 -90  42  54   0.781  90.0  30.0  636
 4.600  645.0 -90  42  51   0.781  90.0  30.0  641
 4.650  312.5  90  42  51   0.781  90.0  30.0  311
 4.650  317.5  90  42  57   0.781   0.0   0.0  318
 4.650  320.0  90  42  69   0.781   0.0   0.0  320
 4.650  322.5  90  42  63   0.781   0.0   0.0  320
 4.650  635.0  90  42  54   0.781 330.0  30.0  636
 4.650  637.5  90  42  57   0.781  90.0  30.0  636
 4.650  640.0  90  42  51   0.781   0.0   0.0  640
 4.650  642.5  90  42  51   0.781   0.0   0.0  642
 4.650  645.0  90  42  51   0.781  30.0  30.0  643
 4.650  647.5  90  42  54   0.781  90.0  30.0  646
 4.650  650.0  90  42  51   0.781   0.0   0.0  651
 4.650  652.5  90  42  57   0.781  90.0  30.0  652
 4.650  655.0  90  42  51   0.781  90.0  30.0  652
 4.650  657.5  90  42  51   0.781  90.0  30.0  655
 4.650  662.5  90  42  54   0.781 150.0  30.0  661
 4.650  665.0  90  42  51   0.781 150.0  30.0  662
 4.650  310.0 -90  42  69   0.781  90.0  30.0  310
 4.650  312.5 -90  42  72   0.781  90.0  30.0  311
 4.650  315.0 -90  42  54  -0.781  90.0  30.0  311
 4.650  320.0 -90  42  51   0.781  90.0  30.0  321
 4.650  615.0 -90  42  54   0.781 330.0  30.0  617
 4.650  617.5 -90  42  57  -0.781  90.0  30.0  617
 4.650  620.0 -90  42  54   0.781  90.0  30.0  619
 4.650  622.5 -90  42  51   0.781 330.0  30.0  625
 4.650  625.0 -90  42  51   0.781  30.0  30.0  624
 4.650  627.5 -90  42  54   0.781  90.0  30.0  625
 4.650  630.0 -90  42  57   0.781  90.0  30.0  630
 4.650  635.0 -90  42  54  -0.781  90.0  30.0  634
 4.650  637.5 -90  42  60  -0.781  90.0  30.0  636
 4.650  640.0 -90  42  51   0.781 150.0  30.0  638
 4.650  645.0 -90  42  51   0.781 150.0  30.0  647
 4.650  647.5 -90  42  54   0.781  90.0  30.0  649
 4.650  650.0 -90  42  51  -0.781  90.0  30.0  650
 4.650  652.5 -90  42  51  -0.781  90.0  30.0  650
 4.700  315.0  90  42  51   0.781  90.0  30.0  314
 4.700  320.0  90  42  57   0.781   0.0   0.0  321
 4.700  322.5  90  42  69   0.781   0.0   0.0  322
 4.700  325.0  90  42  63   0.781   0.0   0.0  323
 4.700  635.0  90  42  51   0.781  90.0  30.0  642
 4.700  637.5  90  42  51   0.781  90.0  30.0  637
 4.700  640.0  90  42  51   0.781  90.0  30.0  638
 4.700  645.0  90  42  54   0.781  90.0  30.0  643
 4.700  650.0  90  42  54   0.781  90.0  30.0  647
 4.700  652.5  90  42  57   0.781  90.0  30.0  652
 4.700  655.0  90  42  54   0.781   0.0   0.0  650
 4.700  657.5  90  42  51   0.781 150.0  30.0  659
 4.700  660.0  90  42  54   0.781  90.0  30.0  658
 4.700  662.5  90  42  54  -0.781  90.0  30.0  662
 4.700  667.5  90  42  54   0.781 150.0  30.0  665
 4.700  670.0  90  42  57   0.781  90.0  30.0  668
 4.700  310.0 -90  42  51   0.781   0.0   0.0  311
 4.700  312.5 -90  42  69   0.781   0.0   0.0  312
 4.700  315.0 -90  42  69   0.781   0.0   0.0  312
 4.700  317.5 -90  42  51  -0.781  90.0  30.0  313
 4.700  322.5 -90  42  54   0.781  90.0  30.0  321
 4.700  620.0 -90  42  51   0.781  90.0  30.0  618
 4.700  622.5 -90  42  54  -0.781   0.0   0.0  623
 4.700  625.0 -90  42  54  -0.781   0.0   0.0  623
 4.700  630.0 -90  42  57   0.781   0.0   0.0  630
 4.700  632.5 -90  42  54   0.781 150.0  30.0  631
 4.700  637.5 -90  42  51   0.781  90.0  30.0  637
 4.700  640.0 -90  42  51  -0.781  90.0  30.0  640
 4.700  642.5 -90  42  54   0.781  90.0  30.0  641
 4.750  322.5  90  42  57   0.781   0.0   0.0  323
 4.750  325.0  90  42  69   0.781   0.0   0.0  324
 4.750  327.5  90  42  60   0.781   0.0   0.0  325
 4.750  647.5  90  42  57   0.781   0.0   0.0  646
 4.750  650.0  90  42  54   0.781   0.0   0.0  648
 4.750  657.5  90  42  57   0.781   0.0   0.0  656
 4.750  662.5  90  42  54   0.781  90.0  30.0  662
 4.750  665.0  90  42  54   0.781  90.0  30.0  664
 4.750  312.5 -90  42  57   0.781   0.0   0.0  312
 4.750  315.0 -90  42  72   0.781   0.0   0.0  315
 4.750  317.5 -90  42  66   0.781   0.0   0.0  315
 4.750  622.5 -90  42  51  -0.781 270.0  30.0  625
 4.750  625.0 -90  42  57  -0.781 270.0  30.0  624
 4.750  627.5 -90  42  57   0.781 270.0  30.0  626
 4.750  630.0 -90  42  54   0.781   0.0   0.0  629
 4.750  632.5 -90  42  54   0.781  90.0  30.0  629
 4.750  635.0 -90  42  54   0.781   0.0   0.0  635
 4.750  637.5 -90  42  60   0.781  90.0  30.0  636
 4.750  640.0 -90  42  57   0.781  90.0  30.0  637
 4.750  642.5 -90  42  51  -0.781 150.0  30.0  639
 4.750  645.0 -90  42  51  -0.781  90.0  30.0  640
 4.750  647.5 -90  42  51   0.781  30.0  30.0  646
 4.750  650.0 -90  42  51  -0.781  90.0  30.0  646
 4.750  652.5 -90  42  51  -0.781  90.0  30.0  650
 4.750  655.0 -90  42  54   0.781  90.0  30.0  655
 4.750  657.5 -90  42  51   0.781  90.0  30.0  656
 4.800  325.0  90  42  57   0.781   0.0   0.0  325
 4.800  327.5  90  42  69   0.781   0.0   0.0  327
 4.800  330.0  90  42  66   0.781   0.0   0.0  328
 4.800  650.0  90  42  54  -0.781 270.0  30.0  648
 4.800  652.5  90  42  54   0.781   0.0   0.0  653
 4.800  655.0  90  42  54   0.781   0.0   0.0  653
 4.800  657.5  90  42  51   0.781   0.0   0.0  657
 4.800  662.5  90  42  57   0.781   0.0   0.0  661
 4.800  675.0  90  42  51   0.781 150.0  30.0  675
 4.800  677.5  90  42  51  -0.781  90.0  30.0  676
 4.800  680.0  90  42  51  -0.781  90.0  30.0  679
 4.800  315.0 -90  42  60   0.781   0.0   0.0  315
 4.800  317.5 -90  42  72   0.781   0.0   0.0  317
 4.800  320.0 -90  42  63   0.781  90.0  30.0  317
 4.800  327.5 -90  42  51   0.781  90.0  30.0  325
 4.800  627.5 -90  42  54   0.781  90.0  30.0  627
 4.800  630.0 -90  42  57   0.781 270.0  30.0  628
 4.800  632.5 -90  42  57   0.781   0.0   0.0  633
 4.800  635.0 -90  42  63   0.781  90.0  30.0  633
 4.800  637.5 -90  42  54   0.781  90.0  30.0  635
 4.800  647.5 -90  42  51   0.781  90.0  30.0  647
 4.800  650.0 -90  42  57   0.781  90.0  30.0  649
 4.800  652.5 -90  42  54   0.781 150.0  30.0  653
 4.800  655.0 -90  42  54  -0.781  90.0  30.0  655
 4.800  657.5 -90  42  57   0.781 150.0  30.0  657
 4.800  660.0 -90  42  51   0.781 150.0  30.0  660
 4.800  662.5 -90  42  51   0.781  90.0  30.0  662
 4.800  665.0 -90  42  51   0.781  90.0  30.0  665
 4.850  327.5  90  42  57   0.781   0.0   0.0  329
 4.850  330.0  90  42  72   0.781   0.0   0.0  330
 4.850  332.5  90  42  69   0.781   0.0   0.0  331
 4.850  647.5  90  42  51   0.781 330.0  30.0  652
 4.850  655.0  90  42  54   0.781 330.0  30.0  655
 4.850  665.0  90  42  51   0.781 330.0  30.0  667
 4.850  667.5  90  42  51   0.781  30.0  30.0  666
 4.850  670.0  90  42  51   0.781  30.0  30.0  669
 4.850  672.5  90  42  57   0.781  90.0  30.0  671
 4.850  675.0  90  42  60   0.781  90.0  30.0  674
 4.850  680.0  90  42  51   0.781  90.0  30.0  677
 4.850  317.5 -90  42  63   0.781   0.0   0.0  318
 4.850  320.0 -90  42  75  -0.781   0.0   0.0  319
 4.850  322.5 -90  42  63   0.781   0.0   0.0  320
 4.850  630.0 -90  42  51   0.781 330.0  30.0  629
 4.850  632.5 -90  42  57   0.781 330.0  30.0  635
 4.850  635.0 -90  42  54   0.781  90.0  30.0  632
 4.850  640.0 -90  42  51   0.781   0.0   0.0  640
 4.850  642.5 -90  42  60   0.781  90.0  30.0  641
 4.850  645.0 -90  42  57   0.781  30.0  30.0  645
 4.850  647.5 -90  42  57   0.781  90.0  30.0  646
 4.850  650.0 -90  42  51  -0.781  90.0  30.0  650
 4.850  652.5 -90  42  57  -0.781  90.0  30.0  651
 4.850  662.5 -90  42  51   0.781  90.0  30.0  663
 4.850  665.0 -90  42  54  -0.781  90.0  30.0  661
 4.900  330.0  90  42  54   0.781   0.0   0.0  331
 4.900  332.5  90  42  72   0.781   0.0   0.0  332
 4.900  335.0  90  42  69   0.781   0.0   0.0  333
 4.900  337.5  90  42  54   0.781   0.0   0.0  335
 4.900  655.0  90  42  51   0.781 330.0  30.0  654
 4.900  660.0  90  42  54   0.781   0.0   0.0  659
 4.900  662.5  90  42  54   0.781 330.0  30.0  663
 4.900  667.5  90  42  57   0.781 330.0  30.0  667
 4.900  670.0  90  42  54   0.781  30.0  30.0  669
 4.900  672.5  90  42  57   0.781  30.0  30.0  671
 4.900  675.0  90  42  54   0.781  90.0  30.0  672
 4.900  677.5  90  42  54   0.781   0.0   0.0  676
 4.900  680.0  90  42  57   0.781  30.0  30.0  679
 4.900  682.5  90  42  54   0.781  90.0  30.0  681
 4.900  685.0  90  42  57   0.781  90.0  30.0  684
 4.900  687.5  90  42  57   0.781 150.0  30.0  686
 4.900  690.0  90  42  51   0.781   0.0   0.0  688
 4.900  320.0 -90  42  66   0.781   0.0   0.0  321
 4.900  322.5 -90  42  75   0.781   0.0   0.0  321
 4.900  325.0 -90  42  54   0.781   0.0   0.0  323
 4.900  635.0 -90  42  51   0.781 330.0  30.0  637
 4.900  637.5 -90  42  57   0.781 270.0  30.0  636
 4.900  640.0 -90  42  54   0.781 330.0  30.0  640
 4.900  642.5 -90  42  57   0.781   0.0   0.0  640
 4.900  645.0 -90  42  57   0.781   0.0   0.0  644
 4.900  647.5 -90  42  60   0.781   0.0   0.0  647
 4.900  650.0 -90  42  60   0.781   0.0   0.0  648
 4.900  652.5 -90  42  54   0.781   0.0   0.0  652
 4.900  655.0 -90  42  54   0.781   0.0   0.0  653
 4.900  657.5 -90  42  54  -0.781  90.0  30.0  657
 4.900  660.0 -90  42  57   0.781  90.0  30.0  657
 4.900  662.5 -90  42  54   0.781  90.0  30.0  665
 4.900  665.0 -90  42  54   0.781  90.0  30.0  665
 4.950  332.5  90  42  54   0.781   0.0   0.0  332
 4.950  335.0  90  42  69   0.781   0.0   0.0  335
 4.950  337.5  90  42  69   0.781   0.0   0.0  336
 4.950  340.0  90  42  54   0.781   0.0   0.0  336
 4.950  657.5  90  42  51   0.781  90.0  30.0  658
 4.950  660.0  90  42  51   0.781  90.0  30.0  658
 4.950  667.5  90  42  54   0.781  90.0  30.0  666
 4.950  672.5  90  42  51   0.781   0.0   0.0  671
 4.950  675.0  90  42  51   0.781   0.0   0.0  675
 4.950  677.5  90  42  57   0.781  90.0  30.0  676
 4.950  680.0  90  42  54   0.781  90.0  30.0  678
 4.950  682.5  90  42  54   0.781  90.0  30.0  680
 4.950  685.0  90  42  54   0.781  90.0  30.0  683
 4.950  687.5  90  42  57   0.781  90.0  30.0  686
 4.950  690.0  90  42  54   0.781  90.0  30.0  690
 4.950  692.5  90  42  51   0.781 330.0  30.0  692
 4.950  697.5  90  42  51   0.781 150.0  30.0  696
 4.950  322.5 -90  42  66   0.781   0.0   0.0  323
 4.950  325.0 -90  42  72   0.781   0.0   0.0  324
 4.950  327.5 -90  42  57   0.781   0.0   0.0  325
 4.950  640.0 -90  42  54   0.781 330.0  30.0  642
 4.950  645.0 -90  42  51  -0.781 210.0  30.0  643
 4.950  647.5 -90  42  54   0.781  30.0  30.0  647
 4.950  650.0 -90  42  57   0.781   0.0   0.0  649
 4.950  652.5 -90  42  57   0.781   0.0   0.0  653
 4.950  655.0 -90  42  57   0.781  90.0  30.0  653
 4.950  657.5 -90  42  54   0.781  30.0  30.0  657
 4.950  660.0 -90  42  57   0.781  90.0  30.0  660
 4.950  662.5 -90  42  60   0.781  90.0  30.0  662
 4.950  665.0 -90  42  54   0.781  90.0  30.0  663
 4.950  667.5 -90  42  51   0.781  90.0  30.0  667
 5.000  337.5  90  45  63   0.781   0.0   0.0  338
 5.000  340.0  90  45  69   0.781   0.0   0.0  339
 5.000  342.5  90  45  60   0.781   0.0   0.0  340
 5.000  665.0  90  45  57   0.781 270.0  30.0  663
 5.000  677.5  90  45  54   0.781   0.0   0.0  677
 5.000  680.0  90  45  57   0.781   0.0   0.0  679
 5.000  695.0  90  45  54   0.781  90.0  30.0  693
 5.000  700.0  90  45  54   0.781  90.0  30.0  699
 5.000  325.0 -90  45  66   0.781   0.0   0.0  325
 5.000  327.5 -90  45  72   0.781   0.0   0.0  326
 5.000  330.0 -90  45  57   0.781  90.0  30.0  328
 5.000  642.5 -90  45  57   0.781 330.0  30.0  643
 5.000  647.5 -90  45  57   0.781  90.0  30.0  646
 5.000  655.0 -90  45  57   0.781   0.0   0.0  653
 5.000  657.5 -90  45  57   0.781  30.0  30.0  657
 5.000  660.0 -90  45  57   0.781  90.0  30.0  659
 5.000  667.5 -90  45  57   0.781  90.0  30.0  667
 5.050  330.0  90  42  51   0.781 330.0  30.0  335
 5.050  340.0  90  42  60   0.781   0.0   0.0  341
 5.050  342.5  90  42  69   0.781   0.0   0.0  342
 5.050  345.0  90  42  60   0.781   0.0   0.0  343
 5.050  667.5  90  42  54   0.781  90.0  30.0  668
 5.050  682.5  90  42  57   0.781   0.0   0.0  681
 5.050  685.0  90  42  54   0.781   0.0   0.0  682
 5.050  687.5  90  42  51   0.781   0.0   0.0  687
 5.050  692.5  90  42  57   0.781   0.0   0.0  692
 5.050  695.0  90  42  51   0.781   0.0   0.0  693
 5.050  700.0  90  42  51   0.781  90.0  30.0  698
 5.050  707.5  90  42  51   0.781   0.0   0.0  705
 5.050  710.0  90  42  54   0.781 150.0  30.0  707
 5.050  325.0 -90  42  51  -0.781   0.0   0.0  324
 5.050  327.5 -90  42  66  -0.781   0.0   0.0  328
 5.050  330.0 -90  42  72   0.781   0.0   0.0  329
 5.050  332.5 -90  42  60  -0.781   0.0   0.0  329
 5.050  650.0 -90  42  54   0.781 330.0  30.0  651
 5.050  652.5 -90  42  54   0.781 270.0  30.0  651
 5.050  655.0 -90  42  51   0.781 270.0  30.0  653
 5.050  657.5 -90  42  54   0.781  90.0  30.0  657
 5.050  660.0 -90  42  54   0.781  30.0  30.0  659
 5.050  662.5 -90  42  54   0.781  30.0  30.0  661
 5.050  665.0 -90  42  54   0.781   0.0   0.0  664
 5.050  667.5 -90  42  60   0.781   0.0   0.0  666
 5.050  672.5 -90  42  51   0.781  30.0  30.0  673
 5.050  675.0 -90  42  54   0.781  90.0  30.0  672
 5.050  682.5 -90  42  51   0.781   0.0   0.0  684
 5.050  685.0 -90  42  51   0.781  90.0  30.0  684
 5.100  342.5  90  42  51   0.781   0.0   0.0  344
 5.100  345.0  90  42  66   0.781   0.0   0.0  345
 5.100  347.5  90  42  66   0.781   0.0   0.0  346
 5.100  675.0  90  42  51   0.781 270.0  30.0  673
 5.100  682.5  90  42  51   0.781 330.0  30.0  682
 5.100  685.0  90  42  51   0.781 330.0  30.0  684
 5.100  690.0  90  42  51   0.781  30.0  30.0  690
 5.100  710.0  90  42  51   0.781 210.0  30.0  709
 5.100  327.5 -90  42  51   0.781   0.0   0.0  330
 5.100  330.0 -90  42  66   0.781   0.0   0.0  330
 5.100  332.5 -90  42  69   0.781   0.0   0.0  331
 5.100  335.0 -90  42  54   0.781   0.0   0.0  332
 5.100  657.5 -90  42  51   0.781   0.0   0.0  657
 5.100  662.5 -90  42  51   0.781 270.0  30.0  661
 5.100  665.0 -90  42  57   0.781   0.0   0.0  664
 5.100  672.5 -90  42  51   0.781   0.0   0.0  671
 5.100  687.5 -90  42  51   0.781  90.0  30.0  686
 5.150  347.5  90  42  60   0.781   0.0   0.0  348
 5.150  350.0  90  42  66   0.781   0.0   0.0  349
 5.150  352.5  90  42  57   0.781   0.0   0.0  349
 5.150  700.0  90  42  51   0.781 330.0  30.0  701
 5.150  702.5  90  42  51   0.781  90.0  30.0  697
 5.150  710.0  90  42  51   0.781   0.0   0.0  710
 5.150  712.5  90  42  51   0.781   0.0   0.0  713
 5.150  715.0  90  42  57   0.781   0.0   0.0  713
 5.150  717.5  90  42  54   0.781  90.0  30.0  716
 5.150  332.5 -90  42  63   0.781   0.0   0.0  333
 5.150  335.0 -90  42  72   0.781   0.0   0.0  334
 5.150  337.5 -90  42  63   0.781   0.0   0.0  335
 5.150  657.5 -90  42  54   0.781 270.0  30.0  658
 5.150  660.0 -90  42  57   0.781  90.0  30.0  658
 5.150  662.5 -90  42  51   0.781 330.0  30.0  661
 5.150  665.0 -90  42  51   0.781 330.0  30.0  664
 5.150  667.5 -90  42  54   0.781   0.0   0.0  666
 5.150  670.0 -90  42  54   0.781   0.0   0.0  668
 5.150  672.5 -90  42  51   0.781   0.0   0.0  671
 5.150  675.0 -90  42  51   0.781  30.0  30.0  673
 5.150  677.5 -90  42  54   0.781  30.0  30.0  677
 5.150  682.5 -90  42  54   0.781  90.0  30.0  682
 5.150  685.0 -90  42  54   0.781  90.0  30.0  683
 5.150  687.5 -90  42  54   0.781   0.0   0.0  687
 5.200  350.0  90  42  54   0.781   0.0   0.0  350
 5.200  352.5  90  42  60   0.781   0.0   0.0  352
 5.200  355.0  90  42  57   0.781   0.0   0.0  352
 5.200  687.5  90  42  51   0.781 330.0  30.0  687
 5.200  700.0  90  42  51   0.781 270.0  30.0  698
 5.200  705.0  90  42  54   0.781   0.0   0.0  704
 5.200  707.5  90  42  51   0.781   0.0   0.0  705
 5.200  710.0  90  42  51   0.781  90.0  30.0  705
 5.200  722.5  90  42  51   0.781  90.0  30.0  720
 5.200  725.0  90  42  54   0.781   0.0   0.0  725
 5.200  727.5  90  42  54   0.781  90.0  30.0  725
 5.200  730.0  90  42  51   0.781   0.0   0.0  729
 5.200  732.5  90  42  51   0.781  90.0  30.0  732
 5.200  335.0 -90  42  63   0.781   0.0   0.0  336
 5.200  337.5 -90  42  72   0.781   0.0   0.0  337
 5.200  340.0 -90  42  63   0.781   0.0   0.0  338
 5.200  665.0 -90  42  51   0.781  90.0  30.0  663
 5.200  670.0 -90  42  51   0.781 270.0  30.0  668
 5.200  672.5 -90  42  54   0.781  90.0  30.0  672
 5.200  675.0 -90  42  51   0.781 270.0  30.0  674
 5.200  677.5 -90  42  54   0.781   0.0   0.0  677
 5.200  680.0 -90  42  57   0.781   0.0   0.0  679
 5.200  685.0 -90  42  54   0.781   0.0   0.0  684
 5.250  355.0  90  42  54   0.781   0.0   0.0  356
 5.250  357.5  90  42  60   0.781   0.0   0.0  356
 5.250  360.0  90  42  51   0.781   0.0   0.0  357
 5.250  705.0  90  42  51   0.781 330.0  30.0  706
 5.250  707.5  90  42  54   0.781 330.0  30.0  707
 5.250  710.0  90  42  51   0.781 270.0  30.0  709
 5.250  715.0  90  42  51   0.781   0.0   0.0  713
 5.250  727.5  90  42  51   0.781  30.0  30.0  727
 5.250  730.0  90  42  54   0.781  90.0  30.0  728
 5.250  737.5  90  42  51   0.781  90.0  30.0  736
 5.250  337.5 -90  42  60   0.781   0.0   0.0  337
 5.250  340.0 -90  42  69   0.781   0.0   0.0  339
 5.250  342.5 -90  42  63   0.781   0.0   0.0  340
 5.250  667.5 -90  42  54   0.781 270.0  30.0  667
 5.250  670.0 -90  42  54   0.781 330.0  30.0  669
 5.250  672.5 -90  42  54   0.781 330.0  30.0  673
 5.250  675.0 -90  42  54   0.781 270.0  30.0  675
 5.250  677.5 -90  42  54   0.781 270.0  30.0  675
 5.250  682.5 -90  42  51   0.781   0.0   0.0  681
 5.250  685.0 -90  42  51   0.781   0.0   0.0  682
 5.250  687.5 -90  42  51   0.781  30.0  30.0  686
 5.250  690.0 -90  42  51   0.781 210.0  30.0  688
 5.250  692.5 -90  42  51   0.781   0.0   0.0  692
 5.250  702.5 -90  42  51   0.781  90.0  30.0  702
 5.300  360.0  90  42  57   0.781   0.0   0.0  360
 5.300  362.5  90  42  60   0.781   0.0   0.0  361
 5.300  365.0  90  42  57   0.781   0.0   0.0  363
 5.300  690.0  90  42  51   0.781  90.0  30.0  688
 5.300  692.5  90  42  54   0.781  90.0  30.0  691
 5.300  720.0  90  42  57   0.781   0.0   0.0  719
 5.300  722.5  90  42  57   0.781   0.0   0.0  720
 5.300  725.0  90  42  57   0.781  30.0  30.0  725
 5.300  735.0  90  42  51   0.781   0.0   0.0  734
 5.300  737.5  90  42  51   0.781   0.0   0.0  738
 5.300  740.0  90  42  51   0.781   0.0   0.0  739
 5.300  742.5  90  42  54   0.781  90.0  30.0  741
 5.300  745.0  90  42  51   0.781   0.0   0.0  742
 5.300  747.5  90  42  54   0.781  90.0  30.0  746
 5.300  750.0  90  42  54   0.781  90.0  30.0  747
 5.300  757.5  90  42  51   0.781 150.0  30.0  754
 5.300  340.0 -90  42  54   0.781   0.0   0.0  341
 5.300  342.5 -90  42  69   0.781   0.0   0.0  342
 5.300  345.0 -90  42  69   0.781   0.0   0.0  343
 5.300  347.5 -90  42  57   0.781   0.0   0.0  344
 5.300  670.0 -90  42  51   0.781 270.0  30.0  669
 5.300  672.5 -90  42  51   0.781 330.0  30.0  673
 5.300  675.0 -90  42  54   0.781 330.0  30.0  674
 5.300  677.5 -90  42  54   0.781 270.0  30.0  676
 5.300  680.0 -90  42  54   0.781   0.0   0.0  680
 5.300  682.5 -90  42  57   0.781 270.0  30.0  681
 5.300  685.0 -90  42  51   0.781 270.0  30.0  683
 5.300  687.5 -90  42  51   0.781   0.0   0.0  686
 5.300  690.0 -90  42  54   0.781   0.0   0.0  688
 5.300  695.0 -90  42  51   0.781  30.0  30.0  692
 5.300  700.0 -90  42  51   0.781  30.0  30.0  698
 5.300  702.5 -90  42  54   0.781   0.0   0.0  701
 5.300  705.0 -90  42  51   0.781   0.0   0.0  703
 5.300  710.0 -90  42  54   0.781   0.0   0.0  710
 5.300  712.5 -90  42  51   0.781  90.0  30.0  711
 5.350  365.0  90  42  57   0.781   0.0   0.0  364
 5.350  367.5  90  42  60   0.781   0.0   0.0  366
 5.350  725.0  90  42  54   0.781   0.0   0.0  724
 5.350  730.0  90  42  54   0.781 330.0  30.0  730
 5.350  742.5  90  42  51   0.781  30.0  30.0  742
 5.350  757.5  90  42  51   0.781  90.0  30.0  756
 5.350  762.5  90  42  54   0.781   0.0   0.0  762
 5.350  765.0  90  42  51   0.781   0.0   0.0  763
 5.350  342.5 -90  42  51   0.781   0.0   0.0  343
 5.350  345.0 -90  42  66   0.781   0.0   0.0  345
 5.350  347.5 -90  42  72   0.781   0.0   0.0  346
 5.350  350.0 -90  42  60   0.781   0.0   0.0  347
 5.350  352.5 -90  42  51   0.781  90.0  30.0  346
 5.350  680.0 -90  42  51   0.781 330.0  30.0  677
 5.350  682.5 -90  42  51   0.781 330.0  30.0  681
 5.350  687.5 -90  42  51   0.781   0.0   0.0  687
 5.350  690.0 -90  42  57   0.781   0.0   0.0  689
 5.350  692.5 -90  42  57   0.781 330.0  30.0  691
 5.350  697.5 -90  42  54   0.781  30.0  30.0  695
 5.350  700.0 -90  42  54   0.781   0.0   0.0  699
 5.350  702.5 -90  42  51   0.781  30.0  30.0  700
 5.350  705.0 -90  42  54   0.781   0.0   0.0  704
 5.350  712.5 -90  42  51   0.781   0.0   0.0  712
 5.350  715.0 -90  42  51   0.781  90.0  30.0  715
 5.400  370.0  90  42  57   0.781   0.0   0.0  369
 5.400  372.5  90  42  60   0.781   0.0   0.0  371
 5.400  375.0  90  42  57   0.781   0.0   0.0  373
 5.400  722.5  90  42  51   0.781 330.0  30.0  722
 5.400  742.5  90  42  51   0.781  30.0  30.0  740
 5.400  745.0  90  42  51   0.781  30.0  30.0  742
 5.400  757.5  90  42  54   0.781   0.0   0.0  756
 5.400  760.0  90  42  51   0.781   0.0   0.0  758
 5.400  762.5  90  42  51   0.781   0.0   0.0  761
 5.400  765.0  90  42  51   0.781   0.0   0.0  765
 5.400  767.5  90  42  54   0.781   0.0   0.0  766
 5.400  772.5  90  42  51   0.781   0.0   0.0  771
 5.400  775.0  90  42  54   0.781   0.0   0.0  773
 5.400  347.5 -90  42  60   0.781   0.0   0.0  347
 5.400  350.0 -90  42  69   0.781   0.0   0.0  349
 5.400  352.5 -90  42  63   0.781   0.0   0.0  350
 5.400  682.5 -90  42  54   0.781  90.0  30.0  681
 5.400  687.5 -90  42  54   0.781 330.0  30.0  688
 5.400  690.0 -90  42  57   0.781 330.0  30.0  689
 5.400  692.5 -90  42  54   0.781 270.0  30.0  692
 5.400  695.0 -90  42  51   0.781 270.0  30.0  693
 5.400  697.5 -90  42  51   0.781  90.0  30.0  697
 5.400  700.0 -90  42  54   0.781  30.0  30.0  699
 5.400  705.0 -90  42  54   0.781  90.0  30.0  704
 5.400  707.5 -90  42  51   0.781   0.0   0.0  706
 5.400  712.5 -90  42  51   0.781   0.0   0.0  709
 5.400  717.5 -90  42  54   0.781  90.0  30.0  716
 5.400  720.0 -90  42  51   0.781  90.0  30.0  719
 5.400  722.5 -90  42  51   0.781  90.0  30.0  722
 5.400  727.5 -90  42  51   0.781  90.0  30.0  727
 5.450  375.0  90  42  54   0.781   0.0   0.0  375
 5.450  377.5  90  42  60   0.781   0.0   0.0  376
 5.450  380.0  90  42  60   0.781   0.0   0.0  379
 5.450  382.5  90  42  51   0.781   0.0   0.0  380
 5.450  725.0  90  42  51   0.781 330.0  30.0  723
 5.450  745.0  90  42  51   0.781 330.0  30.0  744
 5.450  747.5  90  42  51   0.781 330.0  30.0  748
 5.450  765.0  90  42  51   0.781  30.0  30.0  764
 5.450  772.5  90  42  51   0.781   0.0   0.0  770
 5.450  775.0  90  42  51   0.781  90.0  30.0  773
 5.450  777.5  90  42  54   0.781   0.0   0.0  777
 5.450  780.0  90  42  51   0.781   0.0   0.0  780
 5.450  782.5  90  42  57   0.781   0.0   0.0  780
 5.450  350.0 -90  42  51   0.781   0.0   0.0  351
 5.450  352.5 -90  42  66   0.781   0.0   0.0  352
 5.450  355.0 -90  42  69   0.781   0.0   0.0  353
 5.450  357.5 -90  42  57   0.781   0.0   0.0  355
 5.450  690.0 -90  42  51   0.781 270.0  30.0  689
 5.450  700.0 -90  42  51   0.781 270.0  30.0  699
 5.450  702.5 -90  42  51   0.781 330.0  30.0  703
 5.450  712.5 -90  42  51   0.781  30.0  30.0  710
 5.450  715.0 -90  42  51   0.781   0.0   0.0  714
 5.450  717.5 -90  42  54   0.781   0.0   0.0  716
 5.450  722.5 -90  42  51   0.781   0.0   0.0  721
 5.450  732.5 -90  42  51   0.781   0.0   0.0  731
 5.500  357.5  90  39  48   0.781 330.0  30.0  360
 5.500  380.0  90  39  51   0.781   0.0   0.0  380
 5.500  382.5  90  39  60   0.781   0.0   0.0  382
 5.500  385.0  90  39  63   0.781   0.0   0.0  384
 5.500  387.5  90  39  60   0.781   0.0   0.0  385
 5.500  725.0  90  39  51   0.781 270.0  30.0  723
 5.500  745.0  90  39  48   0.781  90.0  30.0  743
 5.500  747.5  90  39  51   0.781 330.0  30.0  747
 5.500  750.0  90  39  51   0.781 330.0  30.0  749
 5.500  760.0  90  39  48   0.781 330.0  30.0  757
 5.500  762.5  90  39  48   0.781   0.0   0.0  760
 5.500  777.5  90  39  48   0.781   0.0   0.0  775
 5.500  787.5  90  39  51   0.781   0.0   0.0  785
 5.500  790.0  90  39  48   0.781   0.0   0.0  787
 5.500  792.5  90  39  48   0.781   0.0   0.0  791
 5.500  795.0  90  39  48   0.781   0.0   0.0  795
 5.500  800.0  90  39  48   0.781   0.0   0.0  799
 5.500  802.5  90  39  48   0.781   0.0   0.0  800
 5.500  355.0 -90  42  60   0.781   0.0   0.0  355
 5.500  357.5 -90  42  69   0.781   0.0   0.0  357
 5.500  360.0 -90  42  66   0.781   0.0   0.0  358
 5.500  700.0 -90  42  51   0.781 330.0  30.0  701
 5.500  702.5 -90  42  51   0.781 330.0  30.0  701
 5.500  705.0 -90  42  54   0.781 270.0  30.0  704
 5.500  710.0 -90  42  51   0.781 270.0  30.0  709
 5.500  712.5 -90  42  57   0.781 270.0  30.0  711
 5.500  715.0 -90  42  57   0.781   0.0   0.0  714
 5.500  717.5 -90  42  54   0.781   0.0   0.0  714
 5.500  720.0 -90  42  51   0.781   0.0   0.0  718
 5.500  727.5 -90  42  54   0.781   0.0   0.0  726
 5.500  730.0 -90  42  51   0.781  90.0  30.0  729
 5.550  387.5  90  39  48   0.781   0.0   0.0  388
 5.550  390.0  90  39  57   0.781   0.0   0.0  389
 5.550  392.5  90  39  60   0.781   0.0   0.0  391
 5.550  395.0  90  39  54   0.781   0.0   0.0  393
 5.550  397.5  90  39  48   0.781   0.0   0.0  395
 5.550  757.5  90  39  48   0.781 330.0  30.0  757
 5.550  775.0  90  39  48   0.781 330.0  30.0  775
 5.550  777.5  90  39  51   0.781   0.0   0.0  775
 5.550  357.5 -90  39  48   0.781   0.0   0.0  359
 5.550  360.0 -90  39  60   0.781   0.0   0.0  360
 5.550  362.5 -90  39  63   0.781   0.0   0.0  361
 5.550  365.0 -90  39  57   0.781   0.0   0.0  362
 5.550  692.5 -90  39  48   0.781  90.0  30.0  691
 5.550  697.5 -90  39  48   0.781  90.0  30.0  696
 5.550  712.5 -90  39  48   0.781   0.0   0.0  712
 5.550  715.0 -90  39  48   0.781 270.0  30.0  713
 5.550  717.5 -90  39  48   0.781 330.0  30.0  717
 5.550  720.0 -90  39  48   0.781   0.0   0.0  720
 5.550  722.5 -90  39  51   0.781   0.0   0.0  721
 5.550  727.5 -90  39  48   0.781   0.0   0.0  725
 5.550  745.0 -90  39  51   0.781   0.0   0.0  744
 5.600  397.5  90  42  54   0.781   0.0   0.0  396
 5.600  400.0  90  42  57   0.781   0.0   0.0  398
 5.600  402.5  90  42  54   0.781   0.0   0.0  401
 5.600  835.0  90  42  51   0.781   0.0   0.0  833
 5.600  362.5 -90  42  51   0.781   0.0   0.0  363
 5.600  365.0 -90  42  63   0.781   0.0   0.0  364
 5.600  367.5 -90  42  63   0.781   0.0   0.0  366
 5.600  370.0 -90  42  51   0.781   0.0   0.0  368
 5.600  732.5 -90  42  51   0.781  30.0  30.0  733
 5.600  757.5 -90  42  51   0.781   0.0   0.0  756
 5.650  405.0  90  39  48   0.781   0.0   0.0  404
 5.650  407.5  90  39  57   0.781   0.0   0.0  406
 5.650  410.0  90  39  60   0.781   0.0   0.0  409
 5.650  412.5  90  39  57   0.781   0.0   0.0  411
 5.650  415.0  90  39  54   0.781   0.0   0.0  412
 5.650  367.5 -90  42  54   0.781   0.0   0.0  368
 5.650  370.0 -90  42  63   0.781   0.0   0.0  369
 5.650  372.5 -90  42  63   0.781   0.0   0.0  371
 5.650  375.0 -90  42  54   0.781   0.0   0.0  372
 5.650  737.5 -90  42  51   0.781   0.0   0.0  736
 5.700  415.0  90  42  51   0.781   0.0   0.0  415
 5.700  417.5  90  42  51   0.781   0.0   0.0  416
 5.700  420.0  90  42  54   0.781   0.0   0.0  419
 5.700  422.5  90  42  54   0.781   0.0   0.0  421
 5.700  425.0  90  42  51   0.781   0.0   0.0  422
 5.700  372.5 -90  42  51   0.781   0.0   0.0  373
 5.700  375.0 -90  42  63   0.781   0.0   0.0  374
 5.700  377.5 -90  42  63   0.781   0.0   0.0  376
 5.700  380.0 -90  42  54   0.781   0.0   0.0  377
 5.700  745.0 -90  42  51   0.781   0.0   0.0  743
 5.750  430.0  90  42  51   0.781   0.0   0.0  429
 5.750  432.5  90  42  54   0.781   0.0   0.0  431
 5.750  435.0  90  42  54   0.781   0.0   0.0  434
 5.750  437.5  90  42  54   0.781   0.0   0.0  436
 5.750  377.5 -90  42  51   0.781   0.0   0.0  380
 5.750  380.0 -90  42  60   0.781   0.0   0.0  379
 5.750  382.5 -90  42  63   0.781   0.0   0.0  381
 5.750  385.0 -90  42  57   0.781   0.0   0.0  382
 5.800  452.5  90  45  54   0.781   0.0   0.0  451
 5.800  455.0  90  45  54   0.781   0.0   0.0  453
 5.800  457.5  90  45  54   0.781   0.0   0.0  456
 5.800  385.0 -90  42  54   0.781   0.0   0.0  385
 5.800  387.5 -90  42  60   0.781   0.0   0.0  387
 5.800  390.0 -90  42  60   0.781   0.0   0.0  388
 5.850  475.0  90  48  57   0.781   0.0   0.0  473
 5.850  480.0  90  48  57   0.781   0.0   0.0  478
 5.850  482.5  90  48  57   0.781   0.0   0.0  481
 5.850  392.5 -90  45  54   0.781   0.0   0.0  391
 5.850  395.0 -90  45  57   0.781   0.0   0.0  393
 5.850  397.5 -90  45  54   0.781   0.0   0.0  395
 5.900  402.5 -90  45  57   0.781   0.0   0.0  400
 5.900  405.0 -90  45  54   0.781   0.0   0.0  404
 6.100  455.0 -90  45  54   0.781   0.0   0.0  455
 6.100  457.5 -90  45  54   0.781   0.0   0.0  458
 6.100  460.0 -90  45  54   0.781   0.0   0.0  457
 6.100  462.5 -90  45  54   0.781   0.0   0.0  460
 6.150  475.0 -90  45  54   0.781   0.0   0.0  475
 6.150  480.0 -90  45  54   0.781   0.0   0.0  478
 6.200  505.0 -90  45  54   0.781   0.0   0.0  504
 6.200  507.5 -90  45  54   0.781   0.0   0.0  506
 6.200  510.0 -90  45  54   0.781   0.0   0.0  509
 6.200  512.5 -90  45  54   0.781   0.0   0.0  511
 6.200  515.0 -90  45  54   0.781   0.0   0.0  511
 6.200  520.0 -90  45  54   0.781   0.0   0.0  520
 6.300  650.0 -90  39  48   0.781   0.0   0.0  646
 6.300  652.5 -90  39  48   0.781   0.0   0.0  650
 8.250  502.5 -90  42  51   3.906   0.0   0.0  512
 8.450  820.0  90  45  54   0.781   0.0   0.0  811
 9.050 1025.0  90  42  51   0.781   0.0   0.0 1030
 9.050 1265.0  90  42  51  -5.469   0.0   0.0 1276
 9.700 1275.0 -90  51  60   2.344 210.0  30.0 1263
 9.700 1277.5 -90  51  60   2.344 210.0  30.0 1267
 9.700 1280.0 -90  51  60   2.344 210.0  30.0 1270
 9.700 1282.5 -90  51  60   0.781 210.0  30.0 1291
11.250 1037.5  90  39  48  -2.344  30.0  30.0 1031
11.900 1257.5  90  45  54   0.781 330.0  30.0 1270
11.900 1175.0 -90  45  54   0.781 330.0  30.0 1190
11.900 1237.5 -90  45  54  -3.906 330.0  30.0 1241
12.000  467.5  90  45  54  -5.469 330.0  30.0  475
12.000  470.0  90  45  54   3.906 330.0  30.0  473
12.000  767.5  90  45  54  -0.781 330.0  30.0  757
12.150 1187.5  90  45  54  -2.344  90.0  30.0 1198
12.950  870.0  90  42  51  -0.781   0.0   0.0  856
12.950 1220.0  90  42  51  -2.344  90.0  30.0 1208
13.300  587.5  90  39  48  -0.781   0.0   0.0  591
13.300 1062.5  90  39  48   3.906   0.0   0.0 1069
13.400   85.0 -90  39  48  -2.344   0.0   0.0   74
14.300 1127.5  90  36  45  -2.344   0.0   0.0 1114
14.900  447.5 -90  36  45  -2.344  90.0  30.0  438
15.750  782.5 -90  45  54   0.781 270.0  30.0  792
15.950 1182.5  90  48  57   5.469 270.0  30.0 1175
16.050  462.5 -90  48  57   2.344   0.0   0.0  457
16.450  202.5  90  51  60   5.469 330.0  30.0  212
16.450  245.0 -90  51  60  -3.906 330.0  30.0  242
16.450  280.0 -90  51  60  -5.469 330.0  30.0  276
16.750  587.5 -90  57  66   3.906 330.0  30.0  583
17.100  387.5  90  57  66  -2.344 330.0  30.0  378
17.150 1007.5  90  54  63   3.906 330.0  30.0 1016
17.250 1225.0  90  51  60   2.344 330.0  30.0 1230
17.500  312.5 -90  45  54   2.344 330.0  30.0  320
17.500 1140.0 -90  45  54   0.781 330.0  30.0 1137
17.750  157.5  90  48  57   2.344 330.0  30.0  172
18.000 1182.5 -90  45  54  -3.906 330.0  30.0 1186
18.400  202.5 -90  45  54   2.344 210.0  30.0  214
18.400  385.0 -90  45  54   0.781 210.0  30.0  387
19.150  385.0  90  39  48   0.781  90.0  30.0  375
19.400  477.5  90  42  51  -3.906 210.0  30.0  466
19.400 1152.5  90  42  51   5.469  90.0  30.0 1161
19.650  142.5 -90  39  48   3.906  90.0  30.0  145
