2023.03.28 (087) 00:00:00.000
Station name: CHILTON
URSI code: RL052
Ionosonde model: DPS-1
  Freq  Range Pol MPA Amp Doppler    Az    Zn  PGH
 1.650  320.0  90  42  60   0.781   0.0   0.0
 1.700  320.0  90  36  54  -0.781   0.0   0.0
 1.700  325.0  90  36  54  -0.781   0.0   0.0
 1.750  320.0  90  36  54   0.781   0.0   0.0
 1.750  325.0  90  36  54   0.781   0.0   0.0
 1.800  325.0  90  42  60   0.781   0.0   0.0
 1.850  325.0  90  36  60  -0.781   0.0   0.0
 1.850  330.0  90  36  48   0.781   0.0   0.0
 1.900  325.0  90  42  60   0.781   0.0   0.0
 1.900  330.0  90  42  54   0.781   0.0   0.0
 1.950  325.0  90  42  54   0.781   0.0   0.0
 1.950  330.0  90  42  60   0.781   0.0   0.0
 2.000  330.0  90  42  60   0.781   0.0   0.0
 2.050  330.0  90  42  60   0.781   0.0   0.0
 2.100  330.0  90  36  54  -0.781   0.0   0.0
 2.100  335.0  90  36  66   0.781   0.0   0.0
 2.100  340.0  90  36  48   0.781   0.0   0.0
 2.150  330.0  90  36  54   0.781   0.0   0.0
 2.150  335.0  90  36  60   0.781   0.0   0.0
 2.150  340.0  90  36  54  -0.781   0.0   0.0
 2.200  335.0  90  36  60   0.781   0.0   0.0
 2.250  335.0  90  42  60   0.781   0.0   0.0
 2.250  340.0  90  42  54   0.781   0.0   0.0
 2.300  335.0  90  36  54   0.781   0.0   0.0
 2.300  340.0  90  36  48   0.781   0.0   0.0
 2.300  345.0  90  36  48  -0.781   0.0   0.0
 2.350  340.0  90  42  54   0.781   0.0   0.0
 2.400  340.0  90  54  66  -0.781   0.0   0.0
 2.500  340.0  90  42  54   0.781   0.0   0.0
 2.500  345.0  90  42  66   0.781   0.0   0.0
 2.550  345.0  90  42  60   0.781   0.0   0.0
 2.600  345.0  90  54  66   0.781   0.0   0.0
 2.700  345.0  90  42  54   0.781   0.0   0.0
 2.700  350.0  90  42  66   0.781   0.0   0.0
 2.700  355.0  90  42  54   0.781   0.0   0.0
 2.750  350.0  90  42  66   0.781   0.0   0.0
 2.750  345.0 -90  42  54   0.781   0.0   0.0
 2.800  350.0  90  54  66   0.781   0.0   0.0
 2.850  345.0  90  36  60   0.781   0.0   0.0
 2.850  350.0  90  36  54  -0.781   0.0   0.0
 2.850  355.0  90  36  66   0.781   0.0   0.0
 2.850  360.0  90  36  54  -0.781   0.0   0.0
 2.850  365.0  90  36  48  -0.781   0.0   0.0
 2.900  345.0  90  42  60   0.781   0.0   0.0
 2.900  355.0  90  42  66   0.781   0.0   0.0
 2.900  360.0  90  42  60   0.781   0.0   0.0
 2.950  295.0  90  36  48   0.781   0.0   0.0
 2.950  345.0  90  36  60   0.781   0.0   0.0
 2.950  350.0  90  36  54   0.781   0.0   0.0
 2.950  355.0  90  36  60  -0.781   0.0   0.0
 2.950  360.0  90  36  54   0.781   0.0   0.0
 2.950  370.0  90  36  54  -0.781   0.0   0.0
 2.950  275.0 -90  36  48   0.781   0.0   0.0
 3.000  345.0  90  48  60   0.781   0.0   0.0
 3.000  350.0  90  48  66   0.781   0.0   0.0
 3.000  355.0  90  48  66   0.781   0.0   0.0
 3.000  360.0  90  48  66  -0.781   0.0   0.0
 3.050  325.0  90  36  48   0.781   0.0   0.0
 3.050  345.0  90  36  48   0.781   0.0   0.0
 3.050  350.0  90  36  66   0.781   0.0   0.0
 3.050  355.0  90  36  54   0.781   0.0   0.0
 3.050  360.0  90  36  72   0.781   0.0   0.0
 3.050  365.0  90  36  60   0.781   0.0   0.0
 3.050  370.0  90  36  48  -0.781   0.0   0.0
 3.050  375.0  90  36  54  -0.781   0.0   0.0
 3.100  350.0  90  42  66   0.781   0.0   0.0
 3.100  360.0  90  42  72   0.781   0.0   0.0
 3.100  365.0  90  42  60   0.781   0.0   0.0
 3.100  355.0 -90  42  54   0.781   0.0   0.0
 3.150  350.0  90  42  66   0.781   0.0   0.0
 3.150  355.0  90  42  66   0.781   0.0   0.0
 3.150  360.0  90  42  66   0.781   0.0   0.0
 3.150  365.0  90  42  66   0.781   0.0   0.0
 3.150  370.0  90  42  54  -0.781   0.0   0.0
 3.200  350.0  90  42  60   0.781   0.0   0.0
 3.200  355.0  90  42  60   0.781   0.0   0.0
 3.200  360.0  90  42  54   0.781   0.0   0.0
 3.200  365.0  90  42  78   0.781   0.0   0.0
 3.200  370.0  90  42  66  -0.781   0.0   0.0
 3.200  375.0  90  42  54  -0.781   0.0   0.0
 3.250  350.0  90  42  54   0.781   0.0   0.0
 3.250  355.0  90  42  66   0.781   0.0   0.0
 3.250  365.0  90  42  72   0.781   0.0   0.0
 3.250  370.0  90  42  66  -0.781   0.0   0.0
 3.250  375.0  90  42  54  -0.781   0.0   0.0
 3.250  380.0  90  42  54  -0.781   0.0   0.0
 3.250  360.0 -90  42  54  -0.781   0.0   0.0
 3.300  355.0  90  48  60   0.781   0.0   0.0
 3.300  360.0  90  48  66   0.781   0.0   0.0
 3.300  365.0  90  48  60   0.781   0.0   0.0
 3.300  370.0  90  48  72   0.781   0.0   0.0
 3.350  355.0  90  54  66   0.781   0.0   0.0
 3.350  360.0  90  54  66   0.781   0.0   0.0
 3.350  370.0  90  54  72   0.781   0.0   0.0
 3.350  375.0  90  54  66  -0.781   0.0   0.0
 3.400  355.0  90  42  60   0.781   0.0   0.0
 3.400  360.0  90  42  66   0.781   0.0   0.0
 3.400  370.0  90  42  66   0.781   0.0   0.0
 3.400  375.0  90  42  78   0.781   0.0   0.0
 3.400  380.0  90  42  66  -0.781   0.0   0.0
 3.400  385.0  90  42  54  -0.781   0.0   0.0
 3.400  365.0 -90  42  54   0.781   0.0   0.0
 3.450  355.0  90  42  54   0.781   0.0   0.0
 3.450  360.0  90  42  72   0.781   0.0   0.0
 3.450  365.0  90  42  60   0.781   0.0   0.0
 3.450  370.0  90  42  54   0.781   0.0   0.0
 3.450  375.0  90  42  72   0.781   0.0   0.0
 3.450  380.0  90  42  66  -0.781   0.0   0.0
 3.450  385.0  90  42  54   0.781   0.0   0.0
 3.450  390.0  90  42  54   0.781   0.0   0.0
 3.450  395.0  90  42  54  -0.781   0.0   0.0
 3.450  400.0  90  42  54   0.781   0.0   0.0
 3.500  305.0  90  42  54   0.781   0.0   0.0
 3.500  360.0  90  42  66   0.781   0.0   0.0
 3.500  365.0  90  42  54   0.781   0.0   0.0
 3.500  370.0  90  42  54  -0.781   0.0   0.0
 3.500  375.0  90  42  66   0.781   0.0   0.0
 3.500  380.0  90  42  66  -0.781   0.0   0.0
 3.500  385.0  90  42  54  -0.781   0.0   0.0
 3.500  355.0 -90  42  54   0.781   0.0   0.0
 3.550  360.0  90  42  60   0.781   0.0   0.0
 3.550  375.0  90  42  60  -0.781   0.0   0.0
 3.550  385.0  90  42  54  -0.781   0.0   0.0
 3.550  390.0  90  42  54   0.781   0.0   0.0
 3.550  405.0  90  42  54   0.781   0.0   0.0
 3.550  365.0 -90  42  60  -0.781   0.0   0.0
 3.550  370.0 -90  42  54  -0.781   0.0   0.0
 3.550  380.0 -90  42  60   0.781   0.0   0.0
 3.600  380.0  90  42  66   0.781   0.0   0.0
 3.600  385.0  90  42  60   0.781   0.0   0.0
 3.600  390.0  90  42  54   0.781   0.0   0.0
 3.600  360.0 -90  42  66   0.781   0.0   0.0
 3.600  365.0 -90  42  72   0.781   0.0   0.0
 3.650  370.0  90  42  60   0.781   0.0   0.0
 3.650  380.0  90  42  60   0.781   0.0   0.0
 3.650  385.0  90  42  72   0.781   0.0   0.0
 3.650  390.0  90  42  60   0.781   0.0   0.0
 3.650  395.0  90  42  54  -0.781   0.0   0.0
 3.650  360.0 -90  42  54   0.781   0.0   0.0
 3.650  365.0 -90  42  72   0.781   0.0   0.0
 3.700  370.0  90  42  60   0.781   0.0   0.0
 3.700  380.0  90  42  54   0.781   0.0   0.0
 3.700  385.0  90  42  72  -0.781   0.0   0.0
 3.700  390.0  90  42  66   0.781   0.0   0.0
 3.700  395.0  90  42  54   0.781   0.0   0.0
 3.700  365.0 -90  42  72   0.781   0.0   0.0
 3.750   95.0  90  36  48   0.781   0.0   0.0
 3.750  325.0  90  36  48   0.781   0.0   0.0
 3.750  330.0  90  36  48   0.781   0.0   0.0
 3.750  335.0  90  36  48   0.781   0.0   0.0
 3.750  365.0  90  36  48  -0.781   0.0   0.0
 3.750  385.0  90  36  66   0.781   0.0   0.0
 3.750  390.0  90  36  66  -0.781   0.0   0.0
 3.750  395.0  90  36  60  -0.781   0.0   0.0
 3.750  400.0  90  36  48  -0.781   0.0   0.0
 3.750  410.0  90  36  48   0.781   0.0   0.0
 3.750  415.0  90  36  48   0.781   0.0   0.0
 3.750  430.0  90  36  48   0.781   0.0   0.0
 3.750  435.0  90  36  54   0.781   0.0   0.0
 3.750  440.0  90  36  48   0.781   0.0   0.0
 3.750  450.0  90  36  48   0.781   0.0   0.0
 3.750  340.0 -90  36  48   0.781   0.0   0.0
 3.750  370.0 -90  36  60  -0.781   0.0   0.0
 3.750  375.0 -90  36  60  -0.781   0.0   0.0
 3.750  380.0 -90  36  54  -0.781   0.0   0.0
 3.750  445.0 -90  36  48   0.781   0.0   0.0
 3.800  390.0  90  54  72   0.781   0.0   0.0
 3.800  395.0  90  54  66   0.781   0.0   0.0
 3.800  370.0 -90  54  78   0.781   0.0   0.0
 3.850  390.0  90  54  66  -0.781   0.0   0.0
 3.850  370.0 -90  54  72   0.781   0.0   0.0
 3.900  390.0  90  42  54   0.781   0.0   0.0
 3.900  395.0  90  42  66   0.781   0.0   0.0
 3.900  400.0  90  42  66   0.781   0.0   0.0
 3.900  405.0  90  42  54  -0.781   0.0   0.0
 3.900  370.0 -90  42  60   0.781   0.0   0.0
 3.900  375.0 -90  42  78   0.781   0.0   0.0
 3.900  385.0 -90  42  54  -0.781   0.0   0.0
 3.950  345.0  90  36  48   0.781   0.0   0.0
 3.950  350.0  90  36  48   0.781   0.0   0.0
 3.950  370.0  90  36  48   0.781   0.0   0.0
 3.950  395.0  90  36  66   0.781   0.0   0.0
 3.950  400.0  90  36  66   0.781   0.0   0.0
 3.950  405.0  90  36  60   0.781   0.0   0.0
 3.950  410.0  90  36  54  -0.781   0.0   0.0
 3.950  415.0  90  36  48  -0.781   0.0   0.0
 3.950  425.0  90  36  48   0.781   0.0   0.0
 3.950  480.0  90  36  48   0.781   0.0   0.0
 3.950  100.0 -90  36  48   0.781   0.0   0.0
 3.950  195.0 -90  36  48   0.781   0.0   0.0
 3.950  375.0 -90  36  72   0.781   0.0   0.0
 3.950  380.0 -90  36  60   0.781   0.0   0.0
 3.950  385.0 -90  36  48  -0.781   0.0   0.0
 3.950  390.0 -90  36  54  -0.781   0.0   0.0
 4.000  400.0  90  54  72   0.781   0.0   0.0
 4.000  405.0  90  54  66   0.781   0.0   0.0
 4.000  380.0 -90  54  66   0.781   0.0   0.0
 4.050  405.0  90  54  66   0.781   0.0   0.0
 4.050  410.0  90  54  72   0.781   0.0   0.0
 4.100   90.0  90  42  60   0.781   0.0   0.0
 4.100  400.0  90  42  54   0.781   0.0   0.0
 4.100  405.0  90  42  66  -0.781   0.0   0.0
 4.100  410.0  90  42  72  -0.781   0.0   0.0
 4.100  415.0  90  42  60  -0.781   0.0   0.0
 4.100  380.0 -90  42  72   0.781   0.0   0.0
 4.100  385.0 -90  42  60   0.781   0.0   0.0
 4.100  395.0 -90  42  54  -0.781   0.0   0.0
 4.100  420.0 -90  42  54   0.781   0.0   0.0
 4.150  405.0  90  54  72   0.781   0.0   0.0
 4.150  410.0  90  54  72   0.781   0.0   0.0
 4.150  380.0 -90  54  66   0.781   0.0   0.0
 4.150  385.0 -90  54  66   0.781   0.0   0.0
 4.200  410.0  90  48  60   0.781   0.0   0.0
 4.200  415.0  90  48  66   0.781   0.0   0.0
 4.200  420.0  90  48  66   0.781   0.0   0.0
 4.200  385.0 -90  48  72   0.781   0.0   0.0
 4.200  390.0 -90  48  66   0.781   0.0   0.0
 4.250  385.0  90  48  66   0.781   0.0   0.0
 4.250  410.0  90  48  66   0.781   0.0   0.0
 4.250  415.0  90  48  72   0.781   0.0   0.0
 4.250  420.0  90  48  66   0.781   0.0   0.0
 4.250  425.0  90  48  60   0.781   0.0   0.0
 4.250  390.0 -90  48  66   0.781   0.0   0.0
 4.300  420.0  90  60  72  -0.781   0.0   0.0
 4.350  420.0  90  48  60   0.781   0.0   0.0
 4.350  425.0  90  48  66   0.781   0.0   0.0
 4.350  430.0  90  48  72   0.781   0.0   0.0
 4.350  435.0  90  48  66  -0.781   0.0   0.0
 4.350  390.0 -90  48  66   0.781   0.0   0.0
 4.350  395.0 -90  48  66   0.781   0.0   0.0
 4.350  400.0 -90  48  60  -0.781   0.0   0.0
 4.400  135.0  90  42  54   0.781   0.0   0.0
 4.400  425.0  90  42  66  -0.781   0.0   0.0
 4.400  430.0  90  42  66  -0.781   0.0   0.0
 4.400  435.0  90  42  60   0.781   0.0   0.0
 4.400  440.0  90  42  66   0.781   0.0   0.0
 4.400  390.0 -90  42  54   0.781   0.0   0.0
 4.400  395.0 -90  42  66  -0.781   0.0   0.0
 4.450  425.0  90  48  60  -0.781   0.0   0.0
 4.450  430.0  90  48  66   0.781   0.0   0.0
 4.450  435.0  90  48  60   0.781   0.0   0.0
 4.450  440.0  90  48  66   0.781   0.0   0.0
 4.450  395.0 -90  48  60  -0.781   0.0   0.0
 4.500  430.0  90  42  54  -0.781   0.0   0.0
 4.500  435.0  90  42  60   0.781   0.0   0.0
 4.500  440.0  90  42  60   0.781   0.0   0.0
 4.500  445.0  90  42  60   0.781   0.0   0.0
 4.500  450.0  90  42  60   0.781   0.0   0.0
 4.500  395.0 -90  42  60   0.781   0.0   0.0
 4.500  400.0 -90  42  66  -0.781   0.0   0.0
 4.500  405.0 -90  42  66  -0.781   0.0   0.0
 4.550  430.0  90  42  54  -0.781   0.0   0.0
 4.550  435.0  90  42  66  -0.781   0.0   0.0
 4.550  440.0  90  42  60   0.781   0.0   0.0
 4.550  445.0  90  42  66   0.781   0.0   0.0
 4.550  450.0  90  42  60   0.781   0.0   0.0
 4.550  395.0 -90  42  54   0.781   0.0   0.0
 4.550  400.0 -90  42  66   0.781   0.0   0.0
 4.550  405.0 -90  42  60  -0.781   0.0   0.0
 4.600  440.0  90  48  66  -0.781   0.0   0.0
 4.600  450.0  90  48  60   0.781   0.0   0.0
 4.600  400.0 -90  48  60   0.781   0.0   0.0
 4.600  405.0 -90  48  60   0.781   0.0   0.0
 4.650  445.0  90  48  60  -0.781   0.0   0.0
 4.650  450.0  90  48  66  -0.781   0.0   0.0
 4.650  455.0  90  48  66  -0.781   0.0   0.0
 4.650  460.0  90  48  66  -0.781   0.0   0.0
 4.650  465.0  90  48  66   0.781   0.0   0.0
 4.650  470.0  90  48  60   0.781   0.0   0.0
 4.650  405.0 -90  48  60  -0.781   0.0   0.0
 4.650  410.0 -90  48  66  -0.781   0.0   0.0
 4.700  200.0  90  36  48  -0.781   0.0   0.0
 4.700  205.0  90  36  48   0.781   0.0   0.0
 4.700  445.0  90  36  48   0.781   0.0   0.0
 4.700  450.0  90  36  54   0.781   0.0   0.0
 4.700  455.0  90  36  60  -0.781   0.0   0.0
 4.700  460.0  90  36  72   0.781   0.0   0.0
 4.700  465.0  90  36  66   0.781   0.0   0.0
 4.700  470.0  90  36  48  -0.781   0.0   0.0
 4.700  475.0  90  36  54   0.781   0.0   0.0
 4.700  480.0  90  36  48   0.781   0.0   0.0
 4.700  405.0 -90  36  60  -0.781   0.0   0.0
 4.700  410.0 -90  36  60   0.781   0.0   0.0
 4.700  415.0 -90  36  66   0.781   0.0   0.0
 4.700  420.0 -90  36  54  -0.781   0.0   0.0
 4.700  425.0 -90  36  48  -0.781   0.0   0.0
 4.750  100.0  90  36  48   0.781   0.0   0.0
 4.750  145.0  90  36  48   0.781   0.0   0.0
 4.750  445.0  90  36  48   0.781   0.0   0.0
 4.750  450.0  90  36  54   0.781   0.0   0.0
 4.750  455.0  90  36  60  -0.781   0.0   0.0
 4.750  460.0  90  36  72   0.781   0.0   0.0
 4.750  465.0  90  36  66   0.781   0.0   0.0
 4.750  470.0  90  36  54   0.781   0.0   0.0
 4.750  475.0  90  36  54   0.781   0.0   0.0
 4.750  480.0  90  36  54   0.781   0.0   0.0
 4.750   95.0 -90  36  48   0.781   0.0   0.0
 4.750  405.0 -90  36  60   0.781   0.0   0.0
 4.750  410.0 -90  36  72   0.781   0.0   0.0
 4.750  415.0 -90  36  66   0.781   0.0   0.0
 4.750  420.0 -90  36  48   0.781   0.0   0.0
 4.750  425.0 -90  36  48  -0.781   0.0   0.0
 4.750  505.0 -90  36  48   0.781   0.0   0.0
 4.800  420.0  90  36  48   0.781   0.0   0.0
 4.800  455.0  90  36  60   0.781   0.0   0.0
 4.800  460.0  90  36  60  -0.781   0.0   0.0
 4.800  465.0  90  36  60  -0.781   0.0   0.0
 4.800  470.0  90  36  60   0.781   0.0   0.0
 4.800  475.0  90  36  54   0.781   0.0   0.0
 4.800  480.0  90  36  66   0.781   0.0   0.0
 4.800  485.0  90  36  54   0.781   0.0   0.0
 4.800  105.0 -90  36  48   0.781   0.0   0.0
 4.800  410.0 -90  36  54  -0.781   0.0   0.0
 4.800  415.0 -90  36  60   0.781   0.0   0.0
 4.850  460.0  90  42  54  -0.781   0.0   0.0
 4.850  465.0  90  42  60  -0.781   0.0   0.0
 4.850  470.0  90  42  60  -0.781   0.0   0.0
 4.850  475.0  90  42  60  -0.781   0.0   0.0
 4.850  480.0  90  42  60   0.781   0.0   0.0
 4.850  485.0  90  42  54   0.781   0.0   0.0
 4.850  490.0  90  42  60   0.781   0.0   0.0
 4.850  495.0  90  42  60  -0.781   0.0   0.0
 4.850  500.0  90  42  54   0.781   0.0   0.0
 4.850  510.0  90  42  54  -0.781   0.0   0.0
 4.850  415.0 -90  42  66   0.781   0.0   0.0
 4.850  420.0 -90  42  60  -0.781   0.0   0.0
 4.850  425.0 -90  42  60   0.781   0.0   0.0
 4.900  470.0  90  42  54  -0.781   0.0   0.0
 4.900  475.0  90  42  60  -0.781   0.0   0.0
 4.900  480.0  90  42  54   0.781   0.0   0.0
 4.900  485.0  90  42  60  -0.781   0.0   0.0
 4.900  490.0  90  42  60   0.781   0.0   0.0
 4.900  495.0  90  42  54  -0.781   0.0   0.0
 4.900  500.0  90  42  54   0.781   0.0   0.0
 4.900  505.0  90  42  54   0.781   0.0   0.0
 4.900  510.0  90  42  54  -0.781   0.0   0.0
 4.900  515.0  90  42  54   0.781   0.0   0.0
 4.900  415.0 -90  42  66   0.781   0.0   0.0
 4.900  420.0 -90  42  66  -0.781   0.0   0.0
 4.900  425.0 -90  42  66   0.781   0.0   0.0
 4.950  130.0  90  42  54   0.781   0.0   0.0
 4.950  480.0  90  42  54  -0.781   0.0   0.0
 4.950  485.0  90  42  54  -0.781   0.0   0.0
 4.950  490.0  90  42  54  -0.781   0.0   0.0
 4.950  495.0  90  42  54   0.781   0.0   0.0
 4.950  500.0  90  42  60   0.781   0.0   0.0
 4.950  505.0  90  42  66   0.781   0.0   0.0
 4.950  510.0  90  42  60   0.781   0.0   0.0
 4.950  515.0  90  42  66   0.781   0.0   0.0
 4.950  520.0  90  42  60   0.781   0.0   0.0
 4.950  530.0  90  42  60   0.781   0.0   0.0
 4.950  425.0 -90  42  60   0.781   0.0   0.0
 4.950  430.0 -90  42  66   0.781   0.0   0.0
 4.950  435.0 -90  42  60  -0.781   0.0   0.0
 5.000  490.0  90  42  54  -0.781   0.0   0.0
 5.000  495.0  90  42  54  -0.781   0.0   0.0
 5.000  500.0  90  42  60  -0.781   0.0   0.0
 5.000  505.0  90  42  60  -0.781   0.0   0.0
 5.000  510.0  90  42  54   0.781   0.0   0.0
 5.000  515.0  90  42  60   0.781   0.0   0.0
 5.000  520.0  90  42  60   0.781   0.0   0.0
 5.000  525.0  90  42  60   0.781   0.0   0.0
 5.000  530.0  90  42  54   0.781   0.0   0.0
 5.000  535.0  90  42  60  -0.781   0.0   0.0
 5.000  545.0  90  42  54  -0.781   0.0   0.0
 5.000  555.0  90  42  54   0.781   0.0   0.0
 5.000  565.0  90  42  54   0.781   0.0   0.0
 5.000  425.0 -90  42  60   0.781   0.0   0.0
 5.000  430.0 -90  42  78   0.781   0.0   0.0
 5.000  435.0 -90  42  66  -0.781   0.0   0.0
 5.000  440.0 -90  42  54  -0.781   0.0   0.0
 5.050   90.0  90  36  54   0.781   0.0   0.0
 5.050   95.0  90  36  54   0.781   0.0   0.0
 5.050  140.0  90  36  48   0.781   0.0   0.0
 5.050  485.0  90  36  48  -0.781   0.0   0.0
 5.050  490.0  90  36  48  -0.781   0.0   0.0
 5.050  495.0  90  36  54  -0.781   0.0   0.0
 5.050  500.0  90  36  60  -0.781   0.0   0.0
 5.050  510.0  90  36  60  -0.781   0.0   0.0
 5.050  515.0  90  36  54  -0.781   0.0   0.0
 5.050  520.0  90  36  54  -0.781   0.0   0.0
 5.050  525.0  90  36  60  -0.781   0.0   0.0
 5.050  530.0  90  36  54   0.781   0.0   0.0
 5.050  535.0  90  36  54   0.781   0.0   0.0
 5.050  540.0  90  36  54  -0.781   0.0   0.0
 5.050  545.0  90  36  54   0.781   0.0   0.0
 5.050  550.0  90  36  48   0.781   0.0   0.0
 5.050  555.0  90  36  60   0.781   0.0   0.0
 5.050  560.0  90  36  60  -0.781   0.0   0.0
 5.050  565.0  90  36  48  -0.781   0.0   0.0
 5.050  570.0  90  36  60   0.781   0.0   0.0
 5.050  580.0  90  36  48  -0.781   0.0   0.0
 5.050  585.0  90  36  48   0.781   0.0   0.0
 5.050  590.0  90  36  48   0.781   0.0   0.0
 5.050  105.0 -90  36  48   0.781   0.0   0.0
 5.050  145.0 -90  36  54   0.781   0.0   0.0
 5.050  430.0 -90  36  60  -0.781   0.0   0.0
 5.050  435.0 -90  36  72   0.781   0.0   0.0
 5.050  440.0 -90  36  60   0.781   0.0   0.0
 5.050  445.0 -90  36  48  -0.781   0.0   0.0
 5.100  500.0  90  42  54   0.781   0.0   0.0
 5.100  505.0  90  42  54  -0.781   0.0   0.0
 5.100  510.0  90  42  60   0.781   0.0   0.0
 5.100  515.0  90  42  54  -0.781   0.0   0.0
 5.100  525.0  90  42  54   0.781   0.0   0.0
 5.100  535.0  90  42  54  -0.781   0.0   0.0
 5.100  540.0  90  42  60  -0.781   0.0   0.0
 5.100  545.0  90  42  60   0.781   0.0   0.0
 5.100  555.0  90  42  60   0.781   0.0   0.0
 5.100  575.0  90  42  54  -0.781   0.0   0.0
 5.100  580.0  90  42  54   0.781   0.0   0.0
 5.100  590.0  90  42  54   0.781   0.0   0.0
 5.100  430.0 -90  42  60  -0.781   0.0   0.0
 5.100  435.0 -90  42  72   0.781   0.0   0.0
 5.100  440.0 -90  42  66  -0.781   0.0   0.0
 5.150  555.0  90  48  60   0.781   0.0   0.0
 5.150  570.0  90  48  60   0.781   0.0   0.0
 5.150  575.0  90  48  60   0.781   0.0   0.0
 5.150  435.0 -90  48  66  -0.781   0.0   0.0
 5.150  440.0 -90  48  66  -0.781   0.0   0.0
 5.200  440.0 -90  54  66  -0.781   0.0   0.0
 5.200  450.0 -90  54  66   0.781   0.0   0.0
 5.250  450.0 -90  48  66   0.781   0.0   0.0
 5.250  455.0 -90  48  72   0.781   0.0   0.0
 5.300  450.0 -90  42  60  -0.781   0.0   0.0
 5.300  455.0 -90  42  72  -0.781   0.0   0.0
 5.300  460.0 -90  42  60  -0.781   0.0   0.0
 5.300  465.0 -90  42  60  -0.781   0.0   0.0
 5.350  150.0  90  36  48   0.781   0.0   0.0
 5.350  155.0  90  36  48   0.781   0.0   0.0
 5.350  455.0  90  36  48  -0.781   0.0   0.0
 5.350  630.0  90  36  48  -0.781   0.0   0.0
 5.350  195.0 -90  36  48   0.781   0.0   0.0
 5.350  200.0 -90  36  48   0.781   0.0   0.0
 5.350  450.0 -90  36  48  -0.781   0.0   0.0
 5.350  460.0 -90  36  72   0.781   0.0   0.0
 5.350  465.0 -90  36  66   0.781   0.0   0.0
 5.350  470.0 -90  36  60  -0.781   0.0   0.0
 5.350  475.0 -90  36  54   0.781   0.0   0.0
 5.350  480.0 -90  36  54   0.781   0.0   0.0
 5.400  455.0 -90  42  54  -0.781   0.0   0.0
 5.400  460.0 -90  42  66   0.781   0.0   0.0
 5.400  465.0 -90  42  66  -0.781   0.0   0.0
 5.400  475.0 -90  42  54   0.781   0.0   0.0
 5.400  480.0 -90  42  54   0.781   0.0   0.0
 5.450  470.0 -90  42  60  -0.781   0.0   0.0
 5.450  475.0 -90  42  66   0.781   0.0   0.0
 5.450  480.0 -90  42  66   0.781   0.0   0.0
 5.450  485.0 -90  42  60  -0.781   0.0   0.0
 5.450  490.0 -90  42  60   0.781   0.0   0.0
 5.450  495.0 -90  42  60   0.781   0.0   0.0
 5.500  185.0  90  42  54   0.781   0.0   0.0
 5.500  235.0 -90  42  54   0.781   0.0   0.0
 5.500  465.0 -90  42  54  -0.781   0.0   0.0
 5.500  470.0 -90  42  60  -0.781   0.0   0.0
 5.500  475.0 -90  42  66   0.781   0.0   0.0
 5.500  480.0 -90  42  60   0.781   0.0   0.0
 5.500  485.0 -90  42  60   0.781   0.0   0.0
 5.500  490.0 -90  42  60   0.781   0.0   0.0
 5.500  495.0 -90  42  54   0.781   0.0   0.0
 5.550  475.0 -90  36  48  -0.781   0.0   0.0
 5.550  480.0 -90  36  66  -0.781   0.0   0.0
 5.550  485.0 -90  36  66   0.781   0.0   0.0
 5.550  490.0 -90  36  66   0.781   0.0   0.0
 5.550  495.0 -90  36  66   0.781   0.0   0.0
 5.550  500.0 -90  36  54   0.781   0.0   0.0
 5.550  515.0 -90  36  48   0.781   0.0   0.0
 5.600  485.0 -90  36  66  -0.781   0.0   0.0
 5.600  490.0 -90  36  60   0.781   0.0   0.0
 5.600  495.0 -90  36  60   0.781   0.0   0.0
 5.600  500.0 -90  36  66   0.781   0.0   0.0
 5.600  505.0 -90  36  60   0.781   0.0   0.0
 5.600  510.0 -90  36  54   0.781   0.0   0.0
 5.600  515.0 -90  36  54   0.781   0.0   0.0
 5.600  520.0 -90  36  54   0.781   0.0   0.0
 5.600  525.0 -90  36  48   0.781   0.0   0.0
 5.650  490.0  90  36  48  -0.781   0.0   0.0
 5.650  505.0  90  36  48   0.781   0.0   0.0
 5.650  510.0  90  36  48  -0.781   0.0   0.0
 5.650  500.0 -90  36  54  -0.781   0.0   0.0
 5.650  515.0 -90  36  60   0.781   0.0   0.0
 5.650  520.0 -90  36  54  -0.781   0.0   0.0
 5.650  525.0 -90  36  54  -0.781   0.0   0.0
 5.650  530.0 -90  36  54  -0.781   0.0   0.0
 5.650  535.0 -90  36  54  -0.781   0.0   0.0
 5.650  540.0 -90  36  54   0.781   0.0   0.0
 5.650  545.0 -90  36  48   0.781   0.0   0.0
 5.650  550.0 -90  36  48   0.781   0.0   0.0
 5.700  300.0  90  36  48   0.781   0.0   0.0
 5.700  495.0 -90  36  48  -0.781   0.0   0.0
 5.700  500.0 -90  36  54  -0.781   0.0   0.0
 5.700  505.0 -90  36  54  -0.781   0.0   0.0
 5.700  510.0 -90  36  60  -0.781   0.0   0.0
 5.700  520.0 -90  36  60   0.781   0.0   0.0
 5.700  525.0 -90  36  54  -0.781   0.0   0.0
 5.700  530.0 -90  36  66   0.781   0.0   0.0
 5.700  535.0 -90  36  48   0.781   0.0   0.0
 5.700  540.0 -90  36  54   0.781   0.0   0.0
 5.700  545.0 -90  36  60   0.781   0.0   0.0
 5.700  550.0 -90  36  54   0.781   0.0   0.0
 5.700  555.0 -90  36  54  -0.781   0.0   0.0
 5.700  565.0 -90  36  48   0.781   0.0   0.0
 5.750  510.0 -90  42  60  -0.781   0.0   0.0
 5.750  515.0 -90  42  60  -0.781   0.0   0.0
 5.750  520.0 -90  42  60   0.781   0.0   0.0
 5.750  525.0 -90  42  54   0.781   0.0   0.0
 5.750  530.0 -90  42  54  -0.781   0.0   0.0
 5.750  535.0 -90  42  60   0.781   0.0   0.0
 5.750  540.0 -90  42  66   0.781   0.0   0.0
 5.750  545.0 -90  42  60  -0.781   0.0   0.0
 5.750  560.0 -90  42  54  -0.781   0.0   0.0
 5.750  565.0 -90  42  54  -0.781   0.0   0.0
 5.750  570.0 -90  42  54  -0.781   0.0   0.0
 5.750  580.0 -90  42  54  -0.781   0.0   0.0
 5.750  590.0 -90  42  54  -0.781   0.0   0.0
 5.800  535.0 -90  42  60  -0.781   0.0   0.0
 5.800  540.0 -90  42  54  -0.781   0.0   0.0
 5.800  545.0 -90  42  54  -0.781   0.0   0.0
 5.800  560.0 -90  42  54   0.781   0.0   0.0
 5.800  565.0 -90  42  54   0.781   0.0   0.0
 5.800  570.0 -90  42  60  -0.781   0.0   0.0
 5.800  580.0 -90  42  54  -0.781   0.0   0.0
 5.800  585.0 -90  42  54   0.781   0.0   0.0
 5.800  590.0 -90  42  66   0.781   0.0   0.0
 5.800  595.0 -90  42  60   0.781   0.0   0.0
 5.800  600.0 -90  42  60   0.781   0.0   0.0
 5.800  605.0 -90  42  54   0.781   0.0   0.0
 5.800  610.0 -90  42  54   0.781   0.0   0.0
 5.800  615.0 -90  42  54   0.781   0.0   0.0
 5.850  575.0 -90  48  60  -0.781   0.0   0.0
 5.850  585.0 -90  48  60   0.781   0.0   0.0
 5.850  595.0 -90  48  60   0.781   0.0   0.0
 5.850  615.0 -90  48  60  -0.781   0.0   0.0
 6.250  515.0  90  30  42  -0.781   0.0   0.0
 6.250  545.0  90  30  42   0.781   0.0   0.0
 6.250  585.0  90  30  42   0.781   0.0   0.0
 6.250  630.0  90  30  42  -0.781   0.0   0.0
 6.600  615.0  90  30  42  -2.344   0.0   0.0
 6.600  620.0  90  30  42  -2.344   0.0   0.0
 6.600  625.0  90  30  42  -0.781   0.0   0.0
 7.700  170.0  90  30  42  -5.469   0.0   0.0
 7.700  180.0  90  30  42  -5.469   0.0   0.0
 7.700  185.0  90  30  42  -5.469   0.0   0.0
 7.700  215.0  90  30  42  -5.469   0.0   0.0
 7.700  220.0  90  30  42  -5.469   0.0   0.0
 7.700  225.0  90  30  42  -5.469   0.0   0.0
 7.700  230.0  90  30  42  -5.469   0.0   0.0
 7.700  235.0  90  30  42  -5.469   0.0   0.0
 7.700  240.0  90  30  42  -5.469   0.0   0.0
 7.700  250.0  90  30  42  -5.469   0.0   0.0
10.450  170.0 -90  36  48  -2.344   0.0   0.0
11.250  635.0  90  24  36   2.344   0.0   0.0
11.250   90.0 -90  24  36   0.781   0.0   0.0
11.550  635.0  90  24  36  -5.469   0.0   0.0
12.200  165.0 -90  30  42   2.344   0.0   0.0
12.250  270.0  90  30  42   2.344   0.0   0.0
12.250  295.0  90  30  42   2.344   0.0   0.0
12.250  250.0 -90  30  42   2.344   0.0   0.0
12.750   90.0  90  30  42  -5.469   0.0   0.0
12.750   95.0  90  30  42  -5.469   0.0   0.0
12.750  100.0  90  30  42  -5.469   0.0   0.0
12.750  105.0  90  30  42  -5.469   0.0   0.0
12.750  110.0  90  30  42  -5.469   0.0   0.0
12.750  115.0  90  30  42  -5.469   0.0   0.0
12.750  120.0  90  30  42  -2.344   0.0   0.0
12.800   90.0  90  30  42  -5.469   0.0   0.0
12.800   95.0  90  30  42  -0.781   0.0   0.0
12.800  105.0  90  30  48  -5.469   0.0   0.0
12.800  110.0  90  30  48  -5.469   0.0   0.0
12.800  115.0  90  30  42  -5.469   0.0   0.0
12.800  120.0  90  30  48  -5.469   0.0   0.0
12.800  125.0  90  30  42  -5.469   0.0   0.0
12.800  130.0  90  30  42  -5.469   0.0   0.0
12.800  135.0  90  30  42   2.344   0.0   0.0
12.800  140.0  90  30  42  -0.781   0.0   0.0
12.800  145.0  90  30  42  -5.469   0.0   0.0
12.800  200.0  90  30  42   2.344   0.0   0.0
12.800  210.0  90  30  42   0.781   0.0   0.0
12.800  100.0 -90  30  48   5.469   0.0   0.0
12.950  630.0  90  42  54   0.781   0.0   0.0
12.950  625.0 -90  42  54   2.344   0.0   0.0
13.000   90.0  90  36  48   2.344   0.0   0.0
13.000   95.0  90  36  48  -5.469   0.0   0.0
13.000  100.0  90  36  48   2.344   0.0   0.0
13.000  105.0  90  36  48   2.344   0.0   0.0
13.000  120.0  90  36  48  -5.469   0.0   0.0
13.000  125.0  90  36  48   2.344   0.0   0.0
13.000  130.0  90  36  48  -5.469   0.0   0.0
13.000  135.0  90  36  48  -5.469   0.0   0.0
13.000  150.0  90  36  48   2.344   0.0   0.0
13.000  160.0  90  36  48   2.344   0.0   0.0
13.000  165.0  90  36  48  -5.469   0.0   0.0
13.000  170.0  90  36  48  -0.781   0.0   0.0
13.000  175.0  90  36  48   2.344   0.0   0.0
13.000  180.0  90  36  48   2.344   0.0   0.0
13.000  185.0  90  36  48  -5.469   0.0   0.0
13.000  190.0  90  36  48  -5.469   0.0   0.0
13.000  195.0  90  36  48   2.344   0.0   0.0
13.000  615.0  90  36  48  -0.781   0.0   0.0
13.000  620.0  90  36  48  -5.469   0.0   0.0
13.000  625.0  90  36  48  -0.781   0.0   0.0
13.000  630.0  90  36  48  -0.781   0.0   0.0
13.000  635.0  90  36  48  -0.781   0.0   0.0
14.850  370.0 -90  30  42   5.469   0.0   0.0
