2023.03.28 (087) 00:00:00.000
Station name: Athens
URSI code: AT138
Ionosonde model: DPS-4D
  Freq  Range Pol MPA Amp Doppler    Az    Zn  PGH
 1.105   97.5  90  54  63  -1.563  30.0  30.0
 1.210  127.5  90  60  69 -10.938   0.0   0.0
 1.210  165.0  90  60  69 -10.938  90.0  30.0
 1.210 1195.0  90  60  69 -10.938   0.0   0.0
 1.210 1245.0  90  60  69 -10.938   0.0   0.0
 1.210 1257.5  90  60  69 -10.938  30.0  30.0
 1.210 1275.0  90  60  69 -10.938  30.0  30.0
 1.210 1277.5  90  60  69 -10.938   0.0   0.0
 1.245   97.5  90  54  63  -1.563   0.0   0.0
 1.385  115.0 -90  57  66  -7.813 330.0  30.0
 1.490   97.5  90  57  66   1.563 270.0  30.0
 1.595   80.0 -90  66  75  10.938 330.0  30.0
 1.595   95.0 -90  66  75  10.938 330.0  30.0
 1.595  110.0 -90  66  75  10.938 330.0  30.0
 1.595  112.5 -90  66  75  10.938 330.0  30.0
 1.595  115.0 -90  66  75  10.938 330.0  30.0
 1.595 1090.0 -90  66  75  10.938 330.0  30.0
 1.595 1280.0 -90  66  75  10.938 330.0  30.0
 1.700  100.0  90  57  66  -1.563 270.0  30.0
 1.700 1202.5  90  57  66   7.813 150.0  30.0
 1.770  700.0 -90  48  57   1.563   0.0   0.0
 1.770  905.0 -90  48  57   7.813 270.0  30.0
 1.875  315.0  90  51  60   1.563   0.0   0.0
 1.910  315.0  90  51  60   1.563 270.0  30.0
 1.910  100.0 -90  48  57   1.563 270.0  30.0
 1.945  315.0  90  51  60   1.563   0.0   0.0
 1.945 1095.0  90  51  60  10.938 330.0  30.0
 1.980  317.5  90  54  63   1.563 270.0  30.0
 1.980 1085.0  90  54  63 -10.938 330.0  30.0
 1.980  100.0 -90  51  60   1.563   0.0   0.0
 1.980  932.5 -90  51  60  -7.813  30.0  30.0
 1.980  935.0 -90  51  60  -7.813  30.0  30.0
 1.980  962.5 -90  51  60  -4.688 150.0  30.0
 1.980  965.0 -90  51  60  -4.688 150.0  30.0
 1.980  967.5 -90  51  60  -4.688 210.0  30.0
 1.980 1077.5 -90  51  60  -7.813 150.0  30.0
 1.980 1080.0 -90  51  63  -7.813 210.0  30.0
 1.980 1082.5 -90  51  63  -7.813 210.0  30.0
 1.980 1085.0 -90  51  60  -7.813 150.0  30.0
 1.980 1095.0 -90  51  60  -4.688 150.0  30.0
 1.980 1097.5 -90  51  63  -4.688 150.0  30.0
 1.980 1100.0 -90  51  60  -4.688 210.0  30.0
 1.980 1152.5 -90  51  60  -4.688 150.0  30.0
 1.980 1155.0 -90  51  60  -1.563 150.0  30.0
 1.980 1157.5 -90  51  60  -1.563 150.0  30.0
 1.980 1160.0 -90  51  60  -1.563  30.0  30.0
 1.980 1170.0 -90  51  60  -1.563  30.0  30.0
 1.980 1172.5 -90  51  60  -1.563 210.0  30.0
 2.015  317.5  90  51  63  -1.563   0.0   0.0
 2.015  100.0 -90  51  60   1.563   0.0   0.0
 2.085  100.0 -90  54  66  -1.563  90.0  30.0
 2.120  320.0  90  54  63   1.563 270.0  30.0
 2.120  100.0 -90  51  66  -1.563   0.0   0.0
 2.155  320.0  90  51  63   1.563   0.0   0.0
 2.155  322.5  90  51  63  -1.563 270.0  30.0
 2.155 1255.0  90  51  60 -10.938 270.0  30.0
 2.155   80.0 -90  48  57 -10.938 330.0  30.0
 2.155   82.5 -90  48  57 -10.938 330.0  30.0
 2.155   85.0 -90  48  57  10.938 270.0  30.0
 2.155   87.5 -90  48  60  10.938 330.0  30.0
 2.155   90.0 -90  48  57 -10.938 270.0  30.0
 2.155   92.5 -90  48  57  10.938 270.0  30.0
 2.155   97.5 -90  48  57  -1.563 330.0  30.0
 2.155  100.0 -90  48  60   1.563 270.0  30.0
 2.155  145.0 -90  48  57   7.813 330.0  30.0
 2.155  157.5 -90  48  57   7.813 330.0  30.0
 2.155  160.0 -90  48  57   1.563 330.0  30.0
 2.155  162.5 -90  48  57   7.813 270.0  30.0
 2.155  187.5 -90  48  57  -1.563 330.0  30.0
 2.155  192.5 -90  48  57  -1.563 330.0  30.0
 2.155  200.0 -90  48  57  10.938 270.0  30.0
 2.155  202.5 -90  48  57  -1.563 270.0  30.0
 2.155  205.0 -90  48  57   7.813 330.0  30.0
 2.155 1152.5 -90  48  57   4.688 270.0  30.0
 2.155 1162.5 -90  48  57  -4.688 270.0  30.0
 2.155 1165.0 -90  48  57   7.813 330.0  30.0
 2.155 1167.5 -90  48  57   4.688 330.0  30.0
 2.155 1175.0 -90  48  57  -1.563 330.0  30.0
 2.155 1210.0 -90  48  57  10.938 270.0  30.0
 2.155 1215.0 -90  48  57  -1.563 270.0  30.0
 2.155 1240.0 -90  48  57   1.563 270.0  30.0
 2.155 1255.0 -90  48  57  10.938 270.0  30.0
 2.155 1257.5 -90  48  57  10.938 270.0  30.0
 2.155 1260.0 -90  48  57  10.938 330.0  30.0
 2.155 1262.5 -90  48  57   1.563 270.0  30.0
 2.155 1280.0 -90  48  57   1.563 270.0  30.0
 2.155 1282.5 -90  48  57   1.563 270.0  30.0
 2.190  322.5  90  51  66   1.563   0.0   0.0
 2.190  860.0  90  51  60  -7.813 270.0  30.0
 2.190  865.0  90  51  60  -7.813 270.0  30.0
 2.190  875.0  90  51  60  -7.813 330.0  30.0
 2.190  905.0  90  51  60  -4.688 270.0  30.0
 2.190  907.5  90  51  60  -4.688 270.0  30.0
 2.190  915.0  90  51  60  -4.688 270.0  30.0
 2.190 1135.0  90  51  60   4.688 270.0  30.0
 2.190 1165.0  90  51  60   4.688 270.0  30.0
 2.190 1167.5  90  51  60   4.688 270.0  30.0
 2.190 1170.0  90  51  60   4.688 270.0  30.0
 2.190 1172.5  90  51  60   1.563 270.0  30.0
 2.190 1175.0  90  51  60   1.563 270.0  30.0
 2.190 1177.5  90  51  60   1.563 270.0  30.0
 2.190 1180.0  90  51  60   7.813 270.0  30.0
 2.190 1220.0  90  51  60   7.813 150.0  30.0
 2.190 1222.5  90  51  60   7.813 270.0  30.0
 2.190  100.0 -90  51  66  -1.563   0.0   0.0
 2.190 1117.5 -90  51  60  -4.688 330.0  30.0
 2.190 1120.0 -90  51  60  -7.813 330.0  30.0
 2.190 1122.5 -90  51  60  -7.813 330.0  30.0
 2.190 1162.5 -90  51  60  -1.563 270.0  30.0
 2.190 1165.0 -90  51  60  -4.688 330.0  30.0
 2.190 1175.0 -90  51  60   1.563 330.0  30.0
 2.190 1177.5 -90  51  60   1.563 270.0  30.0
 2.190 1180.0 -90  51  60  -1.563 330.0  30.0
 2.190 1182.5 -90  51  60  -1.563 330.0  30.0
 2.190 1232.5 -90  51  60   4.688 330.0  30.0
 2.225  322.5  90  51  66   1.563   0.0   0.0
 2.225   97.5 -90  48  57   1.563   0.0   0.0
 2.225  100.0 -90  48  66   1.563   0.0   0.0
 2.260  322.5  90  51  63   1.563   0.0   0.0
 2.260  325.0  90  51  63   1.563 270.0  30.0
 2.260   97.5 -90  48  57  -1.563  90.0  30.0
 2.260  100.0 -90  48  66  -1.563   0.0   0.0
 2.400  327.5  90  51  66   1.563   0.0   0.0
 2.400  100.0 -90  51  60   1.563   0.0   0.0
 2.400  102.5 -90  51  60  -1.563   0.0   0.0
 2.435  327.5  90  51  63   1.563   0.0   0.0
 2.470  327.5  90  54  63  -1.563 270.0  30.0
 2.470  330.0  90  54  63  -1.563   0.0   0.0
 2.505  327.5  90  48  57   1.563   0.0   0.0
 2.505  330.0  90  48  66   1.563   0.0   0.0
 2.505  422.5  90  48  57   1.563  90.0  30.0
 2.505  440.0  90  48  57 -10.938  90.0  30.0
 2.505  442.5  90  48  57   1.563  90.0  30.0
 2.505  327.5 -90  48  57   1.563   0.0   0.0
 2.540  217.5  90  48  57   7.813  90.0  30.0
 2.540  220.0  90  48  60   7.813  90.0  30.0
 2.540  222.5  90  48  60   7.813  90.0  30.0
 2.540  225.0  90  48  57   7.813  90.0  30.0
 2.540  292.5  90  48  57   4.688  90.0  30.0
 2.540  330.0  90  48  66   1.563 270.0  30.0
 2.540  332.5  90  48  57   1.563 270.0  30.0
 2.540  355.0  90  48  57   4.688  90.0  30.0
 2.540  387.5  90  48  57   7.813 330.0  30.0
 2.540  405.0  90  48  57   1.563   0.0   0.0
 2.540  407.5  90  48  57   1.563  90.0  30.0
 2.540  427.5  90  48  60   1.563  30.0  30.0
 2.540  445.0  90  48  57   1.563 330.0  30.0
 2.540  447.5  90  48  57 -10.938  90.0  30.0
 2.540  467.5  90  48  57  -7.813  90.0  30.0
 2.540  487.5  90  48  57  -7.813 270.0  30.0
 2.540  490.0  90  48  60  -7.813  90.0  30.0
 2.540  492.5  90  48  57  -7.813   0.0   0.0
 2.540  495.0  90  48  57  -7.813  90.0  30.0
 2.540  497.5  90  48  57  -4.688  90.0  30.0
 2.540  102.5 -90  48  57 -10.938 330.0  30.0
 2.540  125.0 -90  48  57  -7.813 330.0  30.0
 2.540  130.0 -90  48  57 -10.938 330.0  30.0
 2.540  215.0 -90  48  57  -7.813 330.0  30.0
 2.540  217.5 -90  48  60  -7.813 330.0  30.0
 2.540  220.0 -90  48  60  -7.813 330.0  30.0
 2.540  227.5 -90  48  57 -10.938 330.0  30.0
 2.540  230.0 -90  48  57 -10.938 330.0  30.0
 2.540  232.5 -90  48  57  -4.688 330.0  30.0
 2.540  235.0 -90  48  57  -4.688 330.0  30.0
 2.540  280.0 -90  48  57  -4.688 330.0  30.0
 2.540  282.5 -90  48  57  -1.563 330.0  30.0
 2.540  327.5 -90  48  60  -1.563 330.0  30.0
 2.540  330.0 -90  48  57   1.563 210.0  30.0
 2.540  335.0 -90  48  57  -7.813 330.0  30.0
 2.540  382.5 -90  48  57  -7.813 330.0  30.0
 2.540  405.0 -90  48  57   1.563 330.0  30.0
 2.540  407.5 -90  48  57   1.563 330.0  30.0
 2.540  447.5 -90  48  57   1.563 330.0  30.0
 2.540  482.5 -90  48  57  -7.813 330.0  30.0
 2.540  485.0 -90  48  57  10.938 330.0  30.0
 2.540  487.5 -90  48  57  -7.813 330.0  30.0
 2.540  490.0 -90  48  57  10.938 330.0  30.0
 2.540  492.5 -90  48  57  10.938 330.0  30.0
 2.540  495.0 -90  48  57  -1.563 330.0  30.0
 2.540  497.5 -90  48  57  -1.563 330.0  30.0
 2.610  100.0  90  57  66   7.813  90.0  30.0
 2.610  112.5  90  57  66   7.813  90.0  30.0
 2.610  332.5  90  57  69   1.563   0.0   0.0
 2.610  437.5  90  57  66   1.563  90.0  30.0
 2.645  332.5  90  57  66  -1.563   0.0   0.0
 2.680  335.0  90  54  66  -1.563   0.0   0.0
 2.680  330.0 -90  48  60   1.563   0.0   0.0
 2.715  335.0  90  51  66   1.563 210.0  30.0
 2.715  425.0  90  51  60 -10.938   0.0   0.0
 2.715  432.5  90  51  60 -10.938  90.0  30.0
 2.715  435.0  90  51  60 -10.938  90.0  30.0
 2.715  497.5  90  51  60  -7.813  90.0  30.0
 2.715  510.0  90  51  60  -7.813   0.0   0.0
 2.715  667.5  90  51  60  10.938   0.0   0.0
 2.715  670.0  90  51  60  10.938 270.0  30.0
 2.715  330.0 -90  51  60  -1.563   0.0   0.0
 2.715  417.5 -90  51  60   1.563 270.0  30.0
 2.715  430.0 -90  51  60  10.938 330.0  30.0
 2.715  432.5 -90  51  60  10.938 270.0  30.0
 2.715  440.0 -90  51  60 -10.938 330.0  30.0
 2.715  487.5 -90  51  60 -10.938 270.0  30.0
 2.715  497.5 -90  51  60  -7.813 270.0  30.0
 2.715  505.0 -90  51  60 -10.938 270.0  30.0
 2.715  507.5 -90  51  60 -10.938 330.0  30.0
 2.715  517.5 -90  51  60 -10.938 330.0  30.0
 2.715  640.0 -90  51  60   7.813 330.0  30.0
 2.715  667.5 -90  51  60  10.938 330.0  30.0
 2.715  672.5 -90  51  60  10.938 330.0  30.0
 2.715  675.0 -90  51  60  -4.688 330.0  30.0
 2.715  682.5 -90  51  60  10.938 330.0  30.0
 2.715  685.0 -90  51  60  10.938 330.0  30.0
 2.715  687.5 -90  51  60  10.938 270.0  30.0
 2.750  335.0  90  57  66   1.563   0.0   0.0
 2.750  337.5  90  57  69  -1.563   0.0   0.0
 2.750  677.5  90  57  66  -1.563   0.0   0.0
 2.750  680.0  90  57  66  -1.563  90.0  30.0
 2.750  725.0  90  57  66  -1.563  90.0  30.0
 2.750  435.0 -90  60  69  -7.813 330.0  30.0
 2.785  217.5  90  57  66  -1.563  90.0  30.0
 2.785  302.5  90  57  66 -10.938   0.0   0.0
 2.785  337.5  90  57  69   1.563   0.0   0.0
 2.785  142.5 -90  54  63  -1.563 330.0  30.0
 2.785  145.0 -90  54  63  -1.563 330.0  30.0
 2.785  147.5 -90  54  63  -1.563 330.0  30.0
 2.785  155.0 -90  54  63  -1.563 330.0  30.0
 2.785  157.5 -90  54  63  -1.563 330.0  30.0
 2.785  165.0 -90  54  63  10.938 270.0  30.0
 2.785  167.5 -90  54  63  -4.688 270.0  30.0
 2.785  175.0 -90  54  63  10.938 330.0  30.0
 2.785  177.5 -90  54  63  10.938 270.0  30.0
 2.785  180.0 -90  54  63  -1.563 330.0  30.0
 2.785  182.5 -90  54  63  -1.563 330.0  30.0
 2.785  195.0 -90  54  63  -4.688 330.0  30.0
 2.785  197.5 -90  54  63  -4.688 330.0  30.0
 2.785  200.0 -90  54  63   7.813 330.0  30.0
 2.785  202.5 -90  54  66  10.938 330.0  30.0
 2.785  205.0 -90  54  63 -10.938 270.0  30.0
 2.785  207.5 -90  54  63 -10.938 330.0  30.0
 2.785  210.0 -90  54  63  -7.813 270.0  30.0
 2.785  212.5 -90  54  66 -10.938 330.0  30.0
 2.785  215.0 -90  54  66 -10.938 330.0  30.0
 2.785  217.5 -90  54  63   1.563 330.0  30.0
 2.785  222.5 -90  54  63  -7.813 330.0  30.0
 2.785  225.0 -90  54  63  -7.813 330.0  30.0
 2.785  227.5 -90  54  63 -10.938 330.0  30.0
 2.785  232.5 -90  54  63   7.813 330.0  30.0
 2.785  237.5 -90  54  63  10.938 330.0  30.0
 2.785  240.0 -90  54  66  10.938 270.0  30.0
 2.785  242.5 -90  54  63  10.938 270.0  30.0
 2.785  257.5 -90  54  63  -1.563 270.0  30.0
 2.785  260.0 -90  54  66  -4.688 330.0  30.0
 2.785  262.5 -90  54  63   4.688 330.0  30.0
 2.785  267.5 -90  54  66  10.938 330.0  30.0
 2.785  270.0 -90  54  63  10.938 330.0  30.0
 2.785  272.5 -90  54  63   7.813 330.0  30.0
 2.785  275.0 -90  54  63  -4.688 330.0  30.0
 2.785  277.5 -90  54  66  -4.688 330.0  30.0
 2.785  280.0 -90  54  63   7.813 270.0  30.0
 2.785  285.0 -90  54  63  -7.813 330.0  30.0
 2.785  287.5 -90  54  63  -7.813 330.0  30.0
 2.785  300.0 -90  54  63  -7.813 270.0  30.0
 2.785  302.5 -90  54  63  -7.813 330.0  30.0
 2.785  322.5 -90  54  63   1.563 330.0  30.0
 2.785  325.0 -90  54  63   1.563 330.0  30.0
 2.785  330.0 -90  54  63  -1.563 270.0  30.0
 2.785  332.5 -90  54  63   4.688 330.0  30.0
 2.785  335.0 -90  54  63   4.688 330.0  30.0
 2.785  337.5 -90  54  63   4.688 330.0  30.0
 2.785  340.0 -90  54  63  -1.563 270.0  30.0
 2.785  342.5 -90  54  63  -1.563 330.0  30.0
 2.785  345.0 -90  54  63   4.688 270.0  30.0
 2.785  347.5 -90  54  66   4.688 330.0  30.0
 2.785  350.0 -90  54  63  -7.813 330.0  30.0
 2.785  355.0 -90  54  63  -1.563 330.0  30.0
 2.785  357.5 -90  54  63  -1.563 330.0  30.0
 2.785  380.0 -90  54  63  10.938 330.0  30.0
 2.785  390.0 -90  54  63  -4.688 330.0  30.0
 2.820  135.0  90  51  60  -1.563 330.0  30.0
 2.820  205.0  90  51  60 -10.938 270.0  30.0
 2.820  207.5  90  51  63 -10.938  90.0  30.0
 2.820  337.5  90  51  69   1.563   0.0   0.0
 2.820  340.0  90  51  63  -1.563   0.0   0.0
 2.820  120.0 -90  51  60   7.813 330.0  30.0
 2.820  130.0 -90  51  60   7.813 330.0  30.0
 2.820  132.5 -90  51  60   7.813 330.0  30.0
 2.820  135.0 -90  51  60   7.813 330.0  30.0
 2.820  137.5 -90  51  60   7.813 330.0  30.0
 2.820  145.0 -90  51  60   7.813 330.0  30.0
 2.820  147.5 -90  51  60   7.813 330.0  30.0
 2.820  212.5 -90  51  60  -7.813 330.0  30.0
 2.820  215.0 -90  51  60  -7.813 330.0  30.0
 2.820  330.0 -90  51  60  -1.563   0.0   0.0
 2.820  332.5 -90  51  63   1.563   0.0   0.0
 2.855  337.5  90  48  63   1.563   0.0   0.0
 2.855  340.0  90  48  66   1.563   0.0   0.0
 2.855  332.5 -90  48  63   1.563   0.0   0.0
 2.890  337.5  90  48  57   1.563 270.0  30.0
 2.890  340.0  90  48  66   1.563   0.0   0.0
 2.890  332.5 -90  48  63   1.563   0.0   0.0
 2.890  335.0 -90  48  57   1.563   0.0   0.0
 2.925  340.0  90  54  66   1.563   0.0   0.0
 2.925  612.5  90  54  63   1.563 270.0  30.0
 2.925  742.5  90  54  63  -1.563 330.0  30.0
 2.925  745.0  90  54  66  -1.563 330.0  30.0
 2.925  747.5  90  54  66   1.563 330.0  30.0
 2.925  750.0  90  54  63   1.563 330.0  30.0
 2.925  755.0  90  54  63   4.688 270.0  30.0
 2.925  757.5  90  54  63   1.563 330.0  30.0
 2.925  760.0  90  54  63   1.563 270.0  30.0
 2.925  837.5  90  54  63   1.563 270.0  30.0
 2.925  332.5 -90  51  63   1.563   0.0   0.0
 2.925  335.0 -90  51  63   1.563   0.0   0.0
 2.925  565.0 -90  51  60   1.563 330.0  30.0
 2.925  575.0 -90  51  60   7.813 330.0  30.0
 2.925  615.0 -90  51  60  10.938 330.0  30.0
 2.925  620.0 -90  51  60  10.938 330.0  30.0
 2.925  622.5 -90  51  60 -10.938 330.0  30.0
 2.925  632.5 -90  51  60  -7.813 330.0  30.0
 2.925  635.0 -90  51  60  -7.813 330.0  30.0
 2.925  640.0 -90  51  60  10.938 330.0  30.0
 2.925  642.5 -90  51  60  10.938 330.0  30.0
 2.925  645.0 -90  51  60 -10.938 330.0  30.0
 2.925  652.5 -90  51  60  -7.813 330.0  30.0
 2.925  685.0 -90  51  60  -4.688 330.0  30.0
 2.925  687.5 -90  51  60  -7.813 330.0  30.0
 2.925  690.0 -90  51  60   4.688 270.0  30.0
 2.925  695.0 -90  51  60  -7.813 330.0  30.0
 2.925  697.5 -90  51  63  -7.813 330.0  30.0
 2.925  700.0 -90  51  63  -7.813 330.0  30.0
 2.925  702.5 -90  51  60  -4.688 330.0  30.0
 2.925  720.0 -90  51  60  -4.688 330.0  30.0
 2.925  735.0 -90  51  60  -4.688 330.0  30.0
 2.925  737.5 -90  51  63   4.688 330.0  30.0
 2.925  740.0 -90  51  63   4.688 330.0  30.0
 2.925  742.5 -90  51  60   1.563 330.0  30.0
 2.925  745.0 -90  51  63  -4.688 330.0  30.0
 2.925  747.5 -90  51  66  -4.688 330.0  30.0
 2.925  750.0 -90  51  66  -4.688 330.0  30.0
 2.925  752.5 -90  51  63   4.688 330.0  30.0
 2.925  755.0 -90  51  63   1.563 330.0  30.0
 2.925  757.5 -90  51  63  -4.688 330.0  30.0
 2.925  760.0 -90  51  63  -4.688 330.0  30.0
 2.925  762.5 -90  51  63  -1.563 330.0  30.0
 2.925  765.0 -90  51  60  -1.563 330.0  30.0
 2.925  767.5 -90  51  63   1.563 330.0  30.0
 2.925  770.0 -90  51  60   7.813 330.0  30.0
 2.925  772.5 -90  51  60  -1.563 330.0  30.0
 2.925  777.5 -90  51  60   1.563 330.0  30.0
 2.925  780.0 -90  51  60   1.563 330.0  30.0
 2.925  800.0 -90  51  60   4.688 330.0  30.0
 2.925  802.5 -90  51  60 -10.938 330.0  30.0
 2.925  805.0 -90  51  60 -10.938 330.0  30.0
 2.925  810.0 -90  51  60   1.563 330.0  30.0
 2.925  817.5 -90  51  60  -4.688 330.0  30.0
 2.925  840.0 -90  51  60   1.563 330.0  30.0
 2.925  845.0 -90  51  60  -4.688 330.0  30.0
 2.925  847.5 -90  51  60  -4.688 330.0  30.0
 2.925  850.0 -90  51  60   1.563 330.0  30.0
 2.925  852.5 -90  51  63   1.563 330.0  30.0
 2.925  855.0 -90  51  63   1.563 330.0  30.0
 2.925  857.5 -90  51  60  10.938 270.0  30.0
 2.925  862.5 -90  51  60   1.563 330.0  30.0
 2.925  865.0 -90  51  66   1.563 330.0  30.0
 2.925  867.5 -90  51  66   1.563 330.0  30.0
 2.925  870.0 -90  51  60  10.938 330.0  30.0
 2.925  872.5 -90  51  60   1.563 330.0  30.0
 2.925  875.0 -90  51  60   1.563 330.0  30.0
 2.925  887.5 -90  51  60  -7.813 330.0  30.0
 2.925  895.0 -90  51  60   1.563 330.0  30.0
 2.925  897.5 -90  51  60  10.938 330.0  30.0
 2.925  900.0 -90  51  60  10.938 330.0  30.0
 2.925  907.5 -90  51  60   1.563 330.0  30.0
 2.925  910.0 -90  51  60   1.563 270.0  30.0
 2.925  912.5 -90  51  60  10.938 330.0  30.0
 2.925  915.0 -90  51  60  10.938 330.0  30.0
 2.925  917.5 -90  51  63 -10.938 330.0  30.0
 2.925  920.0 -90  51  63 -10.938 330.0  30.0
 2.925  922.5 -90  51  60  -1.563 330.0  30.0
 2.925  925.0 -90  51  60  -1.563 330.0  30.0
 2.925  927.5 -90  51  60  -1.563 330.0  30.0
 2.925  930.0 -90  51  60  -1.563 330.0  30.0
 2.925  932.5 -90  51  60  -1.563 330.0  30.0
 2.925  937.5 -90  51  60 -10.938 330.0  30.0
 2.925  957.5 -90  51  60  10.938 330.0  30.0
 2.925  960.0 -90  51  60   7.813 330.0  30.0
 2.925  962.5 -90  51  60  10.938 330.0  30.0
 2.925  965.0 -90  51  60   7.813 330.0  30.0
 2.925 1050.0 -90  51  60   4.688 330.0  30.0
 2.960  342.5  90  54  66   1.563   0.0   0.0
 2.960  575.0  90  54  63  10.938 330.0  30.0
 2.960  637.5  90  54  63  10.938 330.0  30.0
 2.960  640.0  90  54  63  10.938 330.0  30.0
 2.960  647.5  90  54  63  10.938 330.0  30.0
 2.960  650.0  90  54  63  10.938 330.0  30.0
 2.960  692.5  90  54  63 -10.938 330.0  30.0
 2.960  740.0  90  54  63  -7.813 330.0  30.0
 2.960  742.5  90  54  63  -7.813 330.0  30.0
 2.960  745.0  90  54  63  -1.563 330.0  30.0
 2.960  902.5  90  54  63 -10.938 330.0  30.0
 2.960  915.0  90  54  63 -10.938 330.0  30.0
 2.960  917.5  90  54  63 -10.938 330.0  30.0
 2.960  930.0  90  54  63 -10.938 330.0  30.0
 2.960  335.0 -90  57  66   1.563   0.0   0.0
 2.995  342.5  90  54  69   1.563   0.0   0.0
 2.995  515.0  90  54  63  10.938 330.0  30.0
 2.995  335.0 -90  54  66   1.563   0.0   0.0
 2.995  365.0 -90  54  63  -1.563 330.0  30.0
 2.995  395.0 -90  54  63  -1.563 330.0  30.0
 2.995  407.5 -90  54  63  -1.563 330.0  30.0
 2.995  417.5 -90  54  63   1.563 330.0  30.0
 2.995  430.0 -90  54  63   4.688 330.0  30.0
 2.995  432.5 -90  54  63   7.813 330.0  30.0
 2.995  437.5 -90  54  63   4.688 330.0  30.0
 2.995  515.0 -90  54  63   1.563 330.0  30.0
 2.995  530.0 -90  54  63  -7.813 330.0  30.0
 2.995  532.5 -90  54  63  -7.813 330.0  30.0
 3.030  342.5  90  51  66   1.563   0.0   0.0
 3.030  345.0  90  51  66  -1.563   0.0   0.0
 3.030  335.0 -90  51  63  -1.563   0.0   0.0
 3.030  337.5 -90  51  60   1.563   0.0   0.0
 3.065  342.5  90  48  57   1.563   0.0   0.0
 3.065  345.0  90  48  66   1.563   0.0   0.0
 3.065  335.0 -90  48  60   1.563   0.0   0.0
 3.065  337.5 -90  48  63   1.563   0.0   0.0
 3.100  345.0  90  54  69   1.563   0.0   0.0
 3.100  347.5  90  54  66   1.563   0.0   0.0
 3.100 1112.5  90  54  63  10.938 270.0  30.0
 3.100  440.0 -90  57  66   7.813 330.0  30.0
 3.100  492.5 -90  57  66   1.563 330.0  30.0
 3.100  660.0 -90  57  69   7.813 330.0  30.0
 3.100  800.0 -90  57  66   7.813 330.0  30.0
 3.100 1180.0 -90  57  66   4.688 330.0  30.0
 3.100 1220.0 -90  57  66   4.688 270.0  30.0
 3.100 1255.0 -90  57  66  -1.563 330.0  30.0
 3.100 1282.5 -90  57  66  -7.813 330.0  30.0
 3.135  345.0  90  54  63   1.563   0.0   0.0
 3.135  347.5  90  54  69   1.563   0.0   0.0
 3.135 1055.0  90  54  63  -7.813 330.0  30.0
 3.135  337.5 -90  51  66   1.563   0.0   0.0
 3.135  340.0 -90  51  63   1.563   0.0   0.0
 3.135  882.5 -90  51  60  10.938 330.0  30.0
 3.135  930.0 -90  51  60   7.813 330.0  30.0
 3.135 1062.5 -90  51  60  -7.813 330.0  30.0
 3.135 1065.0 -90  51  60  -7.813 330.0  30.0
 3.135 1115.0 -90  51  60   7.813 330.0  30.0
 3.135 1197.5 -90  51  60   7.813 330.0  30.0
 3.135 1202.5 -90  51  60   4.688 330.0  30.0
 3.135 1222.5 -90  51  60 -10.938 330.0  30.0
 3.135 1277.5 -90  51  60  10.938 330.0  30.0
 3.205   80.0  90  54  63  -1.563 330.0  30.0
 3.205  347.5  90  54  63   1.563   0.0   0.0
 3.205  350.0  90  54  66   1.563   0.0   0.0
 3.205  340.0 -90  51  66   1.563   0.0   0.0
 3.205  672.5 -90  51  60 -10.938 330.0  30.0
 3.240  350.0  90  51  66   1.563   0.0   0.0
 3.240  340.0 -90  48  63   1.563   0.0   0.0
 3.240  342.5 -90  48  57   1.563   0.0   0.0
 3.275  350.0  90  51  63   1.563   0.0   0.0
 3.275  352.5  90  51  63   1.563   0.0   0.0
 3.275 1260.0  90  51  60  -4.688 330.0  30.0
 3.275  340.0 -90  48  63   1.563   0.0   0.0
 3.275  342.5 -90  48  66   1.563   0.0   0.0
 3.310  350.0  90  51  60   1.563   0.0   0.0
 3.310  352.5  90  51  69   1.563   0.0   0.0
 3.310 1095.0  90  51  60 -10.938 330.0  30.0
 3.310 1235.0  90  51  60  10.938 330.0  30.0
 3.310  342.5 -90  51  66   1.563   0.0   0.0
 3.310 1182.5 -90  51  60  -7.813 330.0  30.0
 3.345  352.5  90  51  66   1.563   0.0   0.0
 3.345  355.0  90  51  63   1.563   0.0   0.0
 3.345  957.5  90  51  60  -7.813 270.0  30.0
 3.345  967.5  90  51  60   1.563 270.0  30.0
 3.345 1002.5  90  51  60   4.688 270.0  30.0
 3.345 1005.0  90  51  60   4.688 330.0  30.0
 3.345 1007.5  90  51  60  -1.563 330.0  30.0
 3.345 1020.0  90  51  60  -4.688 330.0  30.0
 3.345 1022.5  90  51  60   4.688 270.0  30.0
 3.345 1047.5  90  51  60   1.563 330.0  30.0
 3.345 1055.0  90  51  60   1.563 330.0  30.0
 3.345 1057.5  90  51  60   4.688 330.0  30.0
 3.345 1092.5  90  51  60   1.563 330.0  30.0
 3.345 1097.5  90  51  60   7.813 330.0  30.0
 3.345 1100.0  90  51  60   7.813 270.0  30.0
 3.345 1107.5  90  51  60  10.938 330.0  30.0
 3.345 1147.5  90  51  60  -7.813 330.0  30.0
 3.345 1195.0  90  51  60  -4.688 330.0  30.0
 3.345 1207.5  90  51  60  -4.688 330.0  30.0
 3.345 1247.5  90  51  60   4.688  90.0  30.0
 3.345 1260.0  90  51  60  10.938 330.0  30.0
 3.345 1262.5  90  51  63  10.938 330.0  30.0
 3.345 1265.0  90  51  60   7.813 330.0  30.0
 3.345 1275.0  90  51  60  10.938 330.0  30.0
 3.345 1277.5  90  51  60  10.938 330.0  30.0
 3.345  342.5 -90  51  66   1.563   0.0   0.0
 3.345  345.0 -90  51  60   1.563   0.0   0.0
 3.345  930.0 -90  51  60  10.938 330.0  30.0
 3.345  945.0 -90  51  60 -10.938 330.0  30.0
 3.345  947.5 -90  51  60 -10.938 330.0  30.0
 3.345  960.0 -90  51  60 -10.938 330.0  30.0
 3.345  962.5 -90  51  60 -10.938 330.0  30.0
 3.345  965.0 -90  51  60 -10.938 330.0  30.0
 3.345  972.5 -90  51  60  -1.563 330.0  30.0
 3.345  980.0 -90  51  60  -4.688 330.0  30.0
 3.345 1000.0 -90  51  60  -7.813 330.0  30.0
 3.345 1002.5 -90  51  60  -4.688 330.0  30.0
 3.345 1012.5 -90  51  60  -4.688 330.0  30.0
 3.345 1015.0 -90  51  63  -1.563 330.0  30.0
 3.345 1017.5 -90  51  63  -1.563 330.0  30.0
 3.345 1020.0 -90  51  60   1.563 210.0  30.0
 3.345 1027.5 -90  51  60   1.563 330.0  30.0
 3.345 1030.0 -90  51  60   4.688 330.0  30.0
 3.345 1065.0 -90  51  60   4.688 330.0  30.0
 3.345 1067.5 -90  51  63   7.813 330.0  30.0
 3.345 1077.5 -90  51  60  10.938 210.0  30.0
 3.345 1090.0 -90  51  60   7.813 330.0  30.0
 3.345 1092.5 -90  51  60   7.813 330.0  30.0
 3.345 1100.0 -90  51  60  10.938 330.0  30.0
 3.345 1137.5 -90  51  60  -7.813 330.0  30.0
 3.345 1142.5 -90  51  60 -10.938 330.0  30.0
 3.345 1155.0 -90  51  60 -10.938 330.0  30.0
 3.345 1250.0 -90  51  60  10.938 330.0  30.0
 3.345 1260.0 -90  51  60  -4.688 330.0  30.0
 3.345 1262.5 -90  51  60  10.938 330.0  30.0
 3.345 1265.0 -90  51  60  10.938 330.0  30.0
 3.345 1267.5 -90  51  60   7.813 330.0  30.0
 3.345 1272.5 -90  51  60  -4.688 210.0  30.0
 3.380  352.5  90  51  60   1.563   0.0   0.0
 3.380  355.0  90  51  69   1.563   0.0   0.0
 3.380  737.5  90  51  60  -7.813 330.0  30.0
 3.380  747.5  90  51  60  -7.813 330.0  30.0
 3.380  775.0  90  51  60  -4.688 270.0  30.0
 3.380  342.5 -90  51  63  -1.563   0.0   0.0
 3.380  345.0 -90  51  66   1.563   0.0   0.0
 3.380  907.5 -90  51  60  -1.563 330.0  30.0
 3.415  355.0  90  57  69  -1.563   0.0   0.0
 3.415  342.5 -90  51  60   1.563   0.0   0.0
 3.415  345.0 -90  51  69   1.563   0.0   0.0
 3.450  355.0  90  54  63   1.563   0.0   0.0
 3.450  357.5  90  54  69   1.563   0.0   0.0
 3.450  345.0 -90  51  69   1.563   0.0   0.0
 3.450  347.5 -90  51  63   1.563   0.0   0.0
 3.485  357.5  90  48  69   1.563   0.0   0.0
 3.485  360.0  90  48  63   1.563   0.0   0.0
 3.485  345.0 -90  48  63   1.563   0.0   0.0
 3.485  347.5 -90  48  69   1.563   0.0   0.0
 3.520  357.5  90  51  63  -1.563   0.0   0.0
 3.520  360.0  90  51  66  -1.563   0.0   0.0
 3.520 1272.5  90  51  60  -4.688 330.0  30.0
 3.520  347.5 -90  51  69  -1.563   0.0   0.0
 3.625  375.0  90  75  84   4.688 330.0  30.0
 3.800  362.5 -90  69  78   1.563 330.0  30.0
 3.870  357.5 -90  54  63   1.563   0.0   0.0
 3.905  372.5  90  51  60   1.563   0.0   0.0
 3.905  375.0  90  51  63   1.563   0.0   0.0
 3.905  357.5 -90  51  60   1.563   0.0   0.0
 4.045  380.0  90  54  66   1.563   0.0   0.0
 4.045  362.5 -90  54  63   1.563   0.0   0.0
 4.080  662.5  90  60  69  -4.688 270.0  30.0
 4.115  722.5  90  63  72  -4.688 330.0  30.0
 4.115  775.0  90  63  72  -7.813 330.0  30.0
 4.115  795.0  90  63  72 -10.938 270.0  30.0
 4.115  947.5  90  63  72  -1.563 270.0  30.0
 4.115 1002.5  90  63  72   7.813 330.0  30.0
 4.115 1100.0  90  63  72   7.813   0.0   0.0
 4.115 1140.0  90  63  72   4.688 330.0  30.0
 4.115 1217.5  90  63  72   7.813 330.0  30.0
 4.115 1232.5  90  63  72  -7.813   0.0   0.0
 4.115 1240.0  90  63  72 -10.938 330.0  30.0
 4.115   90.0 -90  60  69  10.938 330.0  30.0
 4.115  105.0 -90  60  69  -7.813 270.0  30.0
 4.115  155.0 -90  60  69   1.563   0.0   0.0
 4.115  177.5 -90  60  69  -1.563   0.0   0.0
 4.115  192.5 -90  60  69  -4.688 330.0  30.0
 4.115 1262.5 -90  60  69   1.563 330.0  30.0
 4.150  385.0  90  54  66   1.563   0.0   0.0
 4.150  365.0 -90  54  66   1.563   0.0   0.0
 4.150  367.5 -90  54  66   1.563   0.0   0.0
 4.185  387.5  90  57  66   1.563   0.0   0.0
 4.185  367.5 -90  54  66  -1.563   0.0   0.0
 4.255  370.0 -90  57  66   1.563   0.0   0.0
 4.395  397.5  90  57  66   1.563   0.0   0.0
 4.395  375.0 -90  57  66   1.563   0.0   0.0
 4.430  357.5 -90  57  66  -1.563 330.0  30.0
 4.430  377.5 -90  57  66   1.563   0.0   0.0
 4.465  402.5  90  57  66   1.563   0.0   0.0
 4.465  345.0 -90  54  63  -7.813  30.0  30.0
 4.465  352.5 -90  54  63   4.688 330.0  30.0
 4.465  377.5 -90  54  66  -1.563   0.0   0.0
 4.500  380.0 -90  57  66   1.563   0.0   0.0
 4.675  417.5  90  54  63   1.563   0.0   0.0
 4.710  420.0  90  51  63   1.563   0.0   0.0
 4.710  422.5  90  51  60   1.563   0.0   0.0
 4.710  387.5 -90  48  63   1.563   0.0   0.0
 4.710  390.0 -90  48  60   1.563   0.0   0.0
 4.745  425.0  90  54  63   1.563   0.0   0.0
 4.745  390.0 -90  51  63   1.563   0.0   0.0
 4.780  392.5 -90  54  63  -1.563   0.0   0.0
 4.885  397.5 -90  51  66   1.563   0.0   0.0
 4.920  442.5  90  54  63  -1.563   0.0   0.0
 4.920  400.0 -90  54  66   1.563   0.0   0.0
 4.955  400.0 -90  51  60   1.563   0.0   0.0
 4.955  402.5 -90  51  63  -1.563   0.0   0.0
 4.990  450.0  90  51  60   1.563   0.0   0.0
 4.990  452.5  90  51  60   1.563   0.0   0.0
 4.990  402.5 -90  54  63   1.563   0.0   0.0
 5.025  455.0  90  51  60   1.563   0.0   0.0
 5.025  405.0 -90  51  63   1.563   0.0   0.0
 5.025  407.5 -90  51  60  -1.563   0.0   0.0
 5.060  407.5 -90  54  63   1.563   0.0   0.0
 5.095  465.0  90  51  60   1.563   0.0   0.0
 5.095  467.5  90  51  60   1.563   0.0   0.0
 5.095  410.0 -90  51  63   1.563   0.0   0.0
 5.515  445.0 -90  51  60   1.563   0.0   0.0
 5.585  452.5 -90  51  60   1.563   0.0   0.0
 5.585  455.0 -90  51  60   1.563   0.0   0.0
 5.620  455.0 -90  48  57   1.563   0.0   0.0
 5.620  457.5 -90  48  63   1.563   0.0   0.0
 5.620  460.0 -90  48  60   1.563   0.0   0.0
 5.655  460.0 -90  48  57   1.563   0.0   0.0
 5.655  462.5 -90  48  63   1.563   0.0   0.0
 5.655  465.0 -90  48  60   1.563   0.0   0.0
 5.690  465.0 -90  48  57   1.563   0.0   0.0
 5.690  467.5 -90  48  60   1.563   0.0   0.0
 5.690  470.0 -90  48  60   1.563   0.0   0.0
 6.775 1150.0 -90  60  69   1.563  30.0  30.0
 6.775 1157.5 -90  60  69   4.688  30.0  30.0
 6.775 1160.0 -90  60  69   1.563  30.0  30.0
 6.775 1167.5 -90  60  69   4.688  30.0  30.0
 6.775 1170.0 -90  60  69   1.563  30.0  30.0
 6.775 1177.5 -90  60  69   4.688  30.0  30.0
 6.775 1180.0 -90  60  69   1.563  30.0  30.0
 6.950   90.0  90  51  60   1.563  90.0  30.0
 6.950   92.5  90  51  60  -1.563  90.0  30.0
 6.950  122.5  90  51  60   4.688   0.0   0.0
 6.950  127.5  90  51  60   7.813   0.0   0.0
 6.950  280.0  90  51  60  -4.688   0.0   0.0
 6.950  285.0  90  51  60  -4.688  90.0  30.0
 6.950  295.0  90  51  60  -4.688   0.0   0.0
 6.950  605.0  90  51  60  10.938  90.0  30.0
 6.950  607.5  90  51  60  10.938  90.0  30.0
 6.950  610.0  90  51  60 -10.938  90.0  30.0
 6.950  612.5  90  51  60 -10.938  90.0  30.0
 6.950  615.0  90  51  60  -7.813   0.0   0.0
 6.950  617.5  90  51  63  -7.813  90.0  30.0
 6.950  620.0  90  51  63  -7.813  90.0  30.0
 6.950  622.5  90  51  63  -4.688  90.0  30.0
 6.950  625.0  90  51  63  -7.813  90.0  30.0
 6.950  627.5  90  51  63  -1.563  90.0  30.0
 6.950  630.0  90  51  63  -1.563  90.0  30.0
 6.950  632.5  90  51  63  -4.688  90.0  30.0
 6.950  635.0  90  51  63  -1.563   0.0   0.0
 6.950  637.5  90  51  63  -7.813 210.0  30.0
 6.950  640.0  90  51  63  -7.813   0.0   0.0
 6.950  642.5  90  51  63  -7.813 210.0  30.0
 6.950  645.0  90  51  63  -7.813  90.0  30.0
 6.950  647.5  90  51  63 -10.938   0.0   0.0
 6.950  650.0  90  51  63  -7.813  90.0  30.0
 6.950  652.5  90  51  63 -10.938   0.0   0.0
 6.950  655.0  90  51  66  -7.813  90.0  30.0
 6.950  657.5  90  51  63  -7.813   0.0   0.0
 6.950  660.0  90  51  63  -7.813   0.0   0.0
 6.950  662.5  90  51  63  -7.813   0.0   0.0
 6.950  665.0  90  51  63  -7.813   0.0   0.0
 6.950  667.5  90  51  63  -7.813   0.0   0.0
 6.950  670.0  90  51  63  -7.813   0.0   0.0
 6.950  672.5  90  51  63  -7.813   0.0   0.0
 6.950  675.0  90  51  63  -7.813   0.0   0.0
 6.950  677.5  90  51  63  -7.813   0.0   0.0
 6.950  680.0  90  51  63 -10.938   0.0   0.0
 6.950  682.5  90  51  63 -10.938   0.0   0.0
 6.950  685.0  90  51  63  -7.813   0.0   0.0
 6.950  687.5  90  51  63 -10.938   0.0   0.0
 6.950  690.0  90  51  63 -10.938   0.0   0.0
 6.950  692.5  90  51  63  -7.813   0.0   0.0
 6.950  695.0  90  51  63 -10.938   0.0   0.0
 6.950  697.5  90  51  63  -7.813   0.0   0.0
 6.950  700.0  90  51  63  10.938   0.0   0.0
 6.950  702.5  90  51  63  10.938   0.0   0.0
 6.950  705.0  90  51  63   7.813   0.0   0.0
 6.950  707.5  90  51  63   7.813   0.0   0.0
 6.950  710.0  90  51  63   7.813   0.0   0.0
 6.950  712.5  90  51  63   7.813   0.0   0.0
 6.950  715.0  90  51  63   7.813   0.0   0.0
 6.950  717.5  90  51  63   7.813   0.0   0.0
 6.950  720.0  90  51  63   4.688   0.0   0.0
 6.950  722.5  90  51  63   4.688   0.0   0.0
 6.950  725.0  90  51  63   4.688   0.0   0.0
 6.950  727.5  90  51  63   4.688   0.0   0.0
 6.950  730.0  90  51  63   4.688   0.0   0.0
 6.950  732.5  90  51  63   4.688   0.0   0.0
 6.950  735.0  90  51  63   4.688   0.0   0.0
 6.950  737.5  90  51  63   4.688   0.0   0.0
 6.950  740.0  90  51  63   4.688   0.0   0.0
 6.950  742.5  90  51  63   4.688   0.0   0.0
 6.950  745.0  90  51  63   4.688   0.0   0.0
 6.950  747.5  90  51  63   4.688   0.0   0.0
 6.950  750.0  90  51  63   4.688   0.0   0.0
 6.950  752.5  90  51  63   1.563   0.0   0.0
 6.950  755.0  90  51  63   4.688   0.0   0.0
 6.950  757.5  90  51  66   4.688   0.0   0.0
 6.950  760.0  90  51  63   4.688   0.0   0.0
 6.950  762.5  90  51  66   4.688   0.0   0.0
 6.950  765.0  90  51  63   4.688   0.0   0.0
 6.950  767.5  90  51  63   4.688   0.0   0.0
 6.950  770.0  90  51  63   1.563   0.0   0.0
 6.950  772.5  90  51  63   1.563   0.0   0.0
 6.950  775.0  90  51  63   4.688   0.0   0.0
 6.950  777.5  90  51  63   4.688   0.0   0.0
 6.950  780.0  90  51  63   1.563   0.0   0.0
 6.950  782.5  90  51  63   4.688   0.0   0.0
 6.950  785.0  90  51  63   1.563   0.0   0.0
 6.950  787.5  90  51  63   1.563   0.0   0.0
 6.950  790.0  90  51  63   1.563   0.0   0.0
 6.950  792.5  90  51  63   1.563   0.0   0.0
 6.950  795.0  90  51  63   1.563   0.0   0.0
 6.950  797.5  90  51  63   1.563   0.0   0.0
 6.950  800.0  90  51  63   1.563   0.0   0.0
 6.950  802.5  90  51  63  -1.563   0.0   0.0
 6.950  805.0  90  51  60   4.688   0.0   0.0
 6.950  807.5  90  51  63   1.563   0.0   0.0
 6.950  810.0  90  51  63   1.563   0.0   0.0
 6.950  812.5  90  51  63  -1.563   0.0   0.0
 6.950  815.0  90  51  63   1.563   0.0   0.0
 6.950  817.5  90  51  63  -1.563   0.0   0.0
 6.950  820.0  90  51  63   1.563   0.0   0.0
 6.950  822.5  90  51  63  -1.563   0.0   0.0
 6.950  825.0  90  51  63   1.563   0.0   0.0
 6.950  827.5  90  51  63  -1.563   0.0   0.0
 6.950  830.0  90  51  60  -1.563   0.0   0.0
 6.950  832.5  90  51  60  -1.563  90.0  30.0
 6.950  835.0  90  51  60   4.688   0.0   0.0
 6.950  837.5  90  51  60   1.563  90.0  30.0
 6.950  840.0  90  51  60  -1.563   0.0   0.0
 6.950  842.5  90  51  60  -1.563   0.0   0.0
 6.950  845.0  90  51  60   1.563  90.0  30.0
 6.950  847.5  90  51  60   1.563   0.0   0.0
 6.950  850.0  90  51  60  10.938   0.0   0.0
 6.950  855.0  90  51  60   7.813   0.0   0.0
 6.950  865.0  90  51  60   7.813   0.0   0.0
 6.950  867.5  90  51  60   7.813   0.0   0.0
 6.950  870.0  90  51  60   7.813  90.0  30.0
 6.950  872.5  90  51  60   4.688   0.0   0.0
 6.950  875.0  90  51  60   4.688  90.0  30.0
 6.950 1032.5  90  51  60  -1.563   0.0   0.0
 6.950 1035.0  90  51  60  -4.688   0.0   0.0
 6.950 1042.5  90  51  60  -4.688   0.0   0.0
 6.950 1045.0  90  51  60  -4.688   0.0   0.0
 6.950  612.5 -90  60  69  -7.813   0.0   0.0
 6.950  615.0 -90  60  69  -4.688   0.0   0.0
 6.950  617.5 -90  60  69  -4.688   0.0   0.0
 6.950  620.0 -90  60  72  -4.688   0.0   0.0
 6.950  622.5 -90  60  72  -4.688   0.0   0.0
 6.950  625.0 -90  60  72  -4.688   0.0   0.0
 6.950  627.5 -90  60  72  -4.688   0.0   0.0
 6.950  630.0 -90  60  69  -4.688   0.0   0.0
 6.950  632.5 -90  60  69  -7.813   0.0   0.0
 6.950  635.0 -90  60  69  -7.813   0.0   0.0
 6.950  640.0 -90  60  69  -4.688   0.0   0.0
 6.950  642.5 -90  60  69  -4.688   0.0   0.0
 6.950  645.0 -90  60  69  -4.688   0.0   0.0
 6.950  647.5 -90  60  72  -4.688   0.0   0.0
 6.950  650.0 -90  60  72  -4.688   0.0   0.0
 6.950  652.5 -90  60  69  -4.688   0.0   0.0
 6.950  655.0 -90  60  69  -4.688   0.0   0.0
 6.950  657.5 -90  60  69  -4.688   0.0   0.0
 6.950  782.5 -90  60  69   4.688   0.0   0.0
 6.950  785.0 -90  60  69   4.688   0.0   0.0
 6.950  787.5 -90  60  69   4.688   0.0   0.0
 6.950  790.0 -90  60  69   4.688   0.0   0.0
 6.950  810.0 -90  60  69   1.563   0.0   0.0
 6.950  812.5 -90  60  69   1.563   0.0   0.0
 6.950  815.0 -90  60  69  -1.563   0.0   0.0
 6.950  817.5 -90  60  69  -1.563   0.0   0.0
 6.985  600.0  90  60  69  -7.813   0.0   0.0
 6.985  602.5  90  60  69  -7.813   0.0   0.0
 6.985  605.0  90  60  69 -10.938   0.0   0.0
 6.985  632.5  90  60  69 -10.938  90.0  30.0
 6.985  705.0  90  60  69   7.813   0.0   0.0
 6.985  707.5  90  60  69   7.813   0.0   0.0
 6.985  710.0  90  60  69   4.688   0.0   0.0
 6.985  712.5  90  60  69   4.688   0.0   0.0
 6.985  715.0  90  60  69   4.688   0.0   0.0
 6.985  717.5  90  60  69   7.813   0.0   0.0
 6.985  720.0  90  60  69   7.813   0.0   0.0
 6.985  722.5  90  60  69   7.813   0.0   0.0
 6.985  725.0  90  60  69   4.688   0.0   0.0
 6.985  727.5  90  60  69   7.813   0.0   0.0
 6.985  730.0  90  60  69   7.813   0.0   0.0
 6.985  732.5  90  60  72   4.688   0.0   0.0
 6.985  735.0  90  60  72   4.688   0.0   0.0
 6.985  737.5  90  60  72   4.688   0.0   0.0
 6.985  740.0  90  60  72   4.688   0.0   0.0
 6.985  742.5  90  60  72   4.688   0.0   0.0
 6.985  745.0  90  60  72   4.688   0.0   0.0
 6.985  747.5  90  60  69   4.688   0.0   0.0
 6.985  750.0  90  60  69   7.813   0.0   0.0
 6.985  752.5  90  60  69   4.688   0.0   0.0
 6.985  755.0  90  60  72   4.688   0.0   0.0
 6.985  757.5  90  60  72   4.688   0.0   0.0
 6.985  760.0  90  60  72   1.563   0.0   0.0
 6.985  762.5  90  60  72   4.688   0.0   0.0
 6.985  765.0  90  60  72   4.688   0.0   0.0
 6.985  767.5  90  60  72   4.688   0.0   0.0
 6.985  770.0  90  60  72   1.563   0.0   0.0
 6.985  772.5  90  60  69  -1.563   0.0   0.0
 6.985  775.0  90  60  69  -1.563   0.0   0.0
 6.985  777.5  90  60  69  -4.688   0.0   0.0
 6.985  780.0  90  60  69  -1.563   0.0   0.0
 6.985  782.5  90  60  69  -1.563   0.0   0.0
 6.985  785.0  90  60  69  -1.563   0.0   0.0
 6.985  787.5  90  60  69  -1.563   0.0   0.0
 6.985  790.0  90  60  69  -4.688   0.0   0.0
 6.985  792.5  90  60  69  -1.563   0.0   0.0
 6.985  795.0  90  60  69  -1.563   0.0   0.0
 6.985  797.5  90  60  69  -4.688   0.0   0.0
 6.985  800.0  90  60  69  -4.688  90.0  30.0
 6.985  822.5  90  60  69  -4.688   0.0   0.0
 6.985 1002.5  90  60  69  -4.688   0.0   0.0
 6.985 1005.0  90  60  69  -4.688   0.0   0.0
 6.985 1007.5  90  60  69  -4.688   0.0   0.0
 6.985 1010.0  90  60  72  -1.563   0.0   0.0
 6.985 1012.5  90  60  72  -1.563   0.0   0.0
 6.985 1015.0  90  60  69  -4.688   0.0   0.0
 6.985 1017.5  90  60  69  -1.563   0.0   0.0
 6.985 1020.0  90  60  69  -4.688   0.0   0.0
 6.985 1022.5  90  60  69  -4.688   0.0   0.0
 6.985 1025.0  90  60  69  -4.688   0.0   0.0
 6.985 1027.5  90  60  69  -4.688   0.0   0.0
 6.985 1030.0  90  60  69  -4.688   0.0   0.0
 6.985 1032.5  90  60  69  -1.563   0.0   0.0
 6.985 1035.0  90  60  69   1.563   0.0   0.0
 6.985 1037.5  90  60  69   7.813   0.0   0.0
 6.985 1040.0  90  60  69   7.813   0.0   0.0
 6.985 1042.5  90  60  69   7.813   0.0   0.0
 6.985 1045.0  90  60  69   7.813   0.0   0.0
 6.985 1047.5  90  60  69   7.813   0.0   0.0
 6.985 1050.0  90  60  69   7.813   0.0   0.0
 6.985 1052.5  90  60  69   7.813   0.0   0.0
 6.985 1055.0  90  60  69   7.813   0.0   0.0
 6.985 1057.5  90  60  69   7.813   0.0   0.0
 6.985 1060.0  90  60  69   7.813   0.0   0.0
 6.985 1062.5  90  60  69   4.688   0.0   0.0
 6.985 1065.0  90  60  69   4.688   0.0   0.0
 6.985 1067.5  90  60  69   7.813   0.0   0.0
 6.985  620.0 -90  63  72 -10.938   0.0   0.0
 6.985  622.5 -90  63  72 -10.938   0.0   0.0
 6.985  625.0 -90  63  72  -4.688   0.0   0.0
 6.985  627.5 -90  63  72  -4.688   0.0   0.0
 6.985  630.0 -90  63  72 -10.938   0.0   0.0
 6.985  652.5 -90  63  72  -4.688   0.0   0.0
 6.985  655.0 -90  63  72  -4.688   0.0   0.0
 6.985  705.0 -90  63  72   4.688   0.0   0.0
 6.985  730.0 -90  63  72   4.688   0.0   0.0
 6.985  732.5 -90  63  72   4.688   0.0   0.0
 6.985  735.0 -90  63  72   4.688   0.0   0.0
 6.985  757.5 -90  63  72   4.688   0.0   0.0
 6.985  817.5 -90  63  72  -4.688   0.0   0.0
 6.985  820.0 -90  63  72  -4.688   0.0   0.0
 6.985  822.5 -90  63  72  -4.688   0.0   0.0
 7.020  247.5  90  60  69  -7.813   0.0   0.0
 7.020  255.0  90  60  69  -7.813   0.0   0.0
 7.020  257.5  90  60  69  -1.563   0.0   0.0
 7.020  260.0  90  60  69  -7.813   0.0   0.0
 7.020  262.5  90  60  69  -7.813   0.0   0.0
 7.020  265.0  90  60  69  -1.563   0.0   0.0
 7.020  267.5  90  60  69  -7.813   0.0   0.0
 7.650  137.5 -90  48  57  10.938   0.0   0.0
 7.685  980.0  90  51  60   1.563 270.0  30.0
 7.685  982.5  90  51  60  -1.563 270.0  30.0
 7.685  992.5  90  51  60   1.563 270.0  30.0
 7.685  505.0 -90  60  69  -1.563   0.0   0.0
 7.685  507.5 -90  60  69  -1.563   0.0   0.0
 7.685  510.0 -90  60  69  -1.563   0.0   0.0
 7.685  512.5 -90  60  69  -1.563   0.0   0.0
 7.685  552.5 -90  60  69  10.938   0.0   0.0
 7.685  722.5 -90  60  69  -4.688   0.0   0.0
 7.685  725.0 -90  60  69  -4.688   0.0   0.0
 7.720 1222.5 -90  69  78  -7.813   0.0   0.0
 7.720 1225.0 -90  69  78  -4.688   0.0   0.0
 7.720 1227.5 -90  69  78  -4.688   0.0   0.0
 7.720 1237.5 -90  69  78  -4.688   0.0   0.0
 7.720 1240.0 -90  69  78  -4.688   0.0   0.0
 7.720 1242.5 -90  69  78  -4.688   0.0   0.0
 7.755   80.0 -90  60  69   1.563   0.0   0.0
 7.755   97.5 -90  60  69   1.563   0.0   0.0
 7.755  100.0 -90  60  69   1.563   0.0   0.0
 7.755  110.0 -90  60  69  10.938   0.0   0.0
 7.755  112.5 -90  60  69  10.938   0.0   0.0
 7.755  115.0 -90  60  69  10.938   0.0   0.0
 7.755  117.5 -90  60  69  10.938   0.0   0.0
 7.755  120.0 -90  60  69  10.938   0.0   0.0
 7.755  582.5 -90  60  69  -1.563   0.0   0.0
 7.755  702.5 -90  60  69  10.938   0.0   0.0
 7.755  705.0 -90  60  69  10.938   0.0   0.0
 7.755  707.5 -90  60  69  10.938   0.0   0.0
 7.755  735.0 -90  60  69  -1.563   0.0   0.0
 7.755  737.5 -90  60  69  -1.563   0.0   0.0
 7.755  740.0 -90  60  69  -1.563   0.0   0.0
 7.755  777.5 -90  60  69   7.813   0.0   0.0
 7.755  780.0 -90  60  69   7.813   0.0   0.0
 7.755  782.5 -90  60  69   7.813   0.0   0.0
 7.755  785.0 -90  60  69   7.813   0.0   0.0
 7.755  787.5 -90  60  69   7.813   0.0   0.0
 7.755  797.5 -90  60  69   1.563   0.0   0.0
 7.755  800.0 -90  60  69   1.563   0.0   0.0
 7.755  802.5 -90  60  69   1.563   0.0   0.0
 7.755  805.0 -90  60  69   1.563   0.0   0.0
 7.755  807.5 -90  60  69   1.563   0.0   0.0
 7.755  810.0 -90  60  69   1.563   0.0   0.0
 7.755  812.5 -90  60  69   1.563   0.0   0.0
 7.755  815.0 -90  60  69   1.563   0.0   0.0
 7.755  817.5 -90  60  69   1.563   0.0   0.0
 7.755  820.0 -90  60  69   1.563   0.0   0.0
 7.755  822.5 -90  60  69  -1.563   0.0   0.0
 7.755  825.0 -90  60  69   1.563   0.0   0.0
 7.755  827.5 -90  60  69   1.563   0.0   0.0
 7.755  845.0 -90  60  69   1.563   0.0   0.0
 7.755  847.5 -90  60  69   1.563   0.0   0.0
 7.755  850.0 -90  60  69   4.688   0.0   0.0
 7.755  852.5 -90  60  69   4.688   0.0   0.0
 7.755  855.0 -90  60  69   4.688   0.0   0.0
 7.755  857.5 -90  60  69   4.688   0.0   0.0
 7.755  860.0 -90  60  69   4.688   0.0   0.0
 7.755  862.5 -90  60  69   7.813   0.0   0.0
 7.755  865.0 -90  60  69  10.938   0.0   0.0
 7.755  867.5 -90  60  69   7.813   0.0   0.0
 8.140  135.0 -90  54  63  -4.688 150.0  30.0
 8.140  142.5 -90  54  63  -4.688 150.0  30.0
 8.140  145.0 -90  54  63  -4.688 150.0  30.0
 8.140  147.5 -90  54  63  -4.688 150.0  30.0
 8.140  150.0 -90  54  63  -4.688 150.0  30.0
 8.140  160.0 -90  54  63  -4.688 150.0  30.0
 8.140  990.0 -90  54  63  10.938 150.0  30.0
 8.140  992.5 -90  54  63  10.938 150.0  30.0
 8.140  995.0 -90  54  63  10.938 150.0  30.0
 8.140  997.5 -90  54  63  10.938 150.0  30.0
 8.140 1000.0 -90  54  63  10.938 150.0  30.0
 8.140 1002.5 -90  54  63  10.938 150.0  30.0
 8.140 1005.0 -90  54  63  10.938 150.0  30.0
 8.140 1007.5 -90  54  63  10.938 150.0  30.0
 8.140 1017.5 -90  54  63  10.938 150.0  30.0
 8.140 1020.0 -90  54  63  10.938 150.0  30.0
 8.140 1130.0 -90  54  63   1.563 150.0  30.0
 8.140 1132.5 -90  54  63   1.563 150.0  30.0
 8.140 1137.5 -90  54  63   1.563 150.0  30.0
 8.140 1140.0 -90  54  63   1.563 150.0  30.0
 8.140 1142.5 -90  54  63   1.563 150.0  30.0
 8.140 1145.0 -90  54  63   1.563 150.0  30.0
 8.140 1147.5 -90  54  63   4.688 150.0  30.0
 8.140 1150.0 -90  54  63   4.688 150.0  30.0
 8.140 1152.5 -90  54  63   4.688 150.0  30.0
 8.140 1155.0 -90  54  63   4.688 150.0  30.0
 8.140 1157.5 -90  54  63   4.688 150.0  30.0
 8.140 1160.0 -90  54  63   4.688 150.0  30.0
 8.140 1162.5 -90  54  63   4.688 150.0  30.0
 8.140 1165.0 -90  54  63   4.688 150.0  30.0
 8.140 1167.5 -90  54  63   4.688 150.0  30.0
 8.140 1170.0 -90  54  63   4.688 150.0  30.0
 8.140 1172.5 -90  54  63   4.688 150.0  30.0
 8.140 1175.0 -90  54  63   4.688 150.0  30.0
 8.140 1177.5 -90  54  63   4.688 150.0  30.0
 8.140 1180.0 -90  54  63   4.688 150.0  30.0
 8.140 1185.0 -90  54  63   4.688 150.0  30.0
 8.525 1227.5  90  51  60  -1.563  30.0  30.0
 8.525 1232.5  90  51  60  -1.563  30.0  30.0
 8.525 1237.5  90  51  60  -1.563  30.0  30.0
 8.525 1242.5  90  51  60  -1.563  30.0  30.0
 8.525 1247.5  90  51  60  -1.563  30.0  30.0
 8.525 1250.0  90  51  60  -1.563 270.0  30.0
 8.525 1252.5  90  51  60  -1.563  30.0  30.0
 8.525 1255.0  90  51  60  -1.563  30.0  30.0
 8.525 1257.5  90  51  60  -1.563  30.0  30.0
 8.525 1260.0  90  51  60  -1.563 270.0  30.0
 8.525 1265.0  90  51  60  -1.563  30.0  30.0
 8.525 1267.5  90  51  60  -1.563  30.0  30.0
 8.525 1270.0  90  51  60  -1.563  30.0  30.0
 8.525 1272.5  90  51  60  -1.563  30.0  30.0
 8.525 1275.0  90  51  60  -1.563  30.0  30.0
 8.525 1277.5  90  51  60  -1.563 270.0  30.0
 8.525 1280.0  90  51  60  -1.563  30.0  30.0
 8.525 1282.5  90  51  60  -1.563  30.0  30.0
 9.680  205.0 -90  63  72 -10.938 270.0  30.0
 9.680  207.5 -90  63  72 -10.938 270.0  30.0
 9.680  210.0 -90  63  72 -10.938 270.0  30.0
 9.715  447.5 -90  66  75  -7.813 270.0  30.0
 9.715  450.0 -90  66  75  -7.813 270.0  30.0
 9.715  452.5 -90  66  75  -7.813 270.0  30.0
 9.750   90.0  90  57  66 -10.938 270.0  30.0
 9.820  110.0 -90  66  75   7.813 270.0  30.0
 9.820  112.5 -90  66  75   7.813 270.0  30.0
 9.995  425.0  90  45  54  -4.688 270.0  30.0
 9.995  427.5  90  45  54  -7.813 270.0  30.0
 9.995  432.5  90  45  54  -4.688 270.0  30.0
 9.995  437.5  90  45  54  -4.688 270.0  30.0
 9.995  440.0  90  45  54  -7.813 270.0  30.0
 9.995  445.0  90  45  54  -4.688 270.0  30.0
 9.995  447.5  90  45  54  -7.813 270.0  30.0
 9.995  450.0  90  45  54  -4.688 270.0  30.0
 9.995  452.5  90  45  54  -7.813 270.0  30.0
 9.995  462.5  90  45  54   4.688  90.0  30.0
 9.995  465.0  90  45  54   1.563 330.0  30.0
 9.995  467.5  90  45  54   4.688 270.0  30.0
 9.995  470.0  90  45  54  10.938 330.0  30.0
 9.995  472.5  90  45  54   4.688 270.0  30.0
 9.995  475.0  90  45  54   4.688 330.0  30.0
 9.995  480.0  90  45  54   4.688 270.0  30.0
 9.995  482.5  90  45  54  10.938 270.0  30.0
 9.995  485.0  90  45  54   4.688 270.0  30.0
 9.995  487.5  90  45  54  10.938 270.0  30.0
 9.995  490.0  90  45  54   7.813  90.0  30.0
 9.995  492.5  90  45  54   4.688 270.0  30.0
 9.995  495.0  90  45  54  10.938  90.0  30.0
 9.995  497.5  90  45  57   4.688 270.0  30.0
 9.995  500.0  90  45  54  10.938 270.0  30.0
 9.995  502.5  90  45  54   4.688 270.0  30.0
 9.995  505.0  90  45  54   4.688 270.0  30.0
 9.995  507.5  90  45  54  10.938  90.0  30.0
 9.995  510.0  90  45  57   4.688 270.0  30.0
 9.995  512.5  90  45  54  10.938 270.0  30.0
 9.995  515.0  90  45  57   4.688 270.0  30.0
 9.995  517.5  90  45  57   1.563 270.0  30.0
 9.995  520.0  90  45  54  10.938 330.0  30.0
 9.995  522.5  90  45  54   4.688 270.0  30.0
 9.995  525.0  90  45  54   1.563  90.0  30.0
 9.995  527.5  90  45  57   4.688 270.0  30.0
 9.995  530.0  90  45  57   1.563 270.0  30.0
 9.995  532.5  90  45  54  -4.688 270.0  30.0
 9.995  535.0  90  45  57   1.563 270.0  30.0
 9.995  537.5  90  45  54  -4.688 270.0  30.0
 9.995  540.0  90  45  54   7.813 330.0  30.0
 9.995  542.5  90  45  57   1.563 270.0  30.0
 9.995  545.0  90  45  57 -10.938 270.0  30.0
 9.995  547.5  90  45  57   1.563 270.0  30.0
 9.995  550.0  90  45  57  -4.688  90.0  30.0
 9.995  552.5  90  45  57   1.563 270.0  30.0
 9.995  555.0  90  45  57  -4.688 270.0  30.0
 9.995  557.5  90  45  54   7.813 270.0  30.0
 9.995  560.0  90  45  57  -4.688 270.0  30.0
 9.995  562.5  90  45  57 -10.938 270.0  30.0
 9.995  565.0  90  45  57   1.563 270.0  30.0
 9.995  567.5  90  45  57  -4.688 330.0  30.0
 9.995  570.0  90  45  57   1.563 270.0  30.0
 9.995  572.5  90  45  57  -4.688 270.0  30.0
 9.995  575.0  90  45  57   7.813 270.0  30.0
 9.995  577.5  90  45  57  -1.563 270.0  30.0
 9.995  580.0  90  45  54  -7.813 330.0  30.0
 9.995  582.5  90  45  57   1.563 270.0  30.0
 9.995  585.0  90  45  57  -7.813 270.0  30.0
 9.995  587.5  90  45  57   1.563 270.0  30.0
 9.995  590.0  90  45  57  -4.688 270.0  30.0
 9.995  592.5  90  45  57   4.688 270.0  30.0
 9.995  595.0  90  45  57  -1.563 270.0  30.0
 9.995  597.5  90  45  54  -7.813 270.0  30.0
 9.995  600.0  90  45  57  -1.563 270.0  30.0
 9.995  602.5  90  45  57  -7.813 270.0  30.0
 9.995  605.0  90  45  54   4.688 270.0  30.0
 9.995  607.5  90  45  54  -4.688 270.0  30.0
 9.995  610.0  90  45  54   4.688 270.0  30.0
 9.995  612.5  90  45  54  -4.688 270.0  30.0
 9.995  615.0  90  45  54   4.688 270.0  30.0
 9.995  617.5  90  45  54  -4.688 330.0  30.0
 9.995  620.0  90  45  54   1.563 330.0  30.0
 9.995  625.0  90  45  54   1.563 270.0  30.0
 9.995 1165.0  90  45  54 -10.938 270.0  30.0
 9.995 1167.5  90  45  54  -7.813 270.0  30.0
 9.995 1170.0  90  45  54 -10.938 270.0  30.0
 9.995 1172.5  90  45  54  -7.813 270.0  30.0
 9.995 1177.5  90  45  54 -10.938 270.0  30.0
 9.995 1180.0  90  45  54  -7.813  90.0  30.0
 9.995 1182.5  90  45  54 -10.938  90.0  30.0
 9.995 1185.0  90  45  54 -10.938 270.0  30.0
 9.995 1187.5  90  45  54  -4.688 270.0  30.0
 9.995 1190.0  90  45  54 -10.938 270.0  30.0
 9.995 1192.5  90  45  57  -7.813 270.0  30.0
 9.995 1195.0  90  45  54  -4.688  90.0  30.0
 9.995 1197.5  90  45  57 -10.938 270.0  30.0
 9.995 1200.0  90  45  57  -4.688  90.0  30.0
 9.995 1202.5  90  45  57 -10.938 270.0  30.0
 9.995 1205.0  90  45  54   7.813 270.0  30.0
 9.995 1207.5  90  45  57  -1.563 270.0  30.0
 9.995 1210.0  90  45  57   4.688 270.0  30.0
 9.995 1212.5  90  45  57   7.813 270.0  30.0
 9.995 1215.0  90  45  60   1.563 270.0  30.0
 9.995 1217.5  90  45  57   4.688 270.0  30.0
 9.995 1220.0  90  45  57   1.563 270.0  30.0
 9.995 1222.5  90  45  57   4.688 270.0  30.0
 9.995 1225.0  90  45  57  -1.563 330.0  30.0
 9.995 1227.5  90  45  57   1.563 270.0  30.0
 9.995 1230.0  90  45  57   4.688 270.0  30.0
 9.995 1232.5  90  45  57  10.938 270.0  30.0
 9.995 1235.0  90  45  57   4.688 270.0  30.0
 9.995 1237.5  90  45  57   7.813 270.0  30.0
 9.995 1240.0  90  45  60   4.688 270.0  30.0
 9.995 1242.5  90  45  57   7.813 270.0  30.0
 9.995 1245.0  90  45  57   1.563 270.0  30.0
 9.995 1247.5  90  45  60   4.688 270.0  30.0
 9.995 1250.0  90  45  57   1.563 270.0  30.0
 9.995 1252.5  90  45  60   4.688 270.0  30.0
 9.995 1255.0  90  45  60   7.813 270.0  30.0
 9.995 1257.5  90  45  60   1.563 270.0  30.0
 9.995 1260.0  90  45  60   4.688 270.0  30.0
 9.995 1262.5  90  45  60  10.938 270.0  30.0
 9.995 1265.0  90  45  60   4.688 270.0  30.0
 9.995 1267.5  90  45  60   7.813 270.0  30.0
 9.995 1270.0  90  45  60   4.688 270.0  30.0
 9.995 1272.5  90  45  60   4.688 270.0  30.0
 9.995 1275.0  90  45  60  10.938 270.0  30.0
 9.995 1277.5  90  45  60   4.688 270.0  30.0
 9.995 1280.0  90  45  60  -1.563 270.0  30.0
 9.995 1282.5  90  45  60   1.563 270.0  30.0
 9.995  435.0 -90  45  54 -10.938 270.0  30.0
 9.995  440.0 -90  45  54  -7.813 270.0  30.0
 9.995  442.5 -90  45  54 -10.938 270.0  30.0
 9.995  445.0 -90  45  54  -4.688 270.0  30.0
 9.995  447.5 -90  45  54 -10.938 270.0  30.0
 9.995  452.5 -90  45  54 -10.938 270.0  30.0
 9.995  455.0 -90  45  54 -10.938 270.0  30.0
 9.995  460.0 -90  45  54   1.563 270.0  30.0
 9.995  465.0 -90  45  54   1.563 270.0  30.0
 9.995  467.5 -90  45  54   4.688 330.0  30.0
 9.995  470.0 -90  45  54   1.563 270.0  30.0
 9.995  472.5 -90  45  54   1.563 270.0  30.0
 9.995  475.0 -90  45  54   4.688 270.0  30.0
 9.995  477.5 -90  45  54   1.563 270.0  30.0
 9.995  480.0 -90  45  54   4.688 270.0  30.0
 9.995  482.5 -90  45  54   1.563 270.0  30.0
 9.995  485.0 -90  45  54   7.813 270.0  30.0
 9.995  487.5 -90  45  54   4.688 270.0  30.0
 9.995  490.0 -90  45  54   7.813 270.0  30.0
 9.995  492.5 -90  45  57   4.688 270.0  30.0
 9.995  495.0 -90  45  54  10.938 270.0  30.0
 9.995  497.5 -90  45  54   4.688 270.0  30.0
 9.995  500.0 -90  45  54   4.688 330.0  30.0
 9.995  502.5 -90  45  54   7.813 270.0  30.0
 9.995  505.0 -90  45  57   4.688 270.0  30.0
 9.995  507.5 -90  45  54  10.938 270.0  30.0
 9.995  510.0 -90  45  57   4.688 270.0  30.0
 9.995  512.5 -90  45  57   1.563 270.0  30.0
 9.995  515.0 -90  45  57   7.813 270.0  30.0
 9.995  517.5 -90  45  57   4.688 270.0  30.0
 9.995  520.0 -90  45  54   7.813 270.0  30.0
 9.995  522.5 -90  45  57   4.688 270.0  30.0
 9.995  525.0 -90  45  57  -1.563 270.0  30.0
 9.995  527.5 -90  45  57   4.688 270.0  30.0
 9.995  530.0 -90  45  57   1.563 270.0  30.0
 9.995  532.5 -90  45  57  -4.688 270.0  30.0
 9.995  535.0 -90  45  57   4.688 270.0  30.0
 9.995  537.5 -90  45  57  -1.563 270.0  30.0
 9.995  540.0 -90  45  57  -4.688 270.0  30.0
 9.995  542.5 -90  45  57   1.563 270.0  30.0
 9.995  545.0 -90  45  57  -4.688 270.0  30.0
 9.995  547.5 -90  45  57   1.563 270.0  30.0
 9.995  550.0 -90  45  57  -1.563 270.0  30.0
 9.995  552.5 -90  45  57   1.563 270.0  30.0
 9.995  555.0 -90  45  57  -1.563 270.0  30.0
 9.995  557.5 -90  45  57  -4.688 270.0  30.0
 9.995  560.0 -90  45  57  -1.563 270.0  30.0
 9.995  562.5 -90  45  57  -4.688 270.0  30.0
 9.995  565.0 -90  45  57   1.563 270.0  30.0
 9.995  567.5 -90  45  57  -1.563 270.0  30.0
 9.995  570.0 -90  45  54  -7.813 270.0  30.0
 9.995  572.5 -90  45  57  -1.563 270.0  30.0
 9.995  575.0 -90  45  57  -7.813 270.0  30.0
 9.995  577.5 -90  45  57  -1.563 270.0  30.0
 9.995  580.0 -90  45  57  -7.813 270.0  30.0
 9.995  582.5 -90  45  54 -10.938 270.0  30.0
 9.995  585.0 -90  45  57  -4.688 270.0  30.0
 9.995  587.5 -90  45  57 -10.938 270.0  30.0
 9.995  590.0 -90  45  54  -4.688 330.0  30.0
 9.995  592.5 -90  45  54 -10.938 270.0  30.0
 9.995  595.0 -90  45  54   4.688 330.0  30.0
 9.995  597.5 -90  45  54 -10.938 270.0  30.0
 9.995  600.0 -90  45  54   7.813 270.0  30.0
 9.995  602.5 -90  45  54 -10.938 270.0  30.0
 9.995  605.0 -90  45  54 -10.938 270.0  30.0
 9.995  607.5 -90  45  54  10.938 270.0  30.0
 9.995  610.0 -90  45  54 -10.938 270.0  30.0
 9.995  612.5 -90  45  54  10.938 270.0  30.0
 9.995  615.0 -90  45  54 -10.938 330.0  30.0
 9.995  617.5 -90  45  54  -7.813 270.0  30.0
 9.995  652.5 -90  45  54   1.563 270.0  30.0
 9.995  657.5 -90  45  54   4.688 270.0  30.0
 9.995  665.0 -90  45  54   4.688 270.0  30.0
 9.995  685.0 -90  45  54   4.688 270.0  30.0
 9.995  687.5 -90  45  54   4.688 270.0  30.0
 9.995  692.5 -90  45  54   4.688 270.0  30.0
 9.995  695.0 -90  45  54   4.688 270.0  30.0
 9.995  697.5 -90  45  54   1.563 270.0  30.0
 9.995  700.0 -90  45  54   4.688 270.0  30.0
 9.995  712.5 -90  45  54   1.563 270.0  30.0
 9.995  715.0 -90  45  54   1.563 270.0  30.0
 9.995  717.5 -90  45  54  -1.563 270.0  30.0
 9.995  720.0 -90  45  54   1.563 270.0  30.0
 9.995  722.5 -90  45  54  -1.563 270.0  30.0
 9.995  725.0 -90  45  54  -4.688 330.0  30.0
 9.995  727.5 -90  45  54   1.563 270.0  30.0
 9.995  730.0 -90  45  54  -4.688 330.0  30.0
 9.995  732.5 -90  45  54   1.563 330.0  30.0
 9.995  762.5 -90  45  54 -10.938 270.0  30.0
 9.995  770.0 -90  45  54  -7.813 270.0  30.0
 9.995  777.5 -90  45  54  10.938 330.0  30.0
 9.995  792.5 -90  45  54 -10.938 270.0  30.0
 9.995  807.5 -90  45  54 -10.938 330.0  30.0
 9.995 1182.5 -90  45  54  -4.688 270.0  30.0
 9.995 1225.0 -90  45  54   4.688 330.0  30.0
 9.995 1230.0 -90  45  54   4.688 270.0  30.0
 9.995 1242.5 -90  45  54   4.688 270.0  30.0
 9.995 1247.5 -90  45  54   4.688  90.0  30.0
 9.995 1252.5 -90  45  54  10.938 330.0  30.0
 9.995 1255.0 -90  45  54   4.688 270.0  30.0
 9.995 1257.5 -90  45  54  10.938 270.0  30.0
 9.995 1260.0 -90  45  54   4.688 270.0  30.0
 9.995 1267.5 -90  45  54   4.688 270.0  30.0
 9.995 1270.0 -90  45  54  10.938 270.0  30.0
 9.995 1272.5 -90  45  54   4.688 270.0  30.0
 9.995 1275.0 -90  45  54   1.563 330.0  30.0
10.030   80.0  90  45  54  -4.688 150.0  30.0
10.030   82.5  90  45  54   1.563  90.0  30.0
10.030   85.0  90  45  54   4.688 270.0  30.0
10.030   87.5  90  45  57   4.688  90.0  30.0
10.030   90.0  90  45  57   4.688  90.0  30.0
10.030   92.5  90  45  57   4.688 270.0  30.0
10.030   95.0  90  45  57   4.688  90.0  30.0
10.030   97.5  90  45  57   4.688  90.0  30.0
10.030  100.0  90  45  54   4.688  90.0  30.0
10.030  102.5  90  45  57  10.938 270.0  30.0
10.030  105.0  90  45  54   4.688  90.0  30.0
10.030  107.5  90  45  54   4.688 150.0  30.0
10.030  110.0  90  45  54  10.938  90.0  30.0
10.030  112.5  90  45  54  10.938 270.0  30.0
10.030  115.0  90  45  54   4.688  90.0  30.0
10.030  117.5  90  45  54   4.688  90.0  30.0
10.030  120.0  90  45  54   4.688  90.0  30.0
10.030  122.5  90  45  54   4.688 270.0  30.0
10.030  125.0  90  45  54   1.563 270.0  30.0
10.030  127.5  90  45  54   1.563 330.0  30.0
10.030  130.0  90  45  54   1.563 330.0  30.0
10.030  132.5  90  45  54   4.688 150.0  30.0
10.030  135.0  90  45  54  -4.688 150.0  30.0
10.030  137.5  90  45  54  -4.688 150.0  30.0
10.030  405.0  90  45  57 -10.938 270.0  30.0
10.030  407.5  90  45  57 -10.938 270.0  30.0
10.030  410.0  90  45  60  -7.813 270.0  30.0
10.030  412.5  90  45  60  -7.813 270.0  30.0
10.030  415.0  90  45  60 -10.938 270.0  30.0
10.030  417.5  90  45  60  -7.813 330.0  30.0
10.030  420.0  90  45  60  -7.813 330.0  30.0
10.030  422.5  90  45  60  -7.813 270.0  30.0
10.030  425.0  90  45  57 -10.938 270.0  30.0
10.030  427.5  90  45  57  -7.813 270.0  30.0
10.030  452.5  90  45  54  10.938 270.0  30.0
10.030  455.0  90  45  57  10.938 270.0  30.0
10.030  457.5  90  45  60   7.813 270.0  30.0
10.030  460.0  90  45  63   7.813 270.0  30.0
10.030  462.5  90  45  63   7.813 270.0  30.0
10.030  465.0  90  45  66   7.813 270.0  30.0
10.030  467.5  90  45  66   7.813 270.0  30.0
10.030  470.0  90  45  66   7.813 270.0  30.0
10.030  472.5  90  45  66   4.688 270.0  30.0
10.030  475.0  90  45  66   7.813 270.0  30.0
10.030  477.5  90  45  66   7.813 270.0  30.0
10.030  480.0  90  45  69   7.813 270.0  30.0
10.030  482.5  90  45  69   4.688 270.0  30.0
10.030  485.0  90  45  69   4.688 270.0  30.0
10.030  487.5  90  45  69   4.688 270.0  30.0
10.030  490.0  90  45  69   4.688 270.0  30.0
10.030  492.5  90  45  69   1.563 270.0  30.0
10.030  495.0  90  45  69   1.563 270.0  30.0
10.030  497.5  90  45  69   1.563 270.0  30.0
10.030  500.0  90  45  69   1.563 270.0  30.0
10.030  502.5  90  45  69   1.563 270.0  30.0
10.030  505.0  90  45  69   1.563 270.0  30.0
10.030  507.5  90  45  69  -1.563 270.0  30.0
10.030  510.0  90  45  69  -1.563 270.0  30.0
10.030  512.5  90  45  69  -1.563 270.0  30.0
10.030  515.0  90  45  69  -1.563 270.0  30.0
10.030  517.5  90  45  69  -1.563 270.0  30.0
10.030  520.0  90  45  69  -1.563 270.0  30.0
10.030  522.5  90  45  69  -1.563 270.0  30.0
10.030  525.0  90  45  69  -1.563 270.0  30.0
10.030  527.5  90  45  69  -1.563 270.0  30.0
10.030  530.0  90  45  69  -1.563 270.0  30.0
10.030  532.5  90  45  69  -1.563 270.0  30.0
10.030  535.0  90  45  69  -1.563 270.0  30.0
10.030  537.5  90  45  69  -1.563 270.0  30.0
10.030  540.0  90  45  69   1.563 270.0  30.0
10.030  542.5  90  45  69   4.688 270.0  30.0
10.030  545.0  90  45  69   7.813 270.0  30.0
10.030  547.5  90  45  69   7.813 270.0  30.0
10.030  550.0  90  45  69  10.938 270.0  30.0
10.030  552.5  90  45  69  10.938 270.0  30.0
10.030  555.0  90  45  69  10.938 270.0  30.0
10.030  557.5  90  45  69  10.938 270.0  30.0
10.030  560.0  90  45  69  10.938 270.0  30.0
10.030  562.5  90  45  69  10.938 270.0  30.0
10.030  565.0  90  45  69  10.938 270.0  30.0
10.030  567.5  90  45  69  10.938 270.0  30.0
10.030  570.0  90  45  69  10.938 270.0  30.0
10.030  572.5  90  45  69  10.938 270.0  30.0
10.030  575.0  90  45  69  10.938 270.0  30.0
10.030  577.5  90  45  69  10.938 270.0  30.0
10.030  580.0  90  45  69  10.938 270.0  30.0
10.030  582.5  90  45  69  10.938 270.0  30.0
10.030  585.0  90  45  69  10.938 270.0  30.0
10.030  587.5  90  45  69  10.938 270.0  30.0
10.030  590.0  90  45  69  10.938 270.0  30.0
10.030  592.5  90  45  66  10.938 270.0  30.0
10.030  595.0  90  45  66  10.938 270.0  30.0
10.030  597.5  90  45  66  10.938 270.0  30.0
10.030  600.0  90  45  66 -10.938 270.0  30.0
10.030  602.5  90  45  66 -10.938 270.0  30.0
10.030  605.0  90  45  66 -10.938 270.0  30.0
10.030  607.5  90  45  66 -10.938 270.0  30.0
10.030  610.0  90  45  66 -10.938  90.0  30.0
10.030  612.5  90  45  66 -10.938 270.0  30.0
10.030  615.0  90  45  63 -10.938 270.0  30.0
10.030  617.5  90  45  63 -10.938 270.0  30.0
10.030  620.0  90  45  63 -10.938 270.0  30.0
10.030  622.5  90  45  63  10.938 270.0  30.0
10.030  625.0  90  45  63  10.938 270.0  30.0
10.030  627.5  90  45  63   7.813 270.0  30.0
10.030  630.0  90  45  63   7.813 330.0  30.0
10.030  632.5  90  45  63   7.813  90.0  30.0
10.030  635.0  90  45  63   7.813  90.0  30.0
10.030  637.5  90  45  63   7.813 330.0  30.0
10.030  640.0  90  45  63   4.688 330.0  30.0
10.030  642.5  90  45  63   4.688  90.0  30.0
10.030  645.0  90  45  63   4.688  90.0  30.0
10.030  647.5  90  45  63   4.688 270.0  30.0
10.030  650.0  90  45  63   4.688 270.0  30.0
10.030  652.5  90  45  63   4.688 270.0  30.0
10.030  655.0  90  45  63   4.688 270.0  30.0
10.030  657.5  90  45  63   4.688 270.0  30.0
10.030  660.0  90  45  63   7.813 270.0  30.0
10.030  662.5  90  45  66   7.813 270.0  30.0
10.030  665.0  90  45  66   4.688 330.0  30.0
10.030  667.5  90  45  66   7.813 270.0  30.0
10.030  670.0  90  45  66   7.813 270.0  30.0
10.030  672.5  90  45  66   7.813 270.0  30.0
10.030  675.0  90  45  66   4.688 270.0  30.0
10.030  677.5  90  45  66   4.688 270.0  30.0
10.030  680.0  90  45  66   4.688 270.0  30.0
10.030  682.5  90  45  66   4.688 270.0  30.0
10.030  685.0  90  45  66   4.688 270.0  30.0
10.030  687.5  90  45  66   4.688 270.0  30.0
10.030  690.0  90  45  66   1.563 270.0  30.0
10.030  692.5  90  45  66   1.563 270.0  30.0
10.030  695.0  90  45  66   1.563 330.0  30.0
10.030  697.5  90  45  66   1.563 270.0  30.0
10.030  700.0  90  45  66  -1.563 270.0  30.0
10.030  702.5  90  45  66  -1.563 270.0  30.0
10.030  705.0  90  45  66  -1.563 270.0  30.0
10.030  707.5  90  45  66  -1.563 270.0  30.0
10.030  710.0  90  45  66  -1.563 270.0  30.0
10.030  712.5  90  45  66  -1.563 270.0  30.0
10.030  715.0  90  45  66  -1.563 270.0  30.0
10.030  717.5  90  45  66  -1.563 270.0  30.0
10.030  720.0  90  45  66  -1.563 270.0  30.0
10.030  722.5  90  45  66  -1.563 270.0  30.0
10.030  725.0  90  45  66  -1.563 270.0  30.0
10.030  727.5  90  45  66  -1.563 270.0  30.0
10.030  730.0  90  45  66  -1.563 270.0  30.0
10.030  732.5  90  45  66  -1.563 270.0  30.0
10.030  735.0  90  45  66  -1.563 270.0  30.0
10.030  737.5  90  45  66  -4.688 270.0  30.0
10.030  740.0  90  45  66  -4.688 270.0  30.0
10.030  742.5  90  45  66  -4.688 270.0  30.0
10.030  745.0  90  45  66  -4.688 270.0  30.0
10.030  747.5  90  45  63  -4.688  90.0  30.0
10.030  750.0  90  45  63  -4.688  90.0  30.0
10.030  752.5  90  45  63  -7.813 270.0  30.0
10.030  755.0  90  45  63 -10.938  90.0  30.0
10.030  757.5  90  45  63 -10.938  90.0  30.0
10.030  760.0  90  45  63  10.938 270.0  30.0
10.030  762.5  90  45  63 -10.938 270.0  30.0
10.030  765.0  90  45  63 -10.938 270.0  30.0
10.030  767.5  90  45  63 -10.938 270.0  30.0
10.030  770.0  90  45  63 -10.938 270.0  30.0
10.030  772.5  90  45  63 -10.938 270.0  30.0
10.030  775.0  90  45  63  10.938 270.0  30.0
10.030  777.5  90  45  63 -10.938 270.0  30.0
10.030  780.0  90  45  63  10.938 270.0  30.0
10.030  782.5  90  45  63  10.938  90.0  30.0
10.030  785.0  90  45  63 -10.938  90.0  30.0
10.030  787.5  90  45  60 -10.938 330.0  30.0
10.030  790.0  90  45  60  -7.813  90.0  30.0
10.030  792.5  90  45  60  -7.813 330.0  30.0
10.030  795.0  90  45  60  -4.688 270.0  30.0
10.030  797.5  90  45  60  -4.688  90.0  30.0
10.030  800.0  90  45  60  -4.688  90.0  30.0
10.030  802.5  90  45  60  -4.688 330.0  30.0
10.030  805.0  90  45  60  -1.563 330.0  30.0
10.030  807.5  90  45  60  -4.688 330.0  30.0
10.030  810.0  90  45  60  -4.688 270.0  30.0
10.030  812.5  90  45  60  -1.563 330.0  30.0
10.030  815.0  90  45  60  -4.688 330.0  30.0
10.030  817.5  90  45  60  -1.563 330.0  30.0
10.030  820.0  90  45  60   1.563 270.0  30.0
10.030  822.5  90  45  60  -1.563 270.0  30.0
10.030  825.0  90  45  60  -1.563 270.0  30.0
10.030  827.5  90  45  60   1.563 270.0  30.0
10.030  830.0  90  45  60   1.563 270.0  30.0
10.030  832.5  90  45  63   1.563 270.0  30.0
10.030  835.0  90  45  63   1.563 270.0  30.0
10.030  837.5  90  45  63   4.688 270.0  30.0
10.030  840.0  90  45  63   4.688 270.0  30.0
10.030  842.5  90  45  63   4.688 270.0  30.0
10.030  845.0  90  45  63   4.688  90.0  30.0
10.030  847.5  90  45  63   7.813 270.0  30.0
10.030  850.0  90  45  60   7.813 270.0  30.0
10.030  852.5  90  45  60   7.813 330.0  30.0
10.030  855.0  90  45  60   7.813 330.0  30.0
10.030  857.5  90  45  60   7.813 330.0  30.0
10.030  860.0  90  45  60  10.938  90.0  30.0
10.030  862.5  90  45  60   7.813  90.0  30.0
10.030  865.0  90  45  60   7.813  90.0  30.0
10.030  867.5  90  45  60   4.688 270.0  30.0
10.030  870.0  90  45  60   4.688  90.0  30.0
10.030  872.5  90  45  63   4.688  90.0  30.0
10.030  875.0  90  45  63   1.563 270.0  30.0
10.030  877.5  90  45  63   1.563 270.0  30.0
10.030  880.0  90  45  63   1.563 270.0  30.0
10.030  882.5  90  45  60   1.563  90.0  30.0
10.030  885.0  90  45  60   1.563  90.0  30.0
10.030  887.5  90  45  60   1.563  90.0  30.0
10.030  890.0  90  45  60   1.563  90.0  30.0
10.030  892.5  90  45  60  -1.563  90.0  30.0
10.030  895.0  90  45  60   1.563  90.0  30.0
10.030  897.5  90  45  60   1.563  90.0  30.0
10.030  900.0  90  45  60   1.563 330.0  30.0
10.030  902.5  90  45  60   1.563 270.0  30.0
10.030  905.0  90  45  60   1.563 330.0  30.0
10.030  907.5  90  45  57   1.563 270.0  30.0
10.030  910.0  90  45  57   4.688  90.0  30.0
10.030  912.5  90  45  57   4.688  90.0  30.0
10.030  915.0  90  45  57   4.688  90.0  30.0
10.030  917.5  90  45  57   1.563 330.0  30.0
10.030  920.0  90  45  57   4.688 270.0  30.0
10.030  922.5  90  45  54   4.688  90.0  30.0
10.030  925.0  90  45  54   1.563 150.0  30.0
10.030  930.0  90  45  54   1.563 150.0  30.0
10.030 1162.5  90  45  54 -10.938 270.0  30.0
10.030 1165.0  90  45  54  -4.688 330.0  30.0
10.030 1167.5  90  45  54  -4.688 270.0  30.0
10.030 1170.0  90  45  54  -7.813 270.0  30.0
10.030 1172.5  90  45  54 -10.938 270.0  30.0
10.030 1207.5  90  45  54   4.688 270.0  30.0
10.030 1210.0  90  45  57  10.938  90.0  30.0
10.030 1212.5  90  45  57   4.688 270.0  30.0
10.030 1215.0  90  45  57  10.938 270.0  30.0
10.030 1217.5  90  45  60   4.688 270.0  30.0
10.030 1220.0  90  45  60   4.688 270.0  30.0
10.030 1222.5  90  45  60  10.938 270.0  30.0
10.030 1225.0  90  45  60   4.688 270.0  30.0
10.030 1227.5  90  45  60  10.938  90.0  30.0
10.030 1230.0  90  45  60  10.938 270.0  30.0
10.030 1232.5  90  45  60   4.688 270.0  30.0
10.030 1235.0  90  45  63   4.688 270.0  30.0
10.030 1237.5  90  45  63   4.688 270.0  30.0
10.030 1240.0  90  45  60   4.688 330.0  30.0
10.030 1242.5  90  45  60   4.688 270.0  30.0
10.030 1245.0  90  45  60   1.563 270.0  30.0
10.030 1247.5  90  45  60   1.563 270.0  30.0
10.030 1250.0  90  45  63   1.563 270.0  30.0
10.030 1252.5  90  45  63   1.563  90.0  30.0
10.030 1255.0  90  45  63   1.563 270.0  30.0
10.030 1257.5  90  45  63   1.563 270.0  30.0
10.030 1260.0  90  45  63   1.563 270.0  30.0
10.030 1262.5  90  45  63   1.563 270.0  30.0
10.030 1265.0  90  45  63  -4.688 270.0  30.0
10.030 1267.5  90  45  66   1.563 270.0  30.0
10.030 1270.0  90  45  66  -4.688 270.0  30.0
10.030 1272.5  90  45  66   1.563 270.0  30.0
10.030 1275.0  90  45  66   1.563 270.0  30.0
10.030 1277.5  90  45  66  -4.688 270.0  30.0
10.030 1280.0  90  45  66   1.563 270.0  30.0
10.030 1282.5  90  45  66  -4.688 270.0  30.0
10.030   80.0 -90  45  60   4.688 270.0  30.0
10.030   82.5 -90  45  60   7.813 270.0  30.0
10.030   85.0 -90  45  60   7.813 270.0  30.0
10.030   87.5 -90  45  60   4.688 270.0  30.0
10.030   90.0 -90  45  60   4.688 270.0  30.0
10.030   92.5 -90  45  60  10.938 270.0  30.0
10.030   95.0 -90  45  60   7.813 270.0  30.0
10.030   97.5 -90  45  60   4.688 270.0  30.0
10.030  100.0 -90  45  60   4.688 270.0  30.0
10.030  102.5 -90  45  60   7.813 270.0  30.0
10.030  105.0 -90  45  60   4.688 270.0  30.0
10.030  107.5 -90  45  63   4.688 270.0  30.0
10.030  110.0 -90  45  63   4.688 270.0  30.0
10.030  112.5 -90  45  60   4.688 270.0  30.0
10.030  115.0 -90  45  60   1.563 270.0  30.0
10.030  117.5 -90  45  60   1.563 270.0  30.0
10.030  120.0 -90  45  60   4.688 270.0  30.0
10.030  122.5 -90  45  60   4.688 270.0  30.0
10.030  125.0 -90  45  60   1.563 270.0  30.0
10.030  127.5 -90  45  60   1.563 270.0  30.0
10.030  130.0 -90  45  60   4.688 270.0  30.0
10.030  132.5 -90  45  60   4.688 270.0  30.0
10.030  135.0 -90  45  63   1.563 270.0  30.0
10.030  137.5 -90  45  63   1.563 270.0  30.0
10.030  140.0 -90  45  63   4.688 270.0  30.0
10.030  142.5 -90  45  63   1.563 270.0  30.0
10.030  145.0 -90  45  63   1.563 270.0  30.0
10.030  147.5 -90  45  63   1.563 270.0  30.0
10.030  150.0 -90  45  63   1.563 270.0  30.0
10.030  152.5 -90  45  60   1.563 270.0  30.0
10.030  155.0 -90  45  60  -1.563 270.0  30.0
10.030  157.5 -90  45  60   1.563 270.0  30.0
10.030  160.0 -90  45  57   1.563 270.0  30.0
10.030  162.5 -90  45  57   4.688 270.0  30.0
10.030  165.0 -90  45  54  -1.563 330.0  30.0
10.030  167.5 -90  45  57   1.563 270.0  30.0
10.030  170.0 -90  45  57   1.563 270.0  30.0
10.030  172.5 -90  45  57   4.688 270.0  30.0
10.030  175.0 -90  45  54   4.688 270.0  30.0
10.030  177.5 -90  45  54   1.563 270.0  30.0
10.030  415.0 -90  45  54 -10.938 270.0  30.0
10.030  417.5 -90  45  54 -10.938 270.0  30.0
10.030  460.0 -90  45  54   4.688 270.0  30.0
10.030  462.5 -90  45  54  10.938 270.0  30.0
10.030  465.0 -90  45  57  10.938 270.0  30.0
10.030  467.5 -90  45  57  10.938 270.0  30.0
10.030  470.0 -90  45  57   4.688 270.0  30.0
10.030  472.5 -90  45  57   4.688 270.0  30.0
10.030  475.0 -90  45  57  10.938 270.0  30.0
10.030  477.5 -90  45  60  10.938 270.0  30.0
10.030  480.0 -90  45  57  10.938 270.0  30.0
10.030  482.5 -90  45  60   4.688 270.0  30.0
10.030  485.0 -90  45  60   4.688 270.0  30.0
10.030  487.5 -90  45  60   4.688 270.0  30.0
10.030  490.0 -90  45  60   4.688 270.0  30.0
10.030  492.5 -90  45  60   4.688 270.0  30.0
10.030  495.0 -90  45  60   4.688 270.0  30.0
10.030  497.5 -90  45  60   4.688 270.0  30.0
10.030  500.0 -90  45  60   4.688 270.0  30.0
10.030  502.5 -90  45  60   1.563 270.0  30.0
10.030  505.0 -90  45  60   1.563 270.0  30.0
10.030  507.5 -90  45  60   1.563 270.0  30.0
10.030  510.0 -90  45  60  -4.688 270.0  30.0
10.030  512.5 -90  45  60  -4.688 270.0  30.0
10.030  515.0 -90  45  60  -4.688 270.0  30.0
10.030  517.5 -90  45  60  -4.688 270.0  30.0
10.030  520.0 -90  45  60   1.563 270.0  30.0
10.030  522.5 -90  45  60  -4.688 270.0  30.0
10.030  525.0 -90  45  60  -4.688 270.0  30.0
10.030  527.5 -90  45  60  -4.688 270.0  30.0
10.030  530.0 -90  45  60  -4.688 270.0  30.0
10.030  532.5 -90  45  60  -4.688 270.0  30.0
10.030  535.0 -90  45  57  -4.688 270.0  30.0
10.030  537.5 -90  45  57  -4.688 270.0  30.0
10.030  540.0 -90  45  57  -4.688 270.0  30.0
10.030  542.5 -90  45  57  -4.688 270.0  30.0
10.030  545.0 -90  45  57  10.938 270.0  30.0
10.030  547.5 -90  45  57  10.938 270.0  30.0
10.030  550.0 -90  45  57  10.938 270.0  30.0
10.030  552.5 -90  45  60  10.938 270.0  30.0
10.030  555.0 -90  45  57   4.688 270.0  30.0
10.030  557.5 -90  45  60  10.938 270.0  30.0
10.030  560.0 -90  45  60  10.938 270.0  30.0
10.030  562.5 -90  45  60  10.938 270.0  30.0
10.030  565.0 -90  45  60  10.938 270.0  30.0
10.030  567.5 -90  45  60  10.938 270.0  30.0
10.030  570.0 -90  45  60  10.938 270.0  30.0
10.030  572.5 -90  45  60  10.938 270.0  30.0
10.030  575.0 -90  45  60   4.688 270.0  30.0
10.030  577.5 -90  45  60  10.938 270.0  30.0
10.030  580.0 -90  45  60  10.938 270.0  30.0
10.030  582.5 -90  45  60  10.938 270.0  30.0
10.030  585.0 -90  45  60  10.938 270.0  30.0
10.030  587.5 -90  45  60  -7.813 270.0  30.0
10.030  590.0 -90  45  57  -7.813 270.0  30.0
10.030  592.5 -90  45  60  -7.813 270.0  30.0
10.030  595.0 -90  45  60  10.938 270.0  30.0
10.030  597.5 -90  45  60  10.938 270.0  30.0
10.030  600.0 -90  45  60  10.938 270.0  30.0
10.030  602.5 -90  45  60  10.938 270.0  30.0
10.030  605.0 -90  45  57  -7.813 270.0  30.0
10.030  607.5 -90  45  57   7.813 270.0  30.0
10.030  610.0 -90  45  57  -7.813 270.0  30.0
10.030  612.5 -90  45  57 -10.938 270.0  30.0
10.030  615.0 -90  45  57 -10.938 270.0  30.0
10.030  617.5 -90  45  57 -10.938 270.0  30.0
10.030  620.0 -90  45  57  10.938 270.0  30.0
10.030  622.5 -90  45  54  10.938 270.0  30.0
10.030  625.0 -90  45  57  10.938 270.0  30.0
10.030  627.5 -90  45  57  10.938 270.0  30.0
10.030  630.0 -90  45  57  10.938 270.0  30.0
10.030  632.5 -90  45  57   4.688 270.0  30.0
10.030  635.0 -90  45  57   4.688 270.0  30.0
10.030  637.5 -90  45  60   4.688 270.0  30.0
10.030  640.0 -90  45  57   4.688 270.0  30.0
10.030  642.5 -90  45  57   4.688 270.0  30.0
10.030  645.0 -90  45  57   1.563 270.0  30.0
10.030  647.5 -90  45  57  10.938 270.0  30.0
10.030  650.0 -90  45  57  -1.563 270.0  30.0
10.030  652.5 -90  45  54  -1.563 270.0  30.0
10.030  655.0 -90  45  54   4.688 270.0  30.0
10.030  657.5 -90  45  57   4.688 270.0  30.0
10.030  660.0 -90  45  57   4.688 270.0  30.0
10.030  662.5 -90  45  57   4.688 270.0  30.0
10.030  665.0 -90  45  57   4.688 270.0  30.0
10.030  667.5 -90  45  60   4.688 270.0  30.0
10.030  670.0 -90  45  57  10.938 270.0  30.0
10.030  672.5 -90  45  60  10.938 270.0  30.0
10.030  675.0 -90  45  60  10.938 270.0  30.0
10.030  677.5 -90  45  60   4.688 270.0  30.0
10.030  680.0 -90  45  60   4.688 270.0  30.0
10.030  682.5 -90  45  60   4.688 270.0  30.0
10.030  685.0 -90  45  60   4.688 270.0  30.0
10.030  687.5 -90  45  60   4.688 270.0  30.0
10.030  690.0 -90  45  60   4.688 270.0  30.0
10.030  692.5 -90  45  60   4.688 270.0  30.0
10.030  695.0 -90  45  60  10.938 270.0  30.0
10.030  697.5 -90  45  60  10.938 270.0  30.0
10.030  700.0 -90  45  60   1.563 270.0  30.0
10.030  702.5 -90  45  60   1.563 270.0  30.0
10.030  705.0 -90  45  60   1.563 270.0  30.0
10.030  707.5 -90  45  60   1.563 270.0  30.0
10.030  710.0 -90  45  60  -4.688 270.0  30.0
10.030  712.5 -90  45  60  -4.688 270.0  30.0
10.030  715.0 -90  45  60  -4.688 270.0  30.0
10.030  717.5 -90  45  60  -4.688 270.0  30.0
10.030  720.0 -90  45  60  -4.688 270.0  30.0
10.030  722.5 -90  45  60  -4.688 270.0  30.0
10.030  725.0 -90  45  63  -4.688 270.0  30.0
10.030  727.5 -90  45  60   1.563 270.0  30.0
10.030  730.0 -90  45  60   1.563 270.0  30.0
10.030  732.5 -90  45  60   1.563 270.0  30.0
10.030  735.0 -90  45  60   1.563 270.0  30.0
10.030  737.5 -90  45  60  -4.688 270.0  30.0
10.030  740.0 -90  45  60  -4.688 270.0  30.0
10.030  742.5 -90  45  57  -4.688 270.0  30.0
10.030  745.0 -90  45  57  -4.688 270.0  30.0
10.030  747.5 -90  45  57  -4.688 270.0  30.0
10.030  750.0 -90  45  57  -4.688 270.0  30.0
10.030  752.5 -90  45  57  -4.688 270.0  30.0
10.030  755.0 -90  45  57  10.938 270.0  30.0
10.030  757.5 -90  45  57  -4.688 270.0  30.0
10.030  760.0 -90  45  57  10.938 270.0  30.0
10.030  762.5 -90  45  57  10.938 270.0  30.0
10.030  765.0 -90  45  57  10.938 270.0  30.0
10.030  767.5 -90  45  57  10.938 330.0  30.0
10.030  770.0 -90  45  57  10.938 270.0  30.0
10.030  772.5 -90  45  57  -7.813 270.0  30.0
10.030  775.0 -90  45  57  10.938 330.0  30.0
10.030  777.5 -90  45  57  -7.813 270.0  30.0
10.030  780.0 -90  45  57  10.938 270.0  30.0
10.030  782.5 -90  45  57  -7.813 270.0  30.0
10.030  785.0 -90  45  57  -7.813 270.0  30.0
10.030  787.5 -90  45  60  -7.813 270.0  30.0
10.030  790.0 -90  45  57  -7.813 270.0  30.0
10.030  792.5 -90  45  57 -10.938 330.0  30.0
10.030  795.0 -90  45  57 -10.938 270.0  30.0
10.030  797.5 -90  45  57  -4.688 270.0  30.0
10.030  800.0 -90  45  57   1.563 270.0  30.0
10.030  802.5 -90  45  57   1.563 330.0  30.0
10.030  805.0 -90  45  57   1.563 270.0  30.0
10.030  807.5 -90  45  57   1.563 270.0  30.0
10.030  810.0 -90  45  54  -4.688 270.0  30.0
10.030  812.5 -90  45  54   1.563 270.0  30.0
10.030  815.0 -90  45  54  -4.688 270.0  30.0
10.030  817.5 -90  45  54   1.563 270.0  30.0
10.030  820.0 -90  45  54   1.563 270.0  30.0
10.030  822.5 -90  45  54   1.563 270.0  30.0
10.030  825.0 -90  45  54   1.563 270.0  30.0
10.030  827.5 -90  45  54   1.563 270.0  30.0
10.030  830.0 -90  45  54   1.563 270.0  30.0
10.030  832.5 -90  45  54   4.688 270.0  30.0
10.030  835.0 -90  45  57   4.688 270.0  30.0
10.030  837.5 -90  45  57   4.688 270.0  30.0
10.030  840.0 -90  45  57   4.688 270.0  30.0
10.030  842.5 -90  45  54   4.688 330.0  30.0
10.030  845.0 -90  45  57   4.688 270.0  30.0
10.030  847.5 -90  45  57   4.688 270.0  30.0
10.030  850.0 -90  45  57  -1.563 270.0  30.0
10.030  852.5 -90  45  57   4.688 270.0  30.0
10.030  855.0 -90  45  60   4.688 270.0  30.0
10.030  857.5 -90  45  60   4.688 270.0  30.0
10.030  860.0 -90  45  60   4.688 270.0  30.0
10.030  862.5 -90  45  60   4.688 270.0  30.0
10.030  865.0 -90  45  60   4.688 270.0  30.0
10.030  867.5 -90  45  60   4.688 270.0  30.0
10.030  870.0 -90  45  60   4.688 270.0  30.0
10.030  872.5 -90  45  60   4.688 270.0  30.0
10.030  875.0 -90  45  60   4.688 270.0  30.0
10.030  877.5 -90  45  57  -1.563 270.0  30.0
10.030  880.0 -90  45  57   4.688 270.0  30.0
10.030  882.5 -90  45  57   4.688 270.0  30.0
10.030  885.0 -90  45  57   4.688 270.0  30.0
10.030  887.5 -90  45  57   4.688 270.0  30.0
10.030  890.0 -90  45  57   4.688 330.0  30.0
10.030  892.5 -90  45  57   4.688 270.0  30.0
10.030  895.0 -90  45  57   4.688 270.0  30.0
10.030  897.5 -90  45  57   1.563 330.0  30.0
10.030  900.0 -90  45  57   1.563 330.0  30.0
10.030  902.5 -90  45  54   1.563 270.0  30.0
10.030  905.0 -90  45  54   4.688 270.0  30.0
10.030  907.5 -90  45  54   4.688 330.0  30.0
10.030  910.0 -90  45  54  -4.688 270.0  30.0
10.030  915.0 -90  45  54   7.813 330.0  30.0
10.030  917.5 -90  45  54   7.813 270.0  30.0
10.030  920.0 -90  45  54   1.563 270.0  30.0
10.030  922.5 -90  45  54  -1.563 270.0  30.0
10.030 1157.5 -90  45  54  -7.813 270.0  30.0
10.030 1160.0 -90  45  54 -10.938 330.0  30.0
10.030 1162.5 -90  45  57  -7.813 270.0  30.0
10.030 1165.0 -90  45  57  -7.813 330.0  30.0
10.030 1167.5 -90  45  60  -7.813 270.0  30.0
10.030 1170.0 -90  45  57  -7.813 270.0  30.0
10.030 1172.5 -90  45  57 -10.938 270.0  30.0
10.030 1175.0 -90  45  54  -7.813 270.0  30.0
10.030 1177.5 -90  45  54  -7.813 270.0  30.0
10.030 1180.0 -90  45  54  -7.813 270.0  30.0
10.030 1207.5 -90  45  54   4.688 270.0  30.0
10.030 1210.0 -90  45  57   7.813 270.0  30.0
10.030 1212.5 -90  45  60   7.813 270.0  30.0
10.030 1215.0 -90  45  60   7.813 270.0  30.0
10.030 1217.5 -90  45  63   7.813 270.0  30.0
10.030 1220.0 -90  45  63   4.688 270.0  30.0
10.030 1222.5 -90  45  63   7.813 270.0  30.0
10.030 1225.0 -90  45  63   4.688 270.0  30.0
10.030 1227.5 -90  45  63   7.813 270.0  30.0
10.030 1230.0 -90  45  63   7.813 270.0  30.0
10.030 1232.5 -90  45  66   4.688 270.0  30.0
10.030 1235.0 -90  45  66   4.688 270.0  30.0
10.030 1237.5 -90  45  66   4.688 270.0  30.0
10.030 1240.0 -90  45  66   4.688 270.0  30.0
10.030 1242.5 -90  45  66   4.688 270.0  30.0
10.030 1245.0 -90  45  66   4.688 270.0  30.0
10.030 1247.5 -90  45  66   1.563 270.0  30.0
10.030 1250.0 -90  45  66   1.563 270.0  30.0
10.030 1252.5 -90  45  66   1.563 270.0  30.0
10.030 1255.0 -90  45  66   1.563 270.0  30.0
10.030 1257.5 -90  45  66   1.563 270.0  30.0
10.030 1260.0 -90  45  66   1.563 270.0  30.0
10.030 1262.5 -90  45  66  -1.563 270.0  30.0
10.030 1265.0 -90  45  66  -1.563 270.0  30.0
10.030 1267.5 -90  45  66  -1.563 270.0  30.0
10.030 1270.0 -90  45  66  -1.563 270.0  30.0
10.030 1272.5 -90  45  66  -1.563 270.0  30.0
10.030 1275.0 -90  45  66  -1.563 270.0  30.0
10.030 1277.5 -90  45  66  -1.563 270.0  30.0
10.030 1280.0 -90  45  66  -1.563 270.0  30.0
10.030 1282.5 -90  45  66  -1.563 270.0  30.0
10.030 1285.0 -90  45  54   4.688 270.0  30.0
10.030 1287.5 -90  45  54   1.563 270.0  30.0
10.030 1290.0 -90  45  54   4.688 270.0  30.0
10.030 1292.5 -90  45  54   4.688 270.0  30.0
10.030 1295.0 -90  45  54   4.688 270.0  30.0
10.030 1297.5 -90  45  54   4.688 270.0  30.0
10.030 1300.0 -90  45  54   1.563 270.0  30.0
10.030 1302.5 -90  45  54   1.563 270.0  30.0
10.030 1305.0 -90  45  54   4.688 270.0  30.0
10.030 1307.5 -90  45  54   4.688 270.0  30.0
10.030 1310.0 -90  45  54   4.688 270.0  30.0
10.030 1312.5 -90  45  54   1.563 270.0  30.0
10.030 1315.0 -90  45  54   4.688 270.0  30.0
10.030 1320.0 -90  45  54   4.688 270.0  30.0
10.030 1322.5 -90  45  54   4.688 270.0  30.0
10.030 1325.0 -90  45  54   4.688 270.0  30.0
10.030 1327.5 -90  45  54   4.688 270.0  30.0
10.030 1330.0 -90  45  54   4.688 270.0  30.0
10.065   80.0  90  45  54   7.813  90.0  30.0
10.065   82.5  90  45  54   7.813  90.0  30.0
10.065   85.0  90  45  54   7.813 270.0  30.0
10.065   87.5  90  45  54   7.813  90.0  30.0
10.065   90.0  90  45  54   7.813  90.0  30.0
10.065   92.5  90  45  57   7.813 270.0  30.0
10.065   95.0  90  45  57   4.688  90.0  30.0
10.065   97.5  90  45  57   4.688 270.0  30.0
10.065  100.0  90  45  57   4.688  90.0  30.0
10.065  102.5  90  45  57   4.688  90.0  30.0
10.065  105.0  90  45  57   4.688 270.0  30.0
10.065  107.5  90  45  57   4.688  90.0  30.0
10.065  110.0  90  45  57   4.688  90.0  30.0
10.065  112.5  90  45  57  -1.563 270.0  30.0
10.065  115.0  90  45  54  -1.563  90.0  30.0
10.065  117.5  90  45  57  -1.563  90.0  30.0
10.065  120.0  90  45  57  -4.688 270.0  30.0
10.065  122.5  90  45  57  -1.563  90.0  30.0
10.065  125.0  90  45  57  -4.688  90.0  30.0
10.065  127.5  90  45  57  -1.563 330.0  30.0
10.065  130.0  90  45  57  -1.563 150.0  30.0
10.065  132.5  90  45  57   1.563  90.0  30.0
10.065  135.0  90  45  57  -1.563 150.0  30.0
10.065  137.5  90  45  57   1.563 270.0  30.0
10.065  140.0  90  45  57  -1.563 150.0  30.0
10.065  142.5  90  45  57   1.563 270.0  30.0
10.065  145.0  90  45  54   1.563  90.0  30.0
10.065  147.5  90  45  54   4.688  90.0  30.0
10.065  150.0  90  45  54   1.563  90.0  30.0
10.065  152.5  90  45  54   1.563  90.0  30.0
10.065  155.0  90  45  54   4.688 330.0  30.0
10.065  157.5  90  45  54   1.563 270.0  30.0
10.065  160.0  90  45  57   4.688 330.0  30.0
10.065  162.5  90  45  54   1.563  90.0  30.0
10.065  165.0  90  45  54   4.688  90.0  30.0
10.065  167.5  90  45  54   1.563  90.0  30.0
10.065  447.5  90  45  54  10.938 330.0  30.0
10.065  452.5  90  45  54  -7.813 330.0  30.0
10.065  455.0  90  45  54  -4.688  90.0  30.0
10.065  457.5  90  45  54  -4.688  90.0  30.0
10.065  460.0  90  45  54  -4.688  90.0  30.0
10.065  462.5  90  45  54   1.563 270.0  30.0
10.065  465.0  90  45  57   7.813 270.0  30.0
10.065  467.5  90  45  57 -10.938 270.0  30.0
10.065  470.0  90  45  57  -4.688 270.0  30.0
10.065  472.5  90  45  57  -4.688  90.0  30.0
10.065  475.0  90  45  57   1.563 270.0  30.0
10.065  477.5  90  45  57  -4.688  90.0  30.0
10.065  480.0  90  45  57   1.563 330.0  30.0
10.065  482.5  90  45  57  -4.688 270.0  30.0
10.065  485.0  90  45  57  -4.688  90.0  30.0
10.065  487.5  90  45  57  -4.688 270.0  30.0
10.065  490.0  90  45  57   1.563 270.0  30.0
10.065  492.5  90  45  57  -4.688 330.0  30.0
10.065  495.0  90  45  57  -4.688  90.0  30.0
10.065  497.5  90  45  57  -4.688 270.0  30.0
10.065  500.0  90  45  57  -4.688  90.0  30.0
10.065  502.5  90  45  57  -4.688 270.0  30.0
10.065  505.0  90  45  57  -4.688 270.0  30.0
10.065  507.5  90  45  54  -4.688  90.0  30.0
10.065  510.0  90  45  54  -4.688 330.0  30.0
10.065  512.5  90  45  54  -4.688 270.0  30.0
10.065  515.0  90  45  54  -4.688  90.0  30.0
10.065  517.5  90  45  54  -4.688 330.0  30.0
10.065  520.0  90  45  54  -4.688  90.0  30.0
10.065  522.5  90  45  54 -10.938 330.0  30.0
10.065  525.0  90  45  54  -4.688 330.0  30.0
10.065  530.0  90  45  54  -4.688  90.0  30.0
10.065  532.5  90  45  54  -4.688 270.0  30.0
10.065  582.5  90  45  54   4.688  90.0  30.0
10.065  585.0  90  45  54   4.688 270.0  30.0
10.065  587.5  90  45  54   4.688  90.0  30.0
10.065  590.0  90  45  54  10.938 270.0  30.0
10.065  592.5  90  45  54  10.938  90.0  30.0
10.065  595.0  90  45  54  10.938 330.0  30.0
10.065  597.5  90  45  54   4.688  90.0  30.0
10.065  600.0  90  45  54   4.688 270.0  30.0
10.065  602.5  90  45  54   4.688  90.0  30.0
10.065  605.0  90  45  54   4.688  90.0  30.0
10.065  607.5  90  45  54  10.938  90.0  30.0
10.065  610.0  90  45  54   1.563  90.0  30.0
10.065  612.5  90  45  54  10.938 270.0  30.0
10.065  617.5  90  45  54   4.688 270.0  30.0
10.065  620.0  90  45  54   4.688 270.0  30.0
10.065  622.5  90  45  57   4.688 270.0  30.0
10.065  625.0  90  45  54   4.688 270.0  30.0
10.065  627.5  90  45  54   4.688  90.0  30.0
10.065  630.0  90  45  54  10.938  90.0  30.0
10.065  632.5  90  45  54  10.938  90.0  30.0
10.065  635.0  90  45  54  10.938 330.0  30.0
10.065  637.5  90  45  54  10.938 330.0  30.0
10.065  640.0  90  45  57   4.688 330.0  30.0
10.065  642.5  90  45  57   4.688  90.0  30.0
10.065  645.0  90  45  57   4.688  90.0  30.0
10.065  647.5  90  45  57   4.688  90.0  30.0
10.065  650.0  90  45  57   4.688  90.0  30.0
10.065  652.5  90  45  57  10.938  90.0  30.0
10.065  655.0  90  45  57  10.938  90.0  30.0
10.065  657.5  90  45  57  10.938  90.0  30.0
10.065  660.0  90  45  57  10.938  90.0  30.0
10.065  662.5  90  45  57   7.813  90.0  30.0
10.065  665.0  90  45  57   1.563  90.0  30.0
10.065  667.5  90  45  57  -4.688 330.0  30.0
10.065  670.0  90  45  57   1.563 330.0  30.0
10.065  672.5  90  45  57   1.563 330.0  30.0
10.065  675.0  90  45  57   1.563 330.0  30.0
10.065  677.5  90  45  57  -4.688  90.0  30.0
10.065  680.0  90  45  57   1.563  90.0  30.0
10.065  682.5  90  45  57   1.563  90.0  30.0
10.065  685.0  90  45  57  -4.688  90.0  30.0
10.065  687.5  90  45  57   1.563  90.0  30.0
10.065  690.0  90  45  57  -4.688  90.0  30.0
10.065  692.5  90  45  57  -4.688 270.0  30.0
10.065  695.0  90  45  57  -4.688  90.0  30.0
10.065  697.5  90  45  57  -4.688 270.0  30.0
10.065  700.0  90  45  54  -4.688 330.0  30.0
10.065  702.5  90  45  54   1.563  90.0  30.0
10.065  705.0  90  45  54   1.563 330.0  30.0
10.065  707.5  90  45  54   1.563 330.0  30.0
10.065  710.0  90  45  54   1.563  90.0  30.0
10.065  712.5  90  45  54   1.563  90.0  30.0
10.065  715.0  90  45  54  10.938  90.0  30.0
10.065  720.0  90  45  54  10.938  90.0  30.0
10.065  722.5  90  45  54  -7.813 270.0  30.0
10.065  725.0  90  45  54   4.688 330.0  30.0
10.065  727.5  90  45  54  10.938 330.0  30.0
10.065  730.0  90  45  54  10.938 270.0  30.0
10.065  732.5  90  45  57  10.938 330.0  30.0
10.065  735.0  90  45  57  10.938 270.0  30.0
10.065  737.5  90  45  57  10.938 270.0  30.0
10.065  740.0  90  45  57  10.938  90.0  30.0
10.065  742.5  90  45  57  10.938 330.0  30.0
10.065  745.0  90  45  57  10.938  90.0  30.0
10.065  747.5  90  45  57  10.938  90.0  30.0
10.065  750.0  90  45  57  10.938  90.0  30.0
10.065  752.5  90  45  57  10.938  90.0  30.0
10.065  755.0  90  45  57  10.938  90.0  30.0
10.065  757.5  90  45  54  10.938 270.0  30.0
10.065  760.0  90  45  57  10.938  90.0  30.0
10.065  762.5  90  45  57  10.938 270.0  30.0
10.065  765.0  90  45  54  10.938  90.0  30.0
10.065  767.5  90  45  57  10.938  90.0  30.0
10.065  770.0  90  45  54  10.938 150.0  30.0
10.065  772.5  90  45  54  -7.813  90.0  30.0
10.065  775.0  90  45  54  -7.813  90.0  30.0
10.065  780.0  90  45  54  10.938  90.0  30.0
10.065  785.0  90  45  54  -7.813  90.0  30.0
10.065  810.0  90  45  54  -7.813 270.0  30.0
10.065  812.5  90  45  54   4.688 150.0  30.0
10.065  820.0  90  45  54   4.688 150.0  30.0
10.065  822.5  90  45  54  -7.813 270.0  30.0
10.065  827.5  90  45  54   1.563 270.0  30.0
10.065  830.0  90  45  54 -10.938  90.0  30.0
10.065  832.5  90  45  54 -10.938  90.0  30.0
10.065  837.5  90  45  54   4.688  90.0  30.0
10.065  840.0  90  45  54  -1.563  90.0  30.0
10.065  842.5  90  45  54  10.938 330.0  30.0
10.065  845.0  90  45  54  10.938 150.0  30.0
10.065  847.5  90  45  54   4.688  90.0  30.0
10.065  850.0  90  45  54  10.938 270.0  30.0
10.065  852.5  90  45  54  10.938 330.0  30.0
10.065  855.0  90  45  54  10.938 150.0  30.0
10.065  857.5  90  45  54   1.563 150.0  30.0
10.065  860.0  90  45  54   1.563 270.0  30.0
10.065  862.5  90  45  54   1.563 150.0  30.0
10.065  865.0  90  45  54   1.563 270.0  30.0
10.065  867.5  90  45  54   1.563  90.0  30.0
10.065  870.0  90  45  54  -4.688 150.0  30.0
10.065  872.5  90  45  54   1.563  90.0  30.0
10.065  875.0  90  45  54   1.563 270.0  30.0
10.065  877.5  90  45  54   1.563 270.0  30.0
10.065  880.0  90  45  54   1.563 270.0  30.0
10.065  882.5  90  45  54   1.563 270.0  30.0
10.065  885.0  90  45  54   1.563 270.0  30.0
10.065  887.5  90  45  54   1.563  90.0  30.0
10.065  890.0  90  45  54   1.563  90.0  30.0
10.065 1162.5  90  45  54  -7.813  90.0  30.0
10.065 1165.0  90  45  54  -7.813 330.0  30.0
10.065 1167.5  90  45  54 -10.938  90.0  30.0
10.065 1170.0  90  45  54 -10.938 270.0  30.0
10.065 1175.0  90  45  54  -7.813 270.0  30.0
10.065 1177.5  90  45  54  -7.813 330.0  30.0
10.065 1182.5  90  45  54  -7.813 270.0  30.0
10.065 1185.0  90  45  54  -7.813 270.0  30.0
10.065 1187.5  90  45  54 -10.938 270.0  30.0
10.065 1190.0  90  45  57 -10.938 270.0  30.0
10.065 1192.5  90  45  57  -7.813 330.0  30.0
10.065 1195.0  90  45  57  -7.813 330.0  30.0
10.065 1197.5  90  45  57  -7.813  90.0  30.0
10.065 1200.0  90  45  57 -10.938 270.0  30.0
10.065 1202.5  90  45  57 -10.938  90.0  30.0
10.065 1205.0  90  45  60  -7.813 270.0  30.0
10.065 1207.5  90  45  60  -4.688 330.0  30.0
10.065 1210.0  90  45  60  -7.813 330.0  30.0
10.065 1212.5  90  45  60  -7.813 270.0  30.0
10.065 1215.0  90  45  60 -10.938  90.0  30.0
10.065 1217.5  90  45  60 -10.938 270.0  30.0
10.065 1220.0  90  45  60  -7.813  90.0  30.0
10.065 1222.5  90  45  63  -7.813 270.0  30.0
10.065 1225.0  90  45  63  -4.688 270.0  30.0
10.065 1227.5  90  45  63  -4.688  90.0  30.0
10.065 1230.0  90  45  63  -4.688 270.0  30.0
10.065 1232.5  90  45  63  -4.688  90.0  30.0
10.065 1235.0  90  45  63  -4.688 270.0  30.0
10.065 1237.5  90  45  63  -4.688 330.0  30.0
10.065 1240.0  90  45  63  -4.688 270.0  30.0
10.065 1242.5  90  45  63  -1.563 270.0  30.0
10.065 1245.0  90  45  63  -1.563  90.0  30.0
10.065 1247.5  90  45  63  -1.563 270.0  30.0
10.065 1250.0  90  45  63  -4.688 270.0  30.0
10.065 1252.5  90  45  63  -4.688 270.0  30.0
10.065 1255.0  90  45  63  -4.688  90.0  30.0
10.065 1257.5  90  45  63  -4.688  90.0  30.0
10.065 1260.0  90  45  60  -4.688 270.0  30.0
10.065 1262.5  90  45  60  -4.688  90.0  30.0
10.065 1265.0  90  45  60  -4.688 270.0  30.0
10.065 1267.5  90  45  60  -7.813 270.0  30.0
10.065 1270.0  90  45  60  -4.688 330.0  30.0
10.065 1272.5  90  45  60  -7.813 330.0  30.0
10.065 1275.0  90  45  60  -4.688  90.0  30.0
10.065 1277.5  90  45  60  -7.813  90.0  30.0
10.065 1280.0  90  45  60  -7.813 270.0  30.0
10.065 1282.5  90  45  60  -4.688 330.0  30.0
10.100   90.0  90  54  63 -10.938 150.0  30.0
10.100   80.0 -90  45  54  -7.813 150.0  30.0
10.100   82.5 -90  45  54  -7.813 150.0  30.0
10.100   85.0 -90  45  54  -7.813 150.0  30.0
10.100   87.5 -90  45  54  -7.813 150.0  30.0
10.100   90.0 -90  45  54  -7.813 330.0  30.0
10.100   92.5 -90  45  54  -7.813 150.0  30.0
10.100   95.0 -90  45  54  -4.688 150.0  30.0
10.100   97.5 -90  45  54  -4.688 330.0  30.0
10.520  162.5  90  54  63  -7.813  90.0  30.0
10.520  165.0  90  54  63  -7.813  90.0  30.0
10.520  507.5  90  54  63  -7.813  90.0  30.0
10.520  515.0  90  54  63  -7.813  90.0  30.0
11.745  107.5  90  48  57   7.813  30.0  30.0
11.745 1232.5  90  48  57   4.688   0.0   0.0
11.850   80.0  90  39  51   4.688   0.0   0.0
11.850   82.5  90  39  48   1.563   0.0   0.0
11.850   87.5  90  39  48   4.688  30.0  30.0
11.850   90.0  90  39  48   4.688   0.0   0.0
11.850   92.5  90  39  51   4.688 150.0  30.0
11.850   95.0  90  39  48   4.688  30.0  30.0
11.850   97.5  90  39  51   1.563   0.0   0.0
11.850  100.0  90  39  48   4.688  30.0  30.0
11.850  102.5  90  39  48   4.688  30.0  30.0
11.850  105.0  90  39  48   4.688  30.0  30.0
11.850  107.5  90  39  48   4.688  30.0  30.0
11.850  110.0  90  39  51   4.688  30.0  30.0
11.850  112.5  90  39  48   4.688  30.0  30.0
11.850  115.0  90  39  48   4.688   0.0   0.0
11.850  117.5  90  39  48   4.688  30.0  30.0
11.850  120.0  90  39  48   4.688   0.0   0.0
11.850  122.5  90  39  51   4.688  30.0  30.0
11.850  125.0  90  39  51   4.688  30.0  30.0
11.850  127.5  90  39  48   4.688  30.0  30.0
11.850  130.0  90  39  48   4.688  30.0  30.0
11.850  132.5  90  39  51   4.688  30.0  30.0
11.850  135.0  90  39  48   4.688  30.0  30.0
11.850  137.5  90  39  48   4.688  30.0  30.0
11.850  140.0  90  39  48   4.688  30.0  30.0
11.850  142.5  90  39  48   4.688  30.0  30.0
11.850  145.0  90  39  48   4.688  30.0  30.0
11.850  147.5  90  39  48   4.688  30.0  30.0
11.850  150.0  90  39  48   4.688  30.0  30.0
11.850  152.5  90  39  48   4.688  30.0  30.0
11.850  155.0  90  39  48   4.688   0.0   0.0
11.850  157.5  90  39  48   4.688  30.0  30.0
11.850  160.0  90  39  48   4.688  30.0  30.0
11.850  162.5  90  39  48   4.688   0.0   0.0
11.850  165.0  90  39  48   4.688  30.0  30.0
11.850  167.5  90  39  48   4.688   0.0   0.0
11.850  170.0  90  39  48   4.688   0.0   0.0
11.850  177.5  90  39  48   4.688  30.0  30.0
11.850  180.0  90  39  48   4.688   0.0   0.0
11.850  182.5  90  39  48   4.688  30.0  30.0
11.850  185.0  90  39  48   4.688  30.0  30.0
11.850  187.5  90  39  48   4.688  30.0  30.0
11.850  190.0  90  39  48   4.688  30.0  30.0
11.850  192.5  90  39  48   4.688 150.0  30.0
11.850  212.5  90  39  48   4.688  30.0  30.0
11.850  215.0  90  39  48   4.688  30.0  30.0
11.850  217.5  90  39  48   4.688  30.0  30.0
11.850  220.0  90  39  48   4.688   0.0   0.0
11.850  222.5  90  39  48   4.688  30.0  30.0
11.850  225.0  90  39  48   4.688   0.0   0.0
11.850  230.0  90  39  48   4.688   0.0   0.0
11.850  232.5  90  39  48   4.688  30.0  30.0
11.850  235.0  90  39  48   4.688  30.0  30.0
11.850  242.5  90  39  48   1.563  30.0  30.0
11.850  245.0  90  39  48   1.563   0.0   0.0
11.850  247.5  90  39  48   4.688  30.0  30.0
11.850  250.0  90  39  48   1.563   0.0   0.0
11.850  252.5  90  39  48   4.688  30.0  30.0
11.850  257.5  90  39  48   1.563  30.0  30.0
11.850  262.5  90  39  48   1.563   0.0   0.0
11.850  267.5  90  39  48   4.688  30.0  30.0
11.850  270.0  90  39  48   4.688  30.0  30.0
11.850  272.5  90  39  48   4.688  30.0  30.0
11.850  300.0  90  39  48   1.563  30.0  30.0
11.850  305.0  90  39  48   1.563  30.0  30.0
11.850  307.5  90  39  48   1.563   0.0   0.0
11.850  310.0  90  39  48   4.688  30.0  30.0
11.850 1055.0  90  39  48   4.688  30.0  30.0
11.850 1060.0  90  39  48   4.688  30.0  30.0
11.850 1067.5  90  39  48   4.688 150.0  30.0
11.850 1075.0  90  39  48   4.688  30.0  30.0
11.850 1077.5  90  39  48   1.563 150.0  30.0
11.850 1082.5  90  39  48   4.688  30.0  30.0
11.850 1085.0  90  39  48   1.563   0.0   0.0
11.850 1097.5  90  39  48   1.563  30.0  30.0
11.850 1102.5  90  39  48   4.688   0.0   0.0
11.850 1110.0  90  39  48   1.563   0.0   0.0
11.850 1115.0  90  39  48   1.563  30.0  30.0
11.850 1117.5  90  39  48   4.688   0.0   0.0
11.850 1120.0  90  39  48   1.563   0.0   0.0
11.850 1130.0  90  39  48   1.563  30.0  30.0
11.850 1132.5  90  39  48   1.563  30.0  30.0
11.850 1135.0  90  39  48   1.563   0.0   0.0
11.850 1137.5  90  39  48   1.563   0.0   0.0
11.850 1140.0  90  39  48   1.563   0.0   0.0
11.850 1142.5  90  39  48   1.563  30.0  30.0
11.850 1145.0  90  39  48   1.563  30.0  30.0
11.850 1155.0  90  39  48   1.563  30.0  30.0
11.850 1157.5  90  39  48   1.563   0.0   0.0
11.850 1162.5  90  39  48   1.563   0.0   0.0
11.850 1165.0  90  39  48   4.688  30.0  30.0
11.850 1167.5  90  39  48   1.563  30.0  30.0
11.850 1170.0  90  39  48   1.563   0.0   0.0
11.850 1172.5  90  39  48   1.563   0.0   0.0
11.850 1175.0  90  39  48   1.563  30.0  30.0
11.850 1177.5  90  39  48   1.563   0.0   0.0
11.850 1182.5  90  39  48   1.563   0.0   0.0
11.850 1185.0  90  39  48   1.563   0.0   0.0
11.850 1190.0  90  39  48   4.688  30.0  30.0
11.850 1192.5  90  39  48   4.688  30.0  30.0
11.850 1195.0  90  39  48   4.688   0.0   0.0
11.850 1197.5  90  39  48   4.688  30.0  30.0
11.850 1200.0  90  39  48   1.563  30.0  30.0
11.850 1202.5  90  39  48   4.688   0.0   0.0
11.850 1205.0  90  39  48   1.563  30.0  30.0
11.850 1207.5  90  39  48   1.563   0.0   0.0
11.850 1210.0  90  39  48   4.688  30.0  30.0
11.850 1212.5  90  39  48   1.563   0.0   0.0
11.850 1215.0  90  39  48   1.563   0.0   0.0
11.850 1217.5  90  39  48   4.688   0.0   0.0
11.850 1220.0  90  39  48   4.688   0.0   0.0
11.850 1222.5  90  39  48   4.688   0.0   0.0
11.850 1225.0  90  39  48   4.688  30.0  30.0
11.850 1227.5  90  39  48   1.563  30.0  30.0
11.850 1230.0  90  39  48   4.688  30.0  30.0
11.850 1232.5  90  39  48   4.688  30.0  30.0
11.850 1235.0  90  39  48   4.688  30.0  30.0
11.850 1237.5  90  39  51   4.688  30.0  30.0
11.850 1240.0  90  39  48   4.688  30.0  30.0
11.850 1242.5  90  39  48   4.688  30.0  30.0
11.850 1245.0  90  39  48   4.688   0.0   0.0
11.850 1247.5  90  39  48   1.563  30.0  30.0
11.850 1250.0  90  39  48   4.688  30.0  30.0
11.850 1252.5  90  39  48   4.688  30.0  30.0
11.850 1255.0  90  39  51   4.688  30.0  30.0
11.850 1257.5  90  39  51   4.688   0.0   0.0
11.850 1260.0  90  39  51   4.688   0.0   0.0
11.850 1262.5  90  39  51   4.688  30.0  30.0
11.850 1265.0  90  39  51   4.688  30.0  30.0
11.850 1267.5  90  39  51   4.688  30.0  30.0
11.850 1270.0  90  39  48   4.688  30.0  30.0
11.850 1272.5  90  39  48   4.688  30.0  30.0
11.850 1275.0  90  39  48   4.688   0.0   0.0
11.850 1277.5  90  39  51   4.688  30.0  30.0
11.850 1280.0  90  39  51   4.688  30.0  30.0
11.850 1282.5  90  39  48   4.688  30.0  30.0
11.920   95.0  90  39  48  -7.813   0.0   0.0
12.445  110.0  90  36  45  -1.563 150.0  30.0
12.445  117.5  90  36  45 -10.938   0.0   0.0
12.445  180.0  90  36  45   4.688   0.0   0.0
12.900 1087.5  90  36  45   7.813 210.0  30.0
12.970 1197.5  90  36  45 -10.938 210.0  30.0
14.685 1277.5  90  30  39  10.938 330.0  30.0
14.685 1280.0  90  30  39  -4.688 330.0  30.0
14.860   80.0  90  30  39 -10.938 210.0  30.0

