2023.03.28 (087) 00:00:00.000
Station name: SOPRON
URSI code: SO148
Ionosonde model: DPS-4D
  Freq  Range Pol MPA Amp Doppler    Az    Zn  PGH
 0.500   92.5  90  39  48  10.938 210.0  30.0
 0.500  102.5  90  39  48  10.938 210.0  30.0
 0.500 1072.5  90  39  48  10.938 210.0  30.0
 0.500 1160.0  90  39  48  10.938 210.0  30.0
 0.500 1210.0  90  39  48  10.938 210.0  30.0
 0.600   97.5  90  54  63  10.938 210.0  30.0
 0.600 1100.0  90  54  63  10.938 270.0  30.0
 0.600 1117.5  90  54  63  10.938 270.0  30.0
 0.600 1122.5  90  54  63  10.938 210.0  30.0
 0.600 1155.0  90  54  63 -10.938 210.0  30.0
 0.600 1252.5 -90  57  66   7.813   0.0   0.0
 0.600 1270.0 -90  57  66  10.938   0.0   0.0
 0.600 1280.0 -90  57  66  10.938 270.0  30.0
 0.625  130.0 -90  54  63 -10.938 270.0  30.0
 0.700  105.0 -90  48  57   4.688 150.0  30.0
 0.700  155.0 -90  48  57  -4.688 150.0  30.0
 0.725 1265.0 -90  54  63 -10.938 150.0  30.0
 0.775 1267.5  90  51  60   1.563  90.0  30.0
 0.775 1270.0  90  51  60   1.563  90.0  30.0
 0.800  152.5 -90  51  60   1.563  90.0  30.0
 0.800 1272.5 -90  51  60   1.563 150.0  30.0
 0.875  362.5  90  60  69   7.813 210.0  30.0
 1.025  102.5  90  51  60 -10.938  30.0  30.0
 1.025  105.0  90  51  60 -10.938  30.0  30.0
 1.025  152.5  90  51  60 -10.938  30.0  30.0
 1.025  155.0  90  51  60  10.938  30.0  30.0
 1.025  225.0  90  51  60  -1.563  30.0  30.0
 1.025 1232.5  90  51  60  -7.813  30.0  30.0
 1.025 1235.0  90  51  60 -10.938  30.0  30.0
 1.025 1282.5  90  51  60 -10.938  30.0  30.0
 1.050 1160.0 -90  54  63  -7.813  30.0  30.0
 1.075  107.5  90  57  66  -4.688  90.0  30.0
 1.075  142.5  90  57  66   4.688  90.0  30.0
 1.075 1187.5  90  57  66   7.813  90.0  30.0
 1.075 1200.0  90  57  66  10.938  30.0  30.0
 1.075 1217.5  90  57  66  10.938  90.0  30.0
 1.075 1237.5  90  57  66   7.813  90.0  30.0
 1.075 1242.5  90  57  66  10.938  30.0  30.0
 1.075 1250.0  90  57  66  10.938  90.0  30.0
 1.075 1255.0  90  57  66  10.938  90.0  30.0
 1.075 1260.0  90  57  66  10.938  30.0  30.0
 1.075 1262.5  90  57  66 -10.938  90.0  30.0
 1.075 1267.5  90  57  66  10.938  90.0  30.0
 1.075 1275.0  90  57  66  -4.688  30.0  30.0
 1.100  172.5 -90  57  66   7.813  90.0  30.0
 1.100 1275.0 -90  57  66 -10.938  90.0  30.0
 1.250  862.5  90  48  57   4.688 270.0  30.0
 1.250  897.5  90  48  57   7.813 270.0  30.0
 1.275  190.0  90  51  60 -10.938 270.0  30.0
 1.275  195.0  90  51  60   7.813 270.0  30.0
 1.400  115.0  90  66  75  10.938 270.0  30.0
 1.400  302.5  90  66  75 -10.938 270.0  30.0
 1.400 1122.5  90  66  75  10.938 270.0  30.0
 1.400 1212.5  90  66  75  10.938 270.0  30.0
 1.400 1215.0  90  66  75  10.938 270.0  30.0
 1.400 1230.0  90  66  75 -10.938 270.0  30.0
 1.400 1245.0  90  66  75 -10.938 270.0  30.0
 1.400 1247.5  90  66  75 -10.938 270.0  30.0
 1.400 1262.5  90  66  75 -10.938 270.0  30.0
 1.450 1235.0 -90  57  66   4.688 270.0  30.0
 1.550  237.5 -90  57  66   4.688 270.0  30.0
 1.600  315.0 -90  57  66 -10.938 270.0  30.0
 1.675   85.0 -90  36  45   1.563 210.0  30.0
 1.800  232.5 -90  51  60  -7.813  30.0  30.0
 1.800  235.0 -90  51  60 -10.938  30.0  30.0
 1.800  237.5 -90  51  60 -10.938  30.0  30.0
 1.800  240.0 -90  51  60 -10.938  30.0  30.0
 1.800  242.5 -90  51  60 -10.938  30.0  30.0
 1.800  245.0 -90  51  60 -10.938  30.0  30.0
 1.800  247.5 -90  51  60  -7.813  30.0  30.0
 1.800 1247.5 -90  51  60   7.813  30.0  30.0
 1.800 1250.0 -90  51  60   7.813  30.0  30.0
 1.800 1252.5 -90  51  60   7.813  30.0  30.0
 1.800 1255.0 -90  51  60   7.813  30.0  30.0
 1.800 1265.0 -90  51  60   7.813  30.0  30.0
 1.850 1267.5  90  51  60   1.563  30.0  30.0
 1.850 1280.0  90  51  60   1.563  30.0  30.0
 1.900  297.5  90  42  51   7.813  30.0  30.0
 1.900  310.0  90  42  51   7.813  30.0  30.0
 1.900  312.5  90  42  51   7.813  30.0  30.0
 1.925  332.5 -90  36  48   1.563  90.0  30.0
 1.950  332.5  90  36  45  -1.563   0.0   0.0
 1.950   80.0 -90  33  42  -1.563 210.0  30.0
 1.950  330.0 -90  33  42  -1.563   0.0   0.0
 1.950  332.5 -90  33  48   1.563 150.0  30.0
 1.975  332.5 -90  33  48   1.563  90.0  30.0
 2.000  222.5  90  36  45   4.688 270.0  30.0
 2.000  332.5  90  36  45   1.563 270.0  30.0
 2.000 1280.0  90  36  45   1.563 210.0  30.0
 2.000 1282.5  90  36  45   4.688 210.0  30.0
 2.000   80.0 -90  39  51  -1.563 270.0  30.0
 2.000   85.0 -90  39  48  10.938 210.0  30.0
 2.000  710.0 -90  39  48  -4.688 270.0  30.0
 2.000  825.0 -90  39  48  -4.688 270.0  30.0
 2.000  890.0 -90  39  48 -10.938 270.0  30.0
 2.000  895.0 -90  39  48   4.688 270.0  30.0
 2.000  912.5 -90  39  48 -10.938 270.0  30.0
 2.000  985.0 -90  39  48  -7.813 270.0  30.0
 2.000 1005.0 -90  39  48  10.938 270.0  30.0
 2.000 1010.0 -90  39  48  -1.563 270.0  30.0
 2.025   80.0  90  36  45   4.688 210.0  30.0
 2.025  332.5 -90  33  45  -1.563 150.0  30.0
 2.025  335.0 -90  33  48  -1.563 150.0  30.0
 2.025  672.5 -90  33  42   1.563 150.0  30.0
 2.025  675.0 -90  33  42   1.563 150.0  30.0
 2.025  677.5 -90  33  42   1.563 150.0  30.0
 2.075   80.0 -90  33  48  -1.563 210.0  30.0
 2.075   82.5 -90  33  45   1.563 210.0  30.0
 2.075   85.0 -90  33  48  -1.563 210.0  30.0
 2.075   87.5 -90  33  45   1.563 210.0  30.0
 2.075  335.0 -90  33  42  -1.563 150.0  30.0
 2.075  337.5 -90  33  42  -1.563 150.0  30.0
 2.075 1235.0 -90  33  42  -7.813  90.0  30.0
 2.075 1250.0 -90  33  42 -10.938  90.0  30.0
 2.075 1252.5 -90  33  42  -7.813  90.0  30.0
 2.075 1255.0 -90  33  42  -7.813  90.0  30.0
 2.075 1257.5 -90  33  42 -10.938  90.0  30.0
 2.075 1262.5 -90  33  42 -10.938  90.0  30.0
 2.075 1265.0 -90  33  42  -7.813  90.0  30.0
 2.075 1267.5 -90  33  42  -4.688  90.0  30.0
 2.075 1270.0 -90  33  42  -1.563  90.0  30.0
 2.075 1272.5 -90  33  42  -7.813  90.0  30.0
 2.075 1275.0 -90  33  42 -10.938  90.0  30.0
 2.075 1280.0 -90  33  42  10.938  90.0  30.0
 2.075 1282.5 -90  33  42 -10.938  90.0  30.0
 2.100   80.0 -90  33  45   1.563 210.0  30.0
 2.100   85.0 -90  33  45   1.563 210.0  30.0
 2.100 1210.0 -90  33  42   4.688  30.0  30.0
 2.125   80.0 -90  36  48  10.938 210.0  30.0
 2.125   85.0 -90  36  45 -10.938 210.0  30.0
 2.150   80.0  90  36  48  -1.563 210.0  30.0
 2.150   85.0  90  36  48  -1.563 210.0  30.0
 2.150   85.0 -90  33  42 -10.938 210.0  30.0
 2.150  337.5 -90  33  42  -1.563 210.0  30.0
 2.150  340.0 -90  33  42   1.563 270.0  30.0
 2.150  682.5 -90  33  42   1.563 150.0  30.0
 2.175   80.0  90  36  48   1.563 210.0  30.0
 2.175   85.0  90  36  48  -1.563 210.0  30.0
 2.175  340.0 -90  36  45   1.563   0.0   0.0
 2.225   80.0  90  36  45  -4.688 210.0  30.0
 2.225   85.0  90  36  45  -1.563 210.0  30.0
 2.250   80.0 -90  33  48  -1.563 210.0  30.0
 2.250   85.0 -90  33  48  -1.563 210.0  30.0
 2.275   87.5  90  36  45  10.938 210.0  30.0
 2.275   82.5 -90  33  42  -7.813 210.0  30.0
 2.325   80.0 -90  36  45   1.563 210.0  30.0
 2.325   85.0 -90  36  45   1.563 210.0  30.0
 2.350   80.0 -90  39  48   1.563 210.0  30.0
 2.350   85.0 -90  39  48   1.563 210.0  30.0
 2.350  510.0 -90  39  51  -7.813 270.0  30.0
 2.350  542.5 -90  39  48  -4.688 270.0  30.0
 2.350  552.5 -90  39  48  -1.563 270.0  30.0
 2.350  555.0 -90  39  48   1.563 270.0  30.0
 2.350  577.5 -90  39  48  -7.813 270.0  30.0
 2.350  580.0 -90  39  51  10.938 270.0  30.0
 2.350  590.0 -90  39  48   7.813 270.0  30.0
 2.350  610.0 -90  39  51   7.813 270.0  30.0
 2.350  622.5 -90  39  48   4.688 270.0  30.0
 2.350  632.5 -90  39  48 -10.938 270.0  30.0
 2.350  635.0 -90  39  48  -7.813 270.0  30.0
 2.350  652.5 -90  39  48  10.938 270.0  30.0
 2.350  657.5 -90  39  48   7.813 270.0  30.0
 2.350  662.5 -90  39  48  -1.563 270.0  30.0
 2.350  665.0 -90  39  48  -7.813 270.0  30.0
 2.350  685.0 -90  39  48  -1.563 270.0  30.0
 2.350  690.0 -90  39  51 -10.938 270.0  30.0
 2.350  700.0 -90  39  48   4.688 270.0  30.0
 2.350  702.5 -90  39  48  -1.563 270.0  30.0
 2.350  707.5 -90  39  51   1.563 270.0  30.0
 2.350  710.0 -90  39  48   1.563 270.0  30.0
 2.350  712.5 -90  39  48   7.813 270.0  30.0
 2.350  717.5 -90  39  51  10.938 270.0  30.0
 2.350  722.5 -90  39  48  -7.813 270.0  30.0
 2.350  727.5 -90  39  48  -7.813 270.0  30.0
 2.350  730.0 -90  39  48   4.688 270.0  30.0
 2.350  732.5 -90  39  48   4.688 270.0  30.0
 2.350  740.0 -90  39  48   7.813 270.0  30.0
 2.350  747.5 -90  39  48   4.688 270.0  30.0
 2.350  750.0 -90  39  48 -10.938 270.0  30.0
 2.350  757.5 -90  39  48  -7.813 270.0  30.0
 2.350  760.0 -90  39  48   7.813 270.0  30.0
 2.350  762.5 -90  39  48   4.688 270.0  30.0
 2.350  767.5 -90  39  48   7.813 270.0  30.0
 2.350  772.5 -90  39  51 -10.938 270.0  30.0
 2.350  777.5 -90  39  48  -7.813 270.0  30.0
 2.350  780.0 -90  39  48   4.688 270.0  30.0
 2.350  790.0 -90  39  51 -10.938 270.0  30.0
 2.350  795.0 -90  39  48  -7.813 270.0  30.0
 2.350  797.5 -90  39  48  -1.563 270.0  30.0
 2.350  800.0 -90  39  48   7.813 270.0  30.0
 2.350  802.5 -90  39  48   1.563 270.0  30.0
 2.350  805.0 -90  39  51   7.813 270.0  30.0
 2.350  812.5 -90  39  48   7.813 270.0  30.0
 2.350  815.0 -90  39  48  10.938 270.0  30.0
 2.350  817.5 -90  39  48  -4.688 270.0  30.0
 2.350  820.0 -90  39  48  -4.688 270.0  30.0
 2.350  830.0 -90  39  51   7.813 270.0  30.0
 2.350  842.5 -90  39  48   7.813 270.0  30.0
 2.350  845.0 -90  39  48 -10.938 270.0  30.0
 2.350  850.0 -90  39  48  -4.688 270.0  30.0
 2.350  852.5 -90  39  48  -7.813 270.0  30.0
 2.350  855.0 -90  39  48  -7.813 270.0  30.0
 2.350  860.0 -90  39  48  10.938 270.0  30.0
 2.350  867.5 -90  39  48  -1.563 270.0  30.0
 2.350  870.0 -90  39  48  -1.563 270.0  30.0
 2.350  880.0 -90  39  51   1.563 270.0  30.0
 2.350  885.0 -90  39  51  -4.688 270.0  30.0
 2.350  887.5 -90  39  48  10.938 270.0  30.0
 2.350  890.0 -90  39  51 -10.938 270.0  30.0
 2.350  892.5 -90  39  48   7.813 270.0  30.0
 2.350  897.5 -90  39  51  -4.688 270.0  30.0
 2.350  900.0 -90  39  48  -7.813 270.0  30.0
 2.350  902.5 -90  39  51   4.688 270.0  30.0
 2.350  907.5 -90  39  48  -1.563 270.0  30.0
 2.350  912.5 -90  39  48   7.813 270.0  30.0
 2.350  915.0 -90  39  48   1.563 270.0  30.0
 2.350  925.0 -90  39  51  10.938 270.0  30.0
 2.350  942.5 -90  39  48 -10.938 270.0  30.0
 2.350  945.0 -90  39  48   4.688 270.0  30.0
 2.350  947.5 -90  39  48  -1.563 270.0  30.0
 2.350  955.0 -90  39  48   7.813 270.0  30.0
 2.350  957.5 -90  39  51  -4.688 270.0  30.0
 2.350  967.5 -90  39  51   7.813 270.0  30.0
 2.350  970.0 -90  39  51  -1.563 270.0  30.0
 2.350  972.5 -90  39  48  -7.813 270.0  30.0
 2.350  975.0 -90  39  48  10.938 270.0  30.0
 2.350  977.5 -90  39  51   4.688 270.0  30.0
 2.350  985.0 -90  39  51  10.938 270.0  30.0
 2.350  987.5 -90  39  48  -7.813 270.0  30.0
 2.350  992.5 -90  39  48  -7.813 270.0  30.0
 2.350  995.0 -90  39  51   1.563 270.0  30.0
 2.350  997.5 -90  39  51   4.688 270.0  30.0
 2.350 1012.5 -90  39  51  -7.813 270.0  30.0
 2.350 1020.0 -90  39  51  10.938 270.0  30.0
 2.350 1022.5 -90  39  48  -1.563 270.0  30.0
 2.350 1025.0 -90  39  48 -10.938 270.0  30.0
 2.350 1027.5 -90  39  48  -1.563 270.0  30.0
 2.350 1032.5 -90  39  51   1.563 270.0  30.0
 2.350 1037.5 -90  39  51   7.813 270.0  30.0
 2.350 1040.0 -90  39  48 -10.938 270.0  30.0
 2.350 1042.5 -90  39  51   1.563 270.0  30.0
 2.350 1050.0 -90  39  51  -1.563 270.0  30.0
 2.350 1052.5 -90  39  48  10.938 270.0  30.0
 2.350 1055.0 -90  39  48 -10.938 270.0  30.0
 2.350 1060.0 -90  39  48   7.813 270.0  30.0
 2.350 1077.5 -90  39  48  -1.563 270.0  30.0
 2.350 1087.5 -90  39  48   1.563 270.0  30.0
 2.350 1097.5 -90  39  51   4.688 270.0  30.0
 2.350 1100.0 -90  39  51   4.688 270.0  30.0
 2.350 1102.5 -90  39  48  -1.563 270.0  30.0
 2.350 1112.5 -90  39  51  -4.688 270.0  30.0
 2.350 1115.0 -90  39  48   7.813 270.0  30.0
 2.350 1122.5 -90  39  48   1.563 270.0  30.0
 2.350 1125.0 -90  39  48 -10.938 270.0  30.0
 2.350 1145.0 -90  39  48   4.688 270.0  30.0
 2.350 1155.0 -90  39  48   7.813 270.0  30.0
 2.350 1162.5 -90  39  48  -4.688 270.0  30.0
 2.350 1165.0 -90  39  48  -7.813 270.0  30.0
 2.350 1172.5 -90  39  48  -1.563 270.0  30.0
 2.350 1182.5 -90  39  51  -1.563 270.0  30.0
 2.350 1187.5 -90  39  48  -4.688 270.0  30.0
 2.350 1205.0 -90  39  54  10.938 270.0  30.0
 2.350 1212.5 -90  39  48  -4.688 270.0  30.0
 2.350 1235.0 -90  39  48  -1.563 270.0  30.0
 2.350 1240.0 -90  39  48  -1.563 270.0  30.0
 2.350 1250.0 -90  39  48   1.563 270.0  30.0
 2.350 1252.5 -90  39  48   4.688 270.0  30.0
 2.350 1282.5 -90  39  48  -7.813 270.0  30.0
 2.375  422.5 -90  57  66   7.813 270.0  30.0
 2.400   80.0  90  54  63  -1.563 270.0  30.0
 2.400  957.5 -90  54  63  -1.563 270.0  30.0
 2.400  982.5 -90  54  63  -1.563 270.0  30.0
 2.400  990.0 -90  54  63   1.563 270.0  30.0
 2.400 1007.5 -90  54  63  -1.563 270.0  30.0
 2.425 1035.0  90  54  63   7.813 210.0  30.0
 2.500  222.5 -90  54  63 -10.938 270.0  30.0
 2.500  302.5 -90  54  63   7.813 270.0  30.0
 2.500  390.0 -90  54  63  -4.688 270.0  30.0
 2.500  417.5 -90  54  63 -10.938 270.0  30.0
 2.500  707.5 -90  54  63   4.688 270.0  30.0
 2.500  735.0 -90  54  63   4.688 270.0  30.0
 2.500  892.5 -90  54  63   1.563 270.0  30.0
 2.500 1180.0 -90  54  63  -1.563 270.0  30.0
 2.525  702.5 -90  39  48  -1.563 270.0  30.0
 2.525  942.5 -90  39  48  10.938 270.0  30.0
 2.525  977.5 -90  39  48  10.938 270.0  30.0
 2.525  995.0 -90  39  48  -1.563 270.0  30.0
 2.525 1007.5 -90  39  48   1.563 270.0  30.0
 2.525 1022.5 -90  39  48  -1.563 270.0  30.0
 2.525 1027.5 -90  39  48  -4.688 270.0  30.0
 2.525 1035.0 -90  39  48  10.938 270.0  30.0
 2.525 1052.5 -90  39  51  -7.813 270.0  30.0
 2.525 1055.0 -90  39  48  -1.563 270.0  30.0
 2.525 1072.5 -90  39  48  10.938 270.0  30.0
 2.550  350.0 -90  36  51   1.563 330.0  30.0
 2.550  702.5 -90  36  45   1.563  90.0  30.0
 2.550  705.0 -90  36  45   1.563 150.0  30.0
 2.650 1065.0 -90  45  54   1.563  30.0  30.0
 2.725  177.5  90  48  57  10.938 270.0  30.0
 2.725  925.0  90  48  57  -7.813 210.0  30.0
 2.725  935.0  90  48  57  -4.688 210.0  30.0
 2.725  945.0  90  48  57  -4.688 210.0  30.0
 2.725  950.0  90  48  57  -7.813 210.0  30.0
 2.725  952.5  90  48  57  -4.688 210.0  30.0
 2.725  967.5  90  48  57  10.938 210.0  30.0
 2.725  987.5  90  48  60   4.688 210.0  30.0
 2.725 1000.0  90  48  57   4.688 210.0  30.0
 2.725 1007.5  90  48  57  -7.813 210.0  30.0
 2.725 1025.0  90  48  57 -10.938 270.0  30.0
 2.725 1030.0  90  48  57   4.688 210.0  30.0
 2.725 1032.5  90  48  57   4.688 210.0  30.0
 2.725 1047.5  90  48  57   1.563 210.0  30.0
 2.725 1050.0  90  48  57   7.813 210.0  30.0
 2.725 1052.5  90  48  57  -7.813 210.0  30.0
 2.725 1060.0  90  48  57   1.563 210.0  30.0
 2.725 1070.0  90  48  57  10.938 210.0  30.0
 2.725 1082.5  90  48  57   1.563 210.0  30.0
 2.725 1090.0  90  48  57  10.938 210.0  30.0
 2.725 1112.5  90  48  57   7.813 270.0  30.0
 2.725 1115.0  90  48  57   7.813 210.0  30.0
 2.725 1145.0  90  48  60  -7.813 210.0  30.0
 2.725 1192.5  90  48  57   7.813 210.0  30.0
 2.725 1195.0  90  48  57   4.688 210.0  30.0
 2.725 1207.5  90  48  57  -1.563 210.0  30.0
 2.725 1237.5  90  48  57   4.688 210.0  30.0
 2.725 1250.0  90  48  57   7.813 210.0  30.0
 2.725 1277.5  90  48  57   4.688 210.0  30.0
 2.725   80.0 -90  45  57  -7.813 270.0  30.0
 2.725   92.5 -90  45  54   1.563 270.0  30.0
 2.725   95.0 -90  45  54   7.813 270.0  30.0
 2.725   97.5 -90  45  54  -7.813 270.0  30.0
 2.725  105.0 -90  45  54   4.688 270.0  30.0
 2.725  112.5 -90  45  57  -7.813 270.0  30.0
 2.725  120.0 -90  45  54 -10.938 270.0  30.0
 2.725  122.5 -90  45  54   4.688 270.0  30.0
 2.725  127.5 -90  45  57  -4.688 270.0  30.0
 2.725  130.0 -90  45  54 -10.938 270.0  30.0
 2.725  135.0 -90  45  54  -1.563 270.0  30.0
 2.725  137.5 -90  45  54   7.813 270.0  30.0
 2.725  142.5 -90  45  57   7.813 270.0  30.0
 2.725  145.0 -90  45  54  10.938 270.0  30.0
 2.725  147.5 -90  45  54   1.563 270.0  30.0
 2.725  157.5 -90  45  54  -7.813 270.0  30.0
 2.725  172.5 -90  45  54   7.813 270.0  30.0
 2.725  175.0 -90  45  57  -4.688 270.0  30.0
 2.725  180.0 -90  45  54   4.688 270.0  30.0
 2.725  202.5 -90  45  54  10.938 210.0  30.0
 2.725  210.0 -90  45  54   1.563 270.0  30.0
 2.725  212.5 -90  45  54   4.688 270.0  30.0
 2.725  217.5 -90  45  54   1.563 270.0  30.0
 2.725  230.0 -90  45  54  -1.563 270.0  30.0
 2.725  237.5 -90  45  54  -7.813 210.0  30.0
 2.725  240.0 -90  45  54 -10.938 270.0  30.0
 2.725  250.0 -90  45  54  -4.688 270.0  30.0
 2.725  265.0 -90  45  54  10.938 270.0  30.0
 2.725  280.0 -90  45  54   7.813 270.0  30.0
 2.725  287.5 -90  45  54  -1.563 270.0  30.0
 2.725  292.5 -90  45  54   7.813 210.0  30.0
 2.725  332.5 -90  45  54  -4.688 270.0  30.0
 2.725  335.0 -90  45  54   4.688 210.0  30.0
 2.725  345.0 -90  45  57  10.938 270.0  30.0
 2.725  417.5 -90  45  54 -10.938 270.0  30.0
 2.725  485.0 -90  45  54  -1.563 270.0  30.0
 2.750   80.0 -90  36  48   1.563 210.0  30.0
 2.750   85.0 -90  36  48   1.563 210.0  30.0
 2.750  355.0 -90  36  45   1.563 330.0  30.0
 2.750  357.5 -90  36  45  -1.563 330.0  30.0
 2.775  357.5 -90  42  51   1.563 330.0  30.0
 2.850   80.0 -90  39  48 -10.938 210.0  30.0
 2.850   85.0 -90  39  48  10.938 210.0  30.0
 2.850   87.5 -90  39  48 -10.938 210.0  30.0
 2.850  360.0 -90  39  48   1.563 150.0  30.0
 2.900  195.0 -90  42  51  10.938 270.0  30.0
 2.900  207.5 -90  42  51  -7.813 270.0  30.0
 2.900  210.0 -90  42  51  -1.563 270.0  30.0
 2.900  230.0 -90  42  51   1.563 270.0  30.0
 2.925   80.0  90  36  45 -10.938 210.0  30.0
 2.925  362.5  90  36  45   1.563   0.0   0.0
 2.925   80.0 -90  33  48   1.563 210.0  30.0
 2.925   82.5 -90  33  45   1.563 210.0  30.0
 2.925   85.0 -90  33  48   1.563 210.0  30.0
 2.925   87.5 -90  33  45   1.563 210.0  30.0
 2.925  362.5 -90  33  45   1.563 150.0  30.0
 2.925  365.0 -90  33  42   1.563 330.0  30.0
 2.950   80.0  90  39  48  -1.563 210.0  30.0
 2.950   85.0  90  39  48  -1.563 210.0  30.0
 2.950  362.5  90  39  48   1.563 270.0  30.0
 2.950  365.0  90  39  48   1.563   0.0   0.0
 3.025  367.5  90  45  54  -1.563   0.0   0.0
 3.025 1242.5  90  45  54  -4.688  90.0  30.0
 3.050   80.0  90  39  48  10.938 330.0  30.0
 3.050   85.0  90  39  48  10.938 210.0  30.0
 3.050  367.5  90  39  51   1.563   0.0   0.0
 3.050  367.5 -90  36  45   1.563 330.0  30.0
 3.075  367.5  90  39  48   1.563   0.0   0.0
 3.150  160.0 -90  45  54   4.688 330.0  30.0
 3.200 1257.5  90  42  51  -4.688 270.0  30.0
 3.200 1282.5  90  42  51 -10.938 270.0  30.0
 3.225  372.5  90  42  51   1.563   0.0   0.0
 3.225  375.0  90  42  51   1.563   0.0   0.0
 3.225 1245.0  90  42  51   4.688  30.0  30.0
 3.250  375.0  90  45  54   1.563   0.0   0.0
 3.250  622.5 -90  39  48  -1.563  30.0  30.0
 3.275 1170.0 -90  42  51  -7.813  30.0  30.0
 3.425   80.0 -90  42  51  -7.813 210.0  30.0
 3.450  245.0  90  42  51   4.688 210.0  30.0
 3.450  385.0  90  42  51   1.563   0.0   0.0
 3.450  522.5  90  42  51 -10.938 210.0  30.0
 3.450  525.0  90  42  54   1.563 210.0  30.0
 3.450  527.5  90  42  54   1.563 210.0  30.0
 3.450  837.5  90  42  51   1.563 210.0  30.0
 3.450 1160.0  90  42  51   1.563   0.0   0.0
 3.450  952.5 -90  42  51  -4.688 270.0  30.0
 3.450  980.0 -90  42  51  -1.563 270.0  30.0
 3.475  385.0  90  39  48   1.563   0.0   0.0
 3.475  517.5  90  39  48 -10.938 210.0  30.0
 3.475  520.0  90  39  51   1.563 210.0  30.0
 3.475  522.5  90  39  54   1.563 210.0  30.0
 3.475  525.0  90  39  57 -10.938 210.0  30.0
 3.475  527.5  90  39  57 -10.938 210.0  30.0
 3.475  530.0  90  39  51 -10.938 210.0  30.0
 3.475  532.5  90  39  48   1.563 210.0  30.0
 3.475  547.5  90  39  48 -10.938 210.0  30.0
 3.475  550.0  90  39  48   1.563 210.0  30.0
 3.475  837.5  90  39  54   1.563 210.0  30.0
 3.475  840.0  90  39  48   1.563 210.0  30.0
 3.475  842.5  90  39  51   1.563 210.0  30.0
 3.475 1162.5  90  39  48   1.563   0.0   0.0
 3.475   85.0 -90  36  45  10.938 210.0  30.0
 3.475  517.5 -90  36  45   1.563 210.0  30.0
 3.475  520.0 -90  36  48 -10.938 210.0  30.0
 3.475  522.5 -90  36  54   1.563 210.0  30.0
 3.475  525.0 -90  36  48   1.563 210.0  30.0
 3.475  527.5 -90  36  45 -10.938 210.0  30.0
 3.475  817.5 -90  36  45 -10.938 210.0  30.0
 3.475  820.0 -90  36  45   1.563 210.0  30.0
 3.475  835.0 -90  36  45 -10.938 210.0  30.0
 3.500  385.0  90  42  51   1.563   0.0   0.0
 3.500  522.5  90  42  54   1.563 210.0  30.0
 3.500  525.0  90  42  51   1.563 210.0  30.0
 3.500  527.5  90  42  57   1.563 210.0  30.0
 3.500  837.5  90  42  54   1.563 210.0  30.0
 3.500  840.0  90  42  54   1.563 210.0  30.0
 3.500  847.5  90  42  51   1.563 210.0  30.0
 3.500 1167.5  90  42  51   1.563  30.0  30.0
 3.500  517.5 -90  39  51 -10.938 210.0  30.0
 3.500  520.0 -90  39  48 -10.938 210.0  30.0
 3.500  522.5 -90  39  57   1.563 210.0  30.0
 3.500  525.0 -90  39  51 -10.938 210.0  30.0
 3.500  527.5 -90  39  51 -10.938 210.0  30.0
 3.525  387.5  90  42  51   1.563   0.0   0.0
 3.525  507.5  90  42  51 -10.938 210.0  30.0
 3.525  510.0  90  42  51   1.563 210.0  30.0
 3.525  512.5  90  42  51   1.563 210.0  30.0
 3.525  517.5  90  42  51   1.563 210.0  30.0
 3.525  520.0  90  42  51  -1.563 210.0  30.0
 3.525  522.5  90  42  51   1.563 210.0  30.0
 3.525  530.0  90  42  51   1.563 210.0  30.0
 3.525  780.0  90  42  51   1.563   0.0   0.0
 3.525 1170.0  90  42  51   1.563   0.0   0.0
 3.550  510.0  90  45  54   1.563 210.0  30.0
 3.550  520.0  90  45  54   1.563 210.0  30.0
 3.550  522.5  90  45  54   1.563 210.0  30.0
 3.550  530.0  90  45  54 -10.938 210.0  30.0
 3.550  540.0  90  45  54 -10.938 210.0  30.0
 3.575 1147.5  90  51  60   4.688 270.0  30.0
 3.575 1197.5 -90  48  57   4.688 270.0  30.0
 3.675  395.0 -90  42  51   1.563 270.0  30.0
 3.700  395.0  90  45  57   1.563   0.0   0.0
 3.725  397.5  90  42  57   1.563   0.0   0.0
 3.725  375.0 -90  39  51  -1.563   0.0   0.0
 3.750  397.5  90  39  54   1.563   0.0   0.0
 3.750  400.0  90  39  51   1.563   0.0   0.0
 3.750  805.0  90  39  48   1.563   0.0   0.0
 3.750  807.5  90  39  48   1.563   0.0   0.0
 3.750  375.0 -90  36  51   1.563   0.0   0.0
 3.750  377.5 -90  36  45   1.563   0.0   0.0
 3.750  757.5 -90  36  45   1.563   0.0   0.0
 3.775  377.5 -90  42  54   1.563   0.0   0.0
 3.800 1272.5  90  51  60   1.563  90.0  30.0
 3.900  382.5 -90  42  54   1.563   0.0   0.0
 3.925  382.5  90  42  51   1.563 210.0  30.0
 3.925  382.5 -90  36  54   1.563   0.0   0.0
 3.925  385.0 -90  36  45  -1.563   0.0   0.0
 3.925  770.0 -90  36  45   1.563   0.0   0.0
 3.950  385.0  90  42  51   1.563 210.0  30.0
 3.950  382.5 -90  42  51   1.563   0.0   0.0
 3.950  385.0 -90  42  54   1.563   0.0   0.0
 4.100  475.0 -90  45  54  -4.688  30.0  30.0
 4.100  497.5 -90  45  54  -4.688  30.0  30.0
 4.200  395.0 -90  48  60   1.563   0.0   0.0
 4.250  397.5 -90  54  63   1.563   0.0   0.0
 4.275  397.5 -90  54  63   1.563   0.0   0.0
 4.425 1270.0  90  48  57  -4.688 330.0  30.0
 4.425 1280.0  90  48  57  -4.688 210.0  30.0
 4.450 1240.0 -90  48  57  -4.688  30.0  30.0
 4.450 1262.5 -90  48  57  -4.688 330.0  30.0
 4.450 1272.5 -90  48  57  -4.688  30.0  30.0
 4.450 1282.5 -90  48  57  -4.688  30.0  30.0
 4.500  410.0 -90  42  51   1.563   0.0   0.0
 4.625  490.0  90  51  60   1.563   0.0   0.0
 4.700  425.0  90  36  51   1.563  90.0  30.0
 4.700  427.5  90  36  45   1.563 150.0  30.0
 4.700  502.5  90  36  51   1.563   0.0   0.0
 4.700  505.0  90  36  51   1.563   0.0   0.0
 4.700  507.5  90  36  48   1.563   0.0   0.0
 4.700  510.0  90  36  48   1.563   0.0   0.0
 4.700  512.5  90  36  45   1.563   0.0   0.0
 4.700 1015.0  90  36  45   1.563   0.0   0.0
 4.700  422.5 -90  36  51   1.563   0.0   0.0
 4.700  425.0 -90  36  57   1.563   0.0   0.0
 4.700  427.5 -90  36  51   1.563   0.0   0.0
 4.700  855.0 -90  36  45   1.563   0.0   0.0
 4.700  857.5 -90  36  45   1.563   0.0   0.0
 4.725  425.0  90  39  48   1.563  90.0  30.0
 4.725  427.5  90  39  48   1.563  90.0  30.0
 4.725  512.5  90  39  48  -1.563   0.0   0.0
 4.725  515.0  90  39  48   1.563   0.0   0.0
 4.725  425.0 -90  36  57   1.563   0.0   0.0
 4.725  427.5 -90  36  57   1.563   0.0   0.0
 4.725  855.0 -90  36  45   1.563   0.0   0.0
 4.725  857.5 -90  36  45   1.563   0.0   0.0
 4.725  860.0 -90  36  45   1.563   0.0   0.0
 4.750  427.5 -90  42  57   1.563   0.0   0.0
 4.750  430.0 -90  42  57   1.563   0.0   0.0
 4.775  430.0  90  42  51   1.563  90.0  30.0
 4.775  427.5 -90  42  51   1.563   0.0   0.0
 4.775  430.0 -90  42  57   1.563   0.0   0.0
 4.775  437.5 -90  42  51  10.938 330.0  30.0
 4.775  460.0 -90  42  51   7.813 330.0  30.0
 4.775  477.5 -90  42  51 -10.938 330.0  30.0
 4.775 1170.0 -90  42  51   7.813 330.0  30.0
 4.775 1180.0 -90  42  51   7.813  90.0  30.0
 4.775 1182.5 -90  42  51   7.813 330.0  30.0
 4.775 1192.5 -90  42  51   7.813 330.0  30.0
 4.775 1202.5 -90  42  51   7.813 330.0  30.0
 4.775 1207.5 -90  42  51   7.813 330.0  30.0
 4.775 1212.5 -90  42  51   7.813 330.0  30.0
 4.800  432.5 -90  45  54   1.563   0.0   0.0
 4.850 1250.0 -90  51  60   1.563   0.0   0.0
 4.850 1255.0 -90  51  60   1.563   0.0   0.0
 4.850 1257.5 -90  51  60   1.563   0.0   0.0
 4.850 1260.0 -90  51  60   1.563 330.0  30.0
 4.875  437.5 -90  45  60   1.563   0.0   0.0
 4.900  440.0 -90  48  57   1.563   0.0   0.0
 4.900  442.5 -90  48  57   1.563   0.0   0.0
 4.975  447.5  90  45  54   1.563   0.0   0.0
 4.975  447.5 -90  48  60   1.563   0.0   0.0
 4.975  450.0 -90  48  57   1.563   0.0   0.0
 5.000  447.5 -90  42  51   1.563   0.0   0.0
 5.000  450.0 -90  42  60   1.563   0.0   0.0
 5.000  452.5 -90  42  54   1.563   0.0   0.0
 5.000  455.0 -90  42  54   1.563   0.0   0.0
 5.025  452.5 -90  45  57   1.563   0.0   0.0
 5.025  455.0 -90  45  57   1.563   0.0   0.0
 5.050  457.5 -90  48  57  -1.563   0.0   0.0
 5.075  457.5 -90  42  54   1.563   0.0   0.0
 5.075  460.0 -90  42  51   1.563   0.0   0.0
 5.100  460.0 -90  39  48   1.563   0.0   0.0
 5.100  462.5 -90  39  48  -1.563   0.0   0.0
 5.400  527.5 -90  48  57   1.563   0.0   0.0
 5.475  562.5 -90  39  48   1.563   0.0   0.0
 5.475  565.0 -90  39  48   1.563   0.0   0.0
 5.525  600.0 -90  42  51   1.563   0.0   0.0
 5.650 1085.0  90  36  45   4.688 270.0  30.0
 5.775 1127.5 -90  57  66  -7.813 150.0  30.0
 5.775 1132.5 -90  57  66  -7.813 150.0  30.0
 5.775 1135.0 -90  57  66  -7.813 150.0  30.0
 5.775 1137.5 -90  57  66  -7.813 150.0  30.0
 5.775 1140.0 -90  57  66  -7.813 150.0  30.0
 5.775 1142.5 -90  57  66  -7.813 150.0  30.0
 5.775 1145.0 -90  57  66  -7.813 150.0  30.0
 5.950  180.0 -90  48  57   7.813 270.0  30.0
 5.950  425.0 -90  48  57  -1.563 270.0  30.0
 6.075  135.0 -90  42  51 -10.938   0.0   0.0
 6.150 1162.5 -90  45  54  -4.688   0.0   0.0
 6.175   80.0  90  45  54   7.813   0.0   0.0
 6.175  102.5  90  45  54   7.813   0.0   0.0
 6.225 1147.5 -90  54  63   4.688 150.0  30.0
 6.225 1152.5 -90  54  63   4.688 150.0  30.0
 6.225 1155.0 -90  54  63   4.688 150.0  30.0
 6.225 1160.0 -90  54  63   4.688 150.0  30.0
 6.225 1167.5 -90  54  63   4.688 150.0  30.0
 6.225 1172.5 -90  54  63   4.688 150.0  30.0
 6.225 1177.5 -90  54  63   4.688 150.0  30.0
 6.525 1145.0  90  54  63   4.688   0.0   0.0
 6.525 1182.5  90  54  63  -4.688   0.0   0.0
 6.525 1197.5  90  54  63  -4.688   0.0   0.0
 6.525 1200.0  90  54  63  -4.688   0.0   0.0
 6.525  357.5 -90  60  69   4.688 210.0  30.0
 6.525  360.0 -90  60  69   7.813 210.0  30.0
 6.525  370.0 -90  60  69   4.688 210.0  30.0
 6.525  372.5 -90  60  69   7.813 210.0  30.0
 6.525  385.0 -90  60  69   4.688 210.0  30.0
 6.525  402.5 -90  60  69  -7.813 150.0  30.0
 6.525  405.0 -90  60  69  -4.688 150.0  30.0
 6.525  417.5 -90  60  69  -4.688 210.0  30.0
 6.525  420.0 -90  60  69  -4.688 150.0  30.0
 6.525  430.0 -90  60  69  -7.813 210.0  30.0
 6.525  432.5 -90  60  69  -4.688 210.0  30.0
 6.525  435.0 -90  60  69  -4.688 210.0  30.0
 6.525  437.5 -90  60  69  -4.688 210.0  30.0
 6.525  442.5 -90  60  69  -7.813 150.0  30.0
 6.525  445.0 -90  60  69  -4.688 150.0  30.0
 6.525  447.5 -90  60  69  -4.688 150.0  30.0
 6.575 1197.5 -90  39  48  -1.563 150.0  30.0
 6.800 1277.5 -90  42  51   7.813   0.0   0.0
 6.825 1055.0  90  45  54   7.813   0.0   0.0
 6.850  990.0 -90  36  45  -7.813   0.0   0.0
 6.925  290.0  90  33  42   7.813 210.0  30.0
 6.925  292.5  90  33  42   7.813 210.0  30.0
 6.925 1015.0  90  33  42 -10.938   0.0   0.0
 6.925 1017.5  90  33  42 -10.938   0.0   0.0
 6.925 1022.5  90  33  42 -10.938 210.0  30.0
 6.925 1035.0  90  33  42  -7.813 210.0  30.0
 6.925 1037.5  90  33  42  -7.813 210.0  30.0
 6.925 1040.0  90  33  42 -10.938 210.0  30.0
 6.925 1042.5  90  33  42 -10.938   0.0   0.0
 6.925 1045.0  90  33  42  10.938 210.0  30.0
 6.925 1047.5  90  33  42   7.813 210.0  30.0
 6.925 1050.0  90  33  42   7.813 150.0  30.0
 6.925 1052.5  90  33  42  10.938   0.0   0.0
 6.925 1055.0  90  33  42  10.938 210.0  30.0
 6.925 1057.5  90  33  42  10.938   0.0   0.0
 6.925 1060.0  90  33  42 -10.938 150.0  30.0
 6.925 1062.5  90  33  42 -10.938   0.0   0.0
 6.925 1065.0  90  33  42 -10.938 150.0  30.0
 6.925 1067.5  90  33  42  10.938   0.0   0.0
 6.925 1070.0  90  33  42 -10.938   0.0   0.0
 6.925 1072.5  90  33  42  -4.688 210.0  30.0
 6.925 1075.0  90  33  42  -7.813   0.0   0.0
 6.925 1080.0  90  33  42  -4.688 210.0  30.0
 6.925 1082.5  90  33  42  -7.813 210.0  30.0
 6.925 1085.0  90  33  42  -7.813 210.0  30.0
 6.925 1155.0  90  33  42   4.688 210.0  30.0
 6.925 1157.5  90  33  42   7.813 210.0  30.0
 6.925 1165.0  90  33  42   1.563 210.0  30.0
 6.925 1167.5  90  33  42   4.688   0.0   0.0
 6.925 1170.0  90  33  42   4.688   0.0   0.0
 6.925 1172.5  90  33  42   7.813 210.0  30.0
 6.925 1175.0  90  33  42   4.688   0.0   0.0
 6.925 1177.5  90  33  42   4.688 150.0  30.0
 6.925 1180.0  90  33  42   4.688   0.0   0.0
 6.925 1182.5  90  33  42   4.688   0.0   0.0
 6.925 1215.0  90  33  42  -4.688   0.0   0.0
 6.925  267.5 -90  33  42 -10.938 210.0  30.0
 6.925  295.0 -90  33  42   7.813 150.0  30.0
 6.925  297.5 -90  33  42  10.938 150.0  30.0
 6.925  300.0 -90  33  42  10.938 150.0  30.0
 6.925  302.5 -90  33  42  10.938 210.0  30.0
 6.925  305.0 -90  33  42  10.938 210.0  30.0
 6.925  307.5 -90  33  42   7.813 150.0  30.0
 6.925  312.5 -90  33  42   7.813 210.0  30.0
 6.925  322.5 -90  33  42 -10.938 210.0  30.0
 6.925  325.0 -90  33  42  -4.688 210.0  30.0
 6.925  327.5 -90  33  42  -4.688 150.0  30.0
 6.925  335.0 -90  33  42  -7.813 210.0  30.0
 6.925  337.5 -90  33  42  -7.813 210.0  30.0
 6.925  415.0 -90  33  42   1.563 150.0  30.0
 6.950  307.5  90  54  63  -7.813 210.0  30.0
 6.950  310.0  90  54  63  -7.813 210.0  30.0
 6.950  312.5  90  54  63  -4.688 210.0  30.0
 6.950  315.0  90  54  63  -4.688 210.0  30.0
 6.950  317.5  90  54  63  -4.688 210.0  30.0
 6.950  320.0  90  54  63  -4.688 210.0  30.0
 6.950  322.5  90  54  63  -4.688 210.0  30.0
 6.950  275.0 -90  39  48 -10.938 210.0  30.0
 6.950  277.5 -90  39  48 -10.938 210.0  30.0
 6.950  280.0 -90  39  48 -10.938 210.0  30.0
 6.950  282.5 -90  39  51 -10.938 210.0  30.0
 6.950  285.0 -90  39  51 -10.938 210.0  30.0
 6.950  287.5 -90  39  54 -10.938 210.0  30.0
 6.950  290.0 -90  39  54 -10.938 210.0  30.0
 6.950  292.5 -90  39  51   7.813 210.0  30.0
 6.950  295.0 -90  39  51  -4.688 210.0  30.0
 6.950  297.5 -90  39  54  -4.688 210.0  30.0
 6.950  300.0 -90  39  51 -10.938 210.0  30.0
 6.950  302.5 -90  39  51  -4.688 210.0  30.0
 6.950  305.0 -90  39  54 -10.938 210.0  30.0
 6.950  307.5 -90  39  54 -10.938 210.0  30.0
 6.950  310.0 -90  39  51  -1.563 210.0  30.0
 6.950  312.5 -90  39  54  -1.563 150.0  30.0
 6.950  315.0 -90  39  54  -1.563 210.0  30.0
 6.950  317.5 -90  39  54  -1.563 210.0  30.0
 6.950  320.0 -90  39  54  -1.563 210.0  30.0
 6.950  322.5 -90  39  51  -1.563 210.0  30.0
 6.950  325.0 -90  39  51 -10.938 210.0  30.0
 6.950  327.5 -90  39  51  -4.688 210.0  30.0
 6.950  330.0 -90  39  51 -10.938 210.0  30.0
 6.950  332.5 -90  39  48 -10.938 210.0  30.0
 6.950  335.0 -90  39  48 -10.938 210.0  30.0
 6.950  337.5 -90  39  48 -10.938 210.0  30.0
 6.950  340.0 -90  39  48 -10.938 210.0  30.0
 6.950  342.5 -90  39  48 -10.938 150.0  30.0
 6.950  345.0 -90  39  48 -10.938 210.0  30.0
 6.950  347.5 -90  39  48 -10.938 210.0  30.0
 6.950  350.0 -90  39  48 -10.938 210.0  30.0
 6.950  352.5 -90  39  48 -10.938 210.0  30.0
 6.950  355.0 -90  39  48 -10.938 210.0  30.0
 6.950  357.5 -90  39  48 -10.938 210.0  30.0
 6.950  377.5 -90  39  48   4.688 210.0  30.0
 6.950  392.5 -90  39  48  -1.563 210.0  30.0
 6.950  397.5 -90  39  48  -1.563 210.0  30.0
 6.950  400.0 -90  39  48   4.688 150.0  30.0
 6.950  402.5 -90  39  48   4.688 150.0  30.0
 6.950  405.0 -90  39  48   4.688 210.0  30.0
 6.950  407.5 -90  39  51   4.688 210.0  30.0
 6.950  410.0 -90  39  51   4.688 210.0  30.0
 6.950  412.5 -90  39  51   4.688 210.0  30.0
 6.950  415.0 -90  39  48  -1.563 150.0  30.0
 6.950  417.5 -90  39  51  -1.563 210.0  30.0
 6.950  420.0 -90  39  48  -1.563   0.0   0.0
 6.950  422.5 -90  39  48  -1.563 210.0  30.0
 6.950  425.0 -90  39  51  -1.563 210.0  30.0
 6.950  427.5 -90  39  51  -1.563 210.0  30.0
 6.950  430.0 -90  39  51   4.688 210.0  30.0
 6.950  432.5 -90  39  51   4.688 210.0  30.0
 6.950  435.0 -90  39  51   4.688 210.0  30.0
 6.950  437.5 -90  39  51  -1.563 210.0  30.0
 6.950  440.0 -90  39  51   4.688 210.0  30.0
 6.950  442.5 -90  39  51   4.688 210.0  30.0
 6.950  445.0 -90  39  51   4.688   0.0   0.0
 6.950  447.5 -90  39  51   4.688 150.0  30.0
 6.950  450.0 -90  39  51   4.688 150.0  30.0
 6.950  452.5 -90  39  51   4.688 150.0  30.0
 6.950  455.0 -90  39  54   4.688 210.0  30.0
 6.950  457.5 -90  39  51   4.688 210.0  30.0
 6.950  460.0 -90  39  51   4.688 210.0  30.0
 6.950  462.5 -90  39  51   4.688 210.0  30.0
 6.950  465.0 -90  39  51   4.688 210.0  30.0
 6.950  467.5 -90  39  51   4.688 210.0  30.0
 6.950  470.0 -90  39  51  -1.563 210.0  30.0
 6.950  472.5 -90  39  51   4.688 150.0  30.0
 6.950  475.0 -90  39  51  -1.563 210.0  30.0
 6.950  477.5 -90  39  51   4.688 210.0  30.0
 6.950  480.0 -90  39  51   4.688 210.0  30.0
 6.950  482.5 -90  39  51   4.688 210.0  30.0
 6.950  485.0 -90  39  51  -1.563 210.0  30.0
 6.950  487.5 -90  39  51  -1.563 210.0  30.0
 6.950  490.0 -90  39  51  -1.563 210.0  30.0
 6.950  492.5 -90  39  51  -1.563 210.0  30.0
 6.950  495.0 -90  39  51  -1.563 210.0  30.0
 6.950  497.5 -90  39  51  -7.813 210.0  30.0
 6.950  500.0 -90  39  51  -1.563 210.0  30.0
 6.950  502.5 -90  39  51  -1.563 210.0  30.0
 6.950  505.0 -90  39  51  -1.563 210.0  30.0
 6.950  507.5 -90  39  51  -1.563 210.0  30.0
 6.950  510.0 -90  39  51  -1.563 210.0  30.0
 6.950  512.5 -90  39  51  -1.563 210.0  30.0
 6.950  515.0 -90  39  48  -1.563 210.0  30.0
 6.950  517.5 -90  39  51  -1.563 210.0  30.0
 6.950  520.0 -90  39  48  -1.563   0.0   0.0
 6.950  522.5 -90  39  48  -1.563 210.0  30.0
 6.950  525.0 -90  39  48  -1.563 150.0  30.0
 6.950  527.5 -90  39  48 -10.938 210.0  30.0
 6.950  530.0 -90  39  48   7.813 210.0  30.0
 6.950  532.5 -90  39  48   7.813 210.0  30.0
 6.950  535.0 -90  39  48   4.688 210.0  30.0
 6.950  537.5 -90  39  48   4.688 210.0  30.0
 6.950  540.0 -90  39  48   7.813 150.0  30.0
 6.950  542.5 -90  39  48   7.813 210.0  30.0
 6.950  545.0 -90  39  48   7.813 210.0  30.0
 6.950  547.5 -90  39  51   7.813 210.0  30.0
 6.950  550.0 -90  39  48   7.813 210.0  30.0
 6.950  552.5 -90  39  48   7.813 150.0  30.0
 6.950  555.0 -90  39  51   7.813 210.0  30.0
 6.950  557.5 -90  39  48   7.813 210.0  30.0
 6.950  560.0 -90  39  48   7.813 210.0  30.0
 6.950  562.5 -90  39  48 -10.938 210.0  30.0
 6.950  565.0 -90  39  51 -10.938 210.0  30.0
 6.950  567.5 -90  39  48 -10.938 210.0  30.0
 6.950  570.0 -90  39  51   7.813 210.0  30.0
 6.950  572.5 -90  39  48   7.813 210.0  30.0
 6.950  575.0 -90  39  48 -10.938 150.0  30.0
 6.950  577.5 -90  39  48   1.563 150.0  30.0
 6.950  580.0 -90  39  48 -10.938 210.0  30.0
 6.950  582.5 -90  39  48   7.813 150.0  30.0
 6.950  585.0 -90  39  48 -10.938 210.0  30.0
 6.950  595.0 -90  39  48 -10.938   0.0   0.0
 6.950  597.5 -90  39  48 -10.938 210.0  30.0
 6.950  610.0 -90  39  48  -4.688 210.0  30.0
 6.950  617.5 -90  39  48   1.563 210.0  30.0
 6.950  620.0 -90  39  48  -7.813 210.0  30.0
 6.950  647.5 -90  39  48  -1.563 210.0  30.0
 6.950  650.0 -90  39  48  -1.563 210.0  30.0
 6.950  655.0 -90  39  48   4.688 210.0  30.0
 6.950  657.5 -90  39  48  -7.813 210.0  30.0
 6.950  660.0 -90  39  48   4.688 210.0  30.0
 6.950  662.5 -90  39  48  -1.563 150.0  30.0
 6.950  665.0 -90  39  48  -1.563 210.0  30.0
 6.950  667.5 -90  39  48  -1.563 210.0  30.0
 6.950  670.0 -90  39  48  -1.563 210.0  30.0
 6.950  672.5 -90  39  48   1.563 210.0  30.0
 6.950  675.0 -90  39  48   4.688 210.0  30.0
 6.950  677.5 -90  39  48  -7.813 210.0  30.0
 6.950  680.0 -90  39  48   4.688 210.0  30.0
 6.950  682.5 -90  39  48  -4.688 210.0  30.0
 6.950  685.0 -90  39  48  -1.563 210.0  30.0
 6.950  687.5 -90  39  48  -7.813 210.0  30.0
 6.950  690.0 -90  39  48  -7.813 210.0  30.0
 6.950  692.5 -90  39  48   4.688 210.0  30.0
 6.950  695.0 -90  39  48  -7.813   0.0   0.0
 6.950  697.5 -90  39  48  -1.563   0.0   0.0
 6.950  700.0 -90  39  48  -7.813 210.0  30.0
 6.950  702.5 -90  39  48  -1.563 210.0  30.0
 6.950  712.5 -90  39  48  -1.563 210.0  30.0
 6.950 1002.5 -90  39  48  10.938 210.0  30.0
 6.950 1005.0 -90  39  48  -7.813 210.0  30.0
 6.950 1007.5 -90  39  51  -7.813 210.0  30.0
 6.950 1010.0 -90  39  51 -10.938 210.0  30.0
 6.950 1012.5 -90  39  51 -10.938 210.0  30.0
 6.950 1015.0 -90  39  48 -10.938 210.0  30.0
 6.950 1017.5 -90  39  48 -10.938 210.0  30.0
 6.950 1020.0 -90  39  48 -10.938 210.0  30.0
 6.950 1022.5 -90  39  51 -10.938 210.0  30.0
 6.950 1025.0 -90  39  54 -10.938 210.0  30.0
 6.950 1027.5 -90  39  54 -10.938 150.0  30.0
 6.950 1030.0 -90  39  54 -10.938 210.0  30.0
 6.950 1032.5 -90  39  57 -10.938 210.0  30.0
 6.950 1035.0 -90  39  57 -10.938 210.0  30.0
 6.950 1037.5 -90  39  57 -10.938 210.0  30.0
 6.950 1040.0 -90  39  57 -10.938 210.0  30.0
 6.950 1042.5 -90  39  57 -10.938 210.0  30.0
 6.950 1045.0 -90  39  57 -10.938 210.0  30.0
 6.950 1047.5 -90  39  57  -7.813 210.0  30.0
 6.950 1050.0 -90  39  57  -7.813 210.0  30.0
 6.950 1052.5 -90  39  60  -7.813 210.0  30.0
 6.950 1055.0 -90  39  60  -7.813 210.0  30.0
 6.950 1057.5 -90  39  60  -7.813 210.0  30.0
 6.950 1060.0 -90  39  60  -7.813 210.0  30.0
 6.950 1062.5 -90  39  60  -4.688 210.0  30.0
 6.950 1065.0 -90  39  60  -4.688 210.0  30.0
 6.950 1067.5 -90  39  60  -4.688 210.0  30.0
 6.950 1070.0 -90  39  60  -4.688 210.0  30.0
 6.950 1072.5 -90  39  60  -7.813 210.0  30.0
 6.950 1075.0 -90  39  57  -7.813 210.0  30.0
 6.950 1077.5 -90  39  57  -7.813 210.0  30.0
 6.950 1080.0 -90  39  57  -7.813 210.0  30.0
 6.950 1082.5 -90  39  57  -7.813 210.0  30.0
 6.950 1085.0 -90  39  57  -7.813 210.0  30.0
 6.950 1087.5 -90  39  57  -7.813 210.0  30.0
 6.950 1090.0 -90  39  57  -7.813 210.0  30.0
 6.950 1092.5 -90  39  57 -10.938 210.0  30.0
 6.950 1095.0 -90  39  54  -7.813 210.0  30.0
 6.950 1097.5 -90  39  54 -10.938 210.0  30.0
 6.950 1100.0 -90  39  54 -10.938 210.0  30.0
 6.950 1102.5 -90  39  54 -10.938 210.0  30.0
 6.950 1105.0 -90  39  54 -10.938 210.0  30.0
 6.950 1107.5 -90  39  54 -10.938 210.0  30.0
 6.950 1110.0 -90  39  54  -7.813 210.0  30.0
 6.950 1112.5 -90  39  54  10.938 210.0  30.0
 6.950 1115.0 -90  39  54 -10.938 210.0  30.0
 6.950 1117.5 -90  39  54  10.938 210.0  30.0
 6.950 1120.0 -90  39  54  10.938 210.0  30.0
 6.950 1122.5 -90  39  51   7.813 210.0  30.0
 6.950 1125.0 -90  39  51   4.688 210.0  30.0
 6.950 1127.5 -90  39  54   4.688 210.0  30.0
 6.950 1130.0 -90  39  54   4.688 210.0  30.0
 6.950 1132.5 -90  39  54   4.688 210.0  30.0
 6.950 1135.0 -90  39  54   4.688 210.0  30.0
 6.950 1137.5 -90  39  54   4.688 210.0  30.0
 6.950 1140.0 -90  39  54   4.688 210.0  30.0
 6.950 1142.5 -90  39  54   4.688 210.0  30.0
 6.950 1145.0 -90  39  54   4.688 210.0  30.0
 6.950 1147.5 -90  39  54   4.688 210.0  30.0
 6.950 1150.0 -90  39  54   4.688 210.0  30.0
 6.950 1152.5 -90  39  54   1.563 210.0  30.0
 6.950 1155.0 -90  39  54   1.563 210.0  30.0
 6.950 1157.5 -90  39  54   4.688 210.0  30.0
 6.950 1160.0 -90  39  54   4.688 210.0  30.0
 6.950 1162.5 -90  39  54   1.563 210.0  30.0
 6.950 1165.0 -90  39  54   1.563 210.0  30.0
 6.950 1167.5 -90  39  54   1.563 210.0  30.0
 6.950 1170.0 -90  39  54   1.563 210.0  30.0
 6.950 1172.5 -90  39  57   1.563 210.0  30.0
 6.950 1175.0 -90  39  57   1.563 210.0  30.0
 6.950 1177.5 -90  39  57   1.563 210.0  30.0
 6.950 1180.0 -90  39  57   1.563 210.0  30.0
 6.950 1182.5 -90  39  57   1.563 210.0  30.0
 6.950 1185.0 -90  39  57   1.563 210.0  30.0
 6.950 1187.5 -90  39  57   1.563 210.0  30.0
 6.950 1190.0 -90  39  57   1.563 210.0  30.0
 6.950 1192.5 -90  39  57   4.688 210.0  30.0
 6.950 1195.0 -90  39  57   4.688 210.0  30.0
 6.950 1197.5 -90  39  57   4.688 210.0  30.0
 6.950 1200.0 -90  39  57   4.688 210.0  30.0
 6.950 1202.5 -90  39  57   4.688 210.0  30.0
 6.950 1205.0 -90  39  57   4.688 210.0  30.0
 6.950 1207.5 -90  39  57   4.688 210.0  30.0
 6.950 1210.0 -90  39  57   4.688 210.0  30.0
 6.950 1212.5 -90  39  57   4.688 210.0  30.0
 6.950 1215.0 -90  39  57   4.688 210.0  30.0
 6.950 1217.5 -90  39  57   4.688 210.0  30.0
 6.950 1220.0 -90  39  57   1.563 210.0  30.0
 6.950 1222.5 -90  39  57   1.563 210.0  30.0
 6.950 1225.0 -90  39  57   1.563 210.0  30.0
 6.950 1227.5 -90  39  57  -1.563 210.0  30.0
 6.950 1230.0 -90  39  57   1.563 210.0  30.0
 6.950 1232.5 -90  39  57  -1.563 210.0  30.0
 6.950 1235.0 -90  39  57  -1.563 210.0  30.0
 6.950 1237.5 -90  39  57  -1.563 210.0  30.0
 6.950 1240.0 -90  39  57  -1.563 210.0  30.0
 6.950 1242.5 -90  39  57  -1.563 210.0  30.0
 6.950 1245.0 -90  39  57  -1.563 210.0  30.0
 6.950 1247.5 -90  39  57  -1.563 210.0  30.0
 6.950 1250.0 -90  39  57  -4.688 210.0  30.0
 6.950 1252.5 -90  39  57  -1.563 210.0  30.0
 6.950 1255.0 -90  39  57  -1.563 210.0  30.0
 6.950 1257.5 -90  39  57  -1.563 210.0  30.0
 6.950 1260.0 -90  39  57  -1.563 210.0  30.0
 6.950 1262.5 -90  39  57  -1.563 210.0  30.0
 6.950 1265.0 -90  39  57  -1.563 210.0  30.0
 6.950 1267.5 -90  39  57  -1.563 210.0  30.0
 6.950 1270.0 -90  39  57  -1.563 210.0  30.0
 6.950 1272.5 -90  39  57   1.563 210.0  30.0
 6.950 1275.0 -90  39  54   1.563 210.0  30.0
 6.950 1277.5 -90  39  54   4.688 210.0  30.0
 6.950 1280.0 -90  39  57   7.813 210.0  30.0
 6.950 1282.5 -90  39  54   7.813 210.0  30.0
 6.975 1077.5  90  60  69  -4.688 210.0  30.0
 6.975 1080.0  90  60  69  -4.688 210.0  30.0
 6.975 1082.5  90  60  69  -1.563 210.0  30.0
 6.975 1085.0  90  60  69  -1.563 210.0  30.0
 6.975 1087.5  90  60  69  -1.563 210.0  30.0
 6.975 1090.0  90  60  69  -4.688 210.0  30.0
 6.975 1092.5  90  60  69  -4.688 210.0  30.0
 6.975 1120.0  90  60  69   7.813 210.0  30.0
 6.975 1122.5  90  60  69   7.813 210.0  30.0
 6.975 1125.0  90  60  69   7.813 210.0  30.0
 6.975 1127.5  90  60  69   7.813 210.0  30.0
 6.975 1130.0  90  60  69   7.813 210.0  30.0
 6.975 1132.5  90  60  69   7.813 210.0  30.0
 6.975 1272.5  90  60  69  -4.688 210.0  30.0
 6.975 1275.0  90  60  69  -4.688 210.0  30.0
 6.975 1277.5  90  60  69  -4.688 210.0  30.0
 6.975 1280.0  90  60  69  -4.688 210.0  30.0
 6.975 1282.5  90  60  69  -4.688 210.0  30.0
 7.225   92.5 -90  48  57  -7.813 210.0  30.0
 7.225   97.5 -90  48  57  -7.813  30.0  30.0
 7.325  297.5  90  51  60 -10.938  30.0  30.0
 7.325  300.0  90  51  60 -10.938  30.0  30.0
 7.325  360.0  90  51  60 -10.938  30.0  30.0
 7.350 1270.0  90  54  63 -10.938  30.0  30.0
 7.350 1272.5  90  54  63 -10.938  30.0  30.0
 7.375  247.5  90  57  66 -10.938  30.0  30.0
 7.525  115.0  90  48  57  -4.688   0.0   0.0
 7.525  120.0  90  48  57  -4.688 270.0  30.0
 7.525  125.0  90  48  57  -4.688 270.0  30.0
 7.525  127.5  90  48  57  -4.688 270.0  30.0
 7.625 1100.0  90  42  51 -10.938 210.0  30.0
 7.625 1102.5  90  42  51 -10.938 210.0  30.0
 7.625 1105.0  90  42  51 -10.938 210.0  30.0
 7.625 1112.5  90  42  51 -10.938 150.0  30.0
 7.625 1125.0  90  42  51 -10.938  90.0  30.0
 7.625 1140.0  90  42  51 -10.938 210.0  30.0
 7.625 1150.0  90  42  51 -10.938 210.0  30.0
 7.625 1165.0  90  42  51 -10.938 210.0  30.0
 7.625 1237.5  90  42  51 -10.938  90.0  30.0
 7.625 1240.0  90  42  51 -10.938 210.0  30.0
 7.625 1250.0  90  42  51 -10.938 210.0  30.0
 7.625 1252.5  90  42  51 -10.938 210.0  30.0
 7.625 1255.0  90  42  51 -10.938 150.0  30.0
 7.625 1257.5  90  42  51 -10.938 150.0  30.0
 7.625 1260.0  90  42  51 -10.938 210.0  30.0
 7.625 1262.5  90  42  51 -10.938 210.0  30.0
 7.625 1265.0  90  42  51 -10.938 210.0  30.0
 7.625 1270.0  90  42  51 -10.938 150.0  30.0
 7.625 1282.5  90  42  51 -10.938  90.0  30.0
 7.650   80.0  90  39  51 -10.938 150.0  30.0
 7.650   82.5  90  39  51 -10.938 210.0  30.0
 7.650   85.0  90  39  51 -10.938 210.0  30.0
 7.650   87.5  90  39  51 -10.938 210.0  30.0
 7.650   90.0  90  39  48 -10.938 210.0  30.0
 7.650   92.5  90  39  48 -10.938 210.0  30.0
 7.650   95.0  90  39  48 -10.938 210.0  30.0
 7.650   97.5  90  39  48 -10.938 210.0  30.0
 7.650  100.0  90  39  48 -10.938 210.0  30.0
 7.650  102.5  90  39  48 -10.938 210.0  30.0
 7.650  105.0  90  39  48 -10.938 210.0  30.0
 7.650  107.5  90  39  48 -10.938 210.0  30.0
 7.650  110.0  90  39  48 -10.938 150.0  30.0
 7.650  112.5  90  39  48 -10.938 210.0  30.0
 7.650  115.0  90  39  48 -10.938 210.0  30.0
 7.650  125.0  90  39  48 -10.938 210.0  30.0
 7.650  127.5  90  39  48 -10.938 210.0  30.0
 7.650  217.5  90  39  48 -10.938 210.0  30.0
 7.650  220.0  90  39  48 -10.938 210.0  30.0
 7.650  222.5  90  39  48 -10.938 210.0  30.0
 7.650  225.0  90  39  48 -10.938 210.0  30.0
 7.650  227.5  90  39  48 -10.938 210.0  30.0
 7.650  230.0  90  39  48 -10.938 210.0  30.0
 7.650  232.5  90  39  48 -10.938 210.0  30.0
 7.650  235.0  90  39  48 -10.938 210.0  30.0
 7.650  237.5  90  39  48 -10.938 210.0  30.0
 7.650  240.0  90  39  48 -10.938 210.0  30.0
 7.650  242.5  90  39  48 -10.938 210.0  30.0
 7.650  245.0  90  39  48 -10.938 210.0  30.0
 7.650  247.5  90  39  48 -10.938 210.0  30.0
 7.650  250.0  90  39  48 -10.938 210.0  30.0
 7.650  257.5  90  39  48 -10.938 210.0  30.0
 7.650  260.0  90  39  48 -10.938 210.0  30.0
 7.650  262.5  90  39  48 -10.938 210.0  30.0
 7.650  265.0  90  39  48 -10.938 210.0  30.0
 7.650  267.5  90  39  48 -10.938 210.0  30.0
 7.650  270.0  90  39  48 -10.938 210.0  30.0
 7.650  275.0  90  39  48 -10.938 210.0  30.0
 7.650  277.5  90  39  48 -10.938 210.0  30.0
 7.650  280.0  90  39  48 -10.938 210.0  30.0
 7.650  282.5  90  39  48 -10.938 210.0  30.0
 7.650  285.0  90  39  48 -10.938 210.0  30.0
 7.650  287.5  90  39  48 -10.938 210.0  30.0
 7.650  290.0  90  39  48 -10.938 210.0  30.0
 7.650  292.5  90  39  48 -10.938 210.0  30.0
 7.650  295.0  90  39  48 -10.938 210.0  30.0
 7.650 1155.0  90  39  48  10.938 210.0  30.0
 7.650 1157.5  90  39  48  10.938 210.0  30.0
 7.650 1160.0  90  39  48  10.938 210.0  30.0
 7.650 1162.5  90  39  48  10.938 210.0  30.0
 7.650 1165.0  90  39  48  10.938 210.0  30.0
 7.650 1167.5  90  39  48  10.938 210.0  30.0
 7.650 1170.0  90  39  48  10.938 210.0  30.0
 7.650 1172.5  90  39  48  10.938 210.0  30.0
 7.650 1175.0  90  39  48  10.938 210.0  30.0
 7.650 1177.5  90  39  51  10.938 210.0  30.0
 7.650 1180.0  90  39  51  10.938 210.0  30.0
 7.650 1182.5  90  39  51  10.938 210.0  30.0
 7.650 1185.0  90  39  51  10.938 210.0  30.0
 7.650 1187.5  90  39  51  10.938 210.0  30.0
 7.650 1190.0  90  39  51  10.938 210.0  30.0
 7.650 1192.5  90  39  51  10.938 210.0  30.0
 7.650 1195.0  90  39  51  10.938 210.0  30.0
 7.650 1197.5  90  39  51  10.938 210.0  30.0
 7.650 1200.0  90  39  51  10.938 210.0  30.0
 7.650 1202.5  90  39  54  10.938 210.0  30.0
 7.650 1205.0  90  39  54  10.938 210.0  30.0
 7.650 1207.5  90  39  54  10.938 210.0  30.0
 7.650 1210.0  90  39  54  10.938 210.0  30.0
 7.650 1212.5  90  39  54  10.938 210.0  30.0
 7.650 1215.0  90  39  54  10.938 210.0  30.0
 7.650 1217.5  90  39  54  10.938 210.0  30.0
 7.650 1220.0  90  39  54  10.938 210.0  30.0
 7.650 1222.5  90  39  54  10.938 210.0  30.0
 7.650 1225.0  90  39  54  10.938 210.0  30.0
 7.650 1227.5  90  39  54  10.938 210.0  30.0
 7.650 1230.0  90  39  54  10.938 210.0  30.0
 7.650 1232.5  90  39  54  10.938 210.0  30.0
 7.650 1235.0  90  39  54  10.938 210.0  30.0
 7.650 1237.5  90  39  54  10.938 210.0  30.0
 7.650 1240.0  90  39  54  10.938 210.0  30.0
 7.650 1242.5  90  39  54  10.938 210.0  30.0
 7.650 1245.0  90  39  54  10.938 210.0  30.0
 7.650 1247.5  90  39  54  10.938 210.0  30.0
 7.650 1250.0  90  39  54 -10.938 210.0  30.0
 7.650 1252.5  90  39  54 -10.938 210.0  30.0
 7.650 1255.0  90  39  54 -10.938 210.0  30.0
 7.650 1257.5  90  39  54 -10.938 210.0  30.0
 7.650 1260.0  90  39  51 -10.938 210.0  30.0
 7.650 1262.5  90  39  51 -10.938 210.0  30.0
 7.650 1265.0  90  39  51 -10.938 210.0  30.0
 7.650 1267.5  90  39  51 -10.938 210.0  30.0
 7.650 1270.0  90  39  51 -10.938 210.0  30.0
 7.650 1272.5  90  39  51 -10.938 210.0  30.0
 7.650 1275.0  90  39  51 -10.938 210.0  30.0
 7.650 1277.5  90  39  51 -10.938 210.0  30.0
 7.650 1280.0  90  39  51 -10.938 210.0  30.0
 7.650 1282.5  90  39  51 -10.938 210.0  30.0
 7.650 1217.5 -90  36  45  10.938 150.0  30.0
 7.650 1222.5 -90  36  45 -10.938 270.0  30.0
 7.650 1225.0 -90  36  45 -10.938 270.0  30.0
 7.650 1227.5 -90  36  45 -10.938 150.0  30.0
 7.650 1230.0 -90  36  45 -10.938 210.0  30.0
 7.650 1232.5 -90  36  45 -10.938 210.0  30.0
 7.650 1235.0 -90  36  45 -10.938 210.0  30.0
 7.650 1237.5 -90  36  45 -10.938   0.0   0.0
 7.650 1240.0 -90  36  45 -10.938   0.0   0.0
 7.650 1242.5 -90  36  45 -10.938 150.0  30.0
 7.650 1245.0 -90  36  45 -10.938 210.0  30.0
 7.650 1247.5 -90  36  45 -10.938 210.0  30.0
 7.650 1250.0 -90  36  45 -10.938 150.0  30.0
 7.650 1252.5 -90  36  45 -10.938 150.0  30.0
 7.650 1255.0 -90  36  45 -10.938 150.0  30.0
 7.650 1257.5 -90  36  45 -10.938 150.0  30.0
 7.650 1260.0 -90  36  45 -10.938 150.0  30.0
 7.650 1262.5 -90  36  45 -10.938 150.0  30.0
 7.650 1265.0 -90  36  45 -10.938 270.0  30.0
 7.650 1270.0 -90  36  45 -10.938 210.0  30.0
 7.650 1272.5 -90  36  45 -10.938 210.0  30.0
 7.650 1275.0 -90  36  45 -10.938 210.0  30.0
 7.650 1280.0 -90  36  45 -10.938   0.0   0.0
 7.650 1282.5 -90  36  45 -10.938   0.0   0.0
 7.675  782.5 -90  39  48 -10.938 210.0  30.0
 7.675  785.0 -90  39  48 -10.938 210.0  30.0
 7.675  787.5 -90  39  48 -10.938 210.0  30.0
 7.675  790.0 -90  39  48 -10.938 210.0  30.0
 7.675  792.5 -90  39  48 -10.938 210.0  30.0
 7.675  832.5 -90  39  48   4.688 210.0  30.0
 7.675  835.0 -90  39  48   1.563 210.0  30.0
 7.675  837.5 -90  39  48   4.688 210.0  30.0
 7.675  840.0 -90  39  48   4.688 210.0  30.0
 7.675  842.5 -90  39  48   4.688 210.0  30.0
 7.675  845.0 -90  39  48   1.563 210.0  30.0
 7.675  847.5 -90  39  48   1.563 210.0  30.0
 7.675  850.0 -90  39  48   1.563 210.0  30.0
 7.675  852.5 -90  39  51  -1.563 210.0  30.0
 7.675  855.0 -90  39  48  -1.563 210.0  30.0
 7.675  857.5 -90  39  48  -1.563 210.0  30.0
 7.675  860.0 -90  39  48  -1.563 210.0  30.0
 7.675  862.5 -90  39  48  -4.688 210.0  30.0
 7.675  865.0 -90  39  51  -1.563 210.0  30.0
 7.675  867.5 -90  39  51  -1.563 210.0  30.0
 7.675  870.0 -90  39  51  -1.563 210.0  30.0
 7.675  872.5 -90  39  51  -1.563 210.0  30.0
 7.675  875.0 -90  39  51  -1.563 210.0  30.0
 7.675  877.5 -90  39  48  -1.563 210.0  30.0
 7.675  880.0 -90  39  48  -4.688 210.0  30.0
 7.675  882.5 -90  39  48  -7.813 210.0  30.0
 7.675  885.0 -90  39  51  -4.688 210.0  30.0
 7.675  887.5 -90  39  51  -1.563 210.0  30.0
 7.675  890.0 -90  39  51  -1.563 210.0  30.0
 7.675  892.5 -90  39  51  -1.563 210.0  30.0
 7.675  895.0 -90  39  51  -1.563 210.0  30.0
 7.675  897.5 -90  39  48  -4.688 210.0  30.0
 7.675  900.0 -90  39  48  -7.813 210.0  30.0
 7.675  902.5 -90  39  48  -4.688 210.0  30.0
 7.675  905.0 -90  39  48  -4.688 210.0  30.0
 7.675  907.5 -90  39  48  -4.688 210.0  30.0
 7.675  910.0 -90  39  48  -4.688 210.0  30.0
 7.675  912.5 -90  39  48  -7.813 210.0  30.0
 7.675  915.0 -90  39  48 -10.938 210.0  30.0
 7.675  917.5 -90  39  48  -7.813 210.0  30.0
 7.675  922.5 -90  39  48  -7.813 210.0  30.0
 7.675  925.0 -90  39  48  10.938 210.0  30.0
 7.675  927.5 -90  39  48 -10.938 210.0  30.0
 7.675  930.0 -90  39  48 -10.938 210.0  30.0
 7.675  932.5 -90  39  48 -10.938 210.0  30.0
 7.675  940.0 -90  39  48   7.813 210.0  30.0
 7.675  942.5 -90  39  48  10.938 210.0  30.0
 7.675  945.0 -90  39  48 -10.938 210.0  30.0
 7.675  947.5 -90  39  48 -10.938 210.0  30.0
 7.675  950.0 -90  39  48  10.938 210.0  30.0
 7.675  952.5 -90  39  48  10.938 210.0  30.0
 7.675  955.0 -90  39  48   7.813 210.0  30.0
 7.675  957.5 -90  39  48 -10.938 210.0  30.0
 7.675  960.0 -90  39  48 -10.938 210.0  30.0
 7.675  962.5 -90  39  48  -7.813 210.0  30.0
 7.675  965.0 -90  39  48 -10.938 210.0  30.0
 7.675  967.5 -90  39  48 -10.938 210.0  30.0
 7.675  975.0 -90  39  48 -10.938 210.0  30.0
 7.675  977.5 -90  39  48  -7.813 210.0  30.0
 7.675  980.0 -90  39  48 -10.938 210.0  30.0
 7.675  982.5 -90  39  48 -10.938 210.0  30.0
 7.675  985.0 -90  39  48 -10.938 210.0  30.0
 7.750  457.5  90  48  57  -4.688 210.0  30.0
 7.750  460.0  90  48  57  -4.688 210.0  30.0
 7.750  465.0  90  48  57  -4.688 210.0  30.0
 7.750  467.5  90  48  57  -4.688 210.0  30.0
 7.775  457.5 -90  36  45  -1.563 210.0  30.0
 7.775  460.0 -90  36  45  -4.688 210.0  30.0
 7.775  465.0 -90  36  45  -1.563 210.0  30.0
 7.775  467.5 -90  36  45  -4.688 210.0  30.0
 7.775  470.0 -90  36  45  -4.688 210.0  30.0
 7.775  472.5 -90  36  45  -1.563 210.0  30.0
 7.775  475.0 -90  36  45  -4.688 210.0  30.0
 7.775  477.5 -90  36  45  -4.688 210.0  30.0
 7.775  480.0 -90  36  45  -4.688 210.0  30.0
 7.775  482.5 -90  36  45  -4.688 210.0  30.0
 7.775  485.0 -90  36  45  -4.688 210.0  30.0
 7.775  487.5 -90  36  45  -4.688 210.0  30.0
 7.775  497.5 -90  36  45   1.563 210.0  30.0
 7.950  187.5 -90  33  42  -7.813 150.0  30.0
 8.500 1162.5 -90  45  54  -4.688  90.0  30.0
 8.500 1165.0 -90  45  54  -4.688  90.0  30.0
 8.500 1167.5 -90  45  54  -4.688  90.0  30.0
 8.500 1170.0 -90  45  54  -4.688   0.0   0.0
 8.500 1172.5 -90  45  54  -4.688  90.0  30.0
 8.500 1175.0 -90  45  54  -4.688  90.0  30.0
 8.500 1177.5 -90  45  54  -4.688   0.0   0.0
 8.500 1182.5 -90  45  54  -4.688 270.0  30.0
 8.500 1185.0 -90  45  54  -4.688  90.0  30.0
 8.500 1187.5 -90  45  54  -4.688 270.0  30.0
 8.500 1190.0 -90  45  54  -4.688  90.0  30.0
 8.500 1192.5 -90  45  54  -4.688  90.0  30.0
 8.500 1195.0 -90  45  54  -4.688 270.0  30.0
 8.500 1197.5 -90  45  54  -4.688  90.0  30.0
 8.500 1200.0 -90  45  54  -1.563  90.0  30.0
 8.500 1202.5 -90  45  54  -4.688  90.0  30.0
 8.500 1205.0 -90  45  54  -1.563  90.0  30.0
 8.500 1207.5 -90  45  54  -4.688  90.0  30.0
 8.500 1210.0 -90  45  54  -4.688  90.0  30.0
 8.500 1212.5 -90  45  54  -1.563 270.0  30.0
 8.500 1215.0 -90  45  54  -4.688  90.0  30.0
 8.500 1217.5 -90  45  54  -1.563  90.0  30.0
 8.500 1220.0 -90  45  54  -4.688  90.0  30.0
 8.500 1222.5 -90  45  54  -4.688  90.0  30.0
 8.500 1225.0 -90  45  54  -4.688  90.0  30.0
 8.500 1227.5 -90  45  57  -4.688  90.0  30.0
 8.500 1230.0 -90  45  54  -1.563  90.0  30.0
 8.500 1232.5 -90  45  54  -4.688  90.0  30.0
 8.500 1235.0 -90  45  54  -4.688  90.0  30.0
 8.500 1237.5 -90  45  57  -4.688  90.0  30.0
 8.500 1240.0 -90  45  57  -4.688  90.0  30.0
 8.500 1242.5 -90  45  54  -4.688 270.0  30.0
 8.500 1245.0 -90  45  57  -4.688  90.0  30.0
 8.500 1247.5 -90  45  54  -4.688  90.0  30.0
 8.500 1250.0 -90  45  57  -4.688  90.0  30.0
 8.500 1252.5 -90  45  57  -4.688  90.0  30.0
 8.500 1255.0 -90  45  57  -4.688 270.0  30.0
 8.500 1257.5 -90  45  57  -4.688  90.0  30.0
 8.500 1260.0 -90  45  57  -4.688 270.0  30.0
 8.500 1262.5 -90  45  57  -4.688  90.0  30.0
 8.500 1265.0 -90  45  57  -4.688 210.0  30.0
 8.500 1267.5 -90  45  57  -4.688 270.0  30.0
 8.500 1270.0 -90  45  57  -4.688  90.0  30.0
 8.500 1272.5 -90  45  57  -4.688 270.0  30.0
 8.500 1275.0 -90  45  57  -4.688 270.0  30.0
 8.500 1277.5 -90  45  57  -4.688 210.0  30.0
 8.500 1280.0 -90  45  57  -4.688 270.0  30.0
 8.500 1282.5 -90  45  57  -4.688  90.0  30.0
 8.550 1272.5 -90  42  51  -1.563 330.0  30.0
 8.775 1200.0  90  33  42  -7.813 150.0  30.0
 8.800   87.5 -90  33  42 -10.938 330.0  30.0
 8.825   97.5 -90  33  42   7.813 150.0  30.0
 9.250  102.5 -90  33  42  -7.813 330.0  30.0
 9.400 1192.5  90  39  48  10.938 210.0  30.0
 9.400 1240.0  90  39  48  10.938 210.0  30.0
 9.450 1275.0 -90  45  54  -7.813 210.0  30.0
 9.575 1250.0 -90  60  69   7.813  30.0  30.0
 9.575 1252.5 -90  60  69   7.813  30.0  30.0
 9.725  132.5 -90  42  51  10.938  30.0  30.0
