2023.03.28 (087) 00:00:10.000
Station name: Gakona
URSI code: GA762
Ionosonde model: DPS-4D
  Freq  Range Pol MPA Amp Doppler    Az    Zn  PGH
 0.500  102.5  90  30  39  -0.781  30.0  30.0  100
 0.500  122.5  90  30  39  -3.906  30.0  30.0  113
 0.500  145.0  90  30  39   0.781  30.0  30.0  135
 0.500  222.5  90  30  39   0.781  30.0  30.0  219
 0.575   80.0  90  33  54   3.906  30.0  30.0   77
 0.575   82.5  90  33  45   5.469 330.0  30.0   83
 0.575   85.0  90  33  42   3.906  90.0  30.0   87
 0.575   87.5  90  33  45   3.906   0.0   0.0   90
 0.575   90.0  90  33  45   3.906  90.0  30.0   92
 0.575   92.5  90  33  45   5.469  90.0  30.0   94
 0.575   95.0  90  33  45   3.906   0.0   0.0   97
 0.575   97.5  90  33  42   3.906  90.0  30.0  100
 0.575  100.0  90  33  45   3.906  90.0  30.0  104
 0.575  102.5  90  33  48   3.906  30.0  30.0  104
 0.575  105.0  90  33  42   3.906  90.0  30.0  108
 0.575  107.5  90  33  45   3.906  30.0  30.0  109
 0.575  110.0  90  33  45   5.469  90.0  30.0  112
 0.575  112.5  90  33  45   5.469  30.0  30.0  114
 0.575  115.0  90  33  45   5.469  30.0  30.0  117
 0.575  117.5  90  33  45   3.906   0.0   0.0  122
 0.575  120.0  90  33  45   3.906   0.0   0.0  125
 0.575  122.5  90  33  45   3.906   0.0   0.0  126
 0.575  125.0  90  33  42   5.469  90.0  30.0  125
 0.575  127.5  90  33  42   3.906 210.0  30.0  133
 0.575  130.0  90  33  45   3.906   0.0   0.0  135
 0.575  132.5  90  33  45   3.906  90.0  30.0  135
 0.575  135.0  90  33  45   3.906  30.0  30.0  136
 0.575  150.0  90  33  42   3.906  90.0  30.0  155
 0.575  162.5  90  33  42   3.906  30.0  30.0  165
 0.575  170.0  90  33  42   3.906  30.0  30.0  165
 0.575  172.5  90  33  45   5.469  30.0  30.0  168
 0.575  175.0  90  33  48   3.906  30.0  30.0  171
 0.575  177.5  90  33  48   5.469  30.0  30.0  175
 0.575  180.0  90  33  48   5.469  30.0  30.0  178
 0.575  182.5  90  33  48   5.469  30.0  30.0  182
 0.575  185.0  90  33  51   5.469  30.0  30.0  187
 0.575  187.5  90  33  51   3.906  30.0  30.0  188
 0.575  190.0  90  33  51   5.469  30.0  30.0  192
 0.575  192.5  90  33  48   3.906  30.0  30.0  195
 0.575  195.0  90  33  51   5.469  30.0  30.0  199
 0.575  197.5  90  33  48   5.469  30.0  30.0  200
 0.575  200.0  90  33  48   5.469  30.0  30.0  203
 0.575  202.5  90  33  45   5.469  30.0  30.0  206
 0.575  205.0  90  33  45   5.469  30.0  30.0  209
 0.575  207.5  90  33  45   5.469  30.0  30.0  212
 0.575  210.0  90  33  42   5.469  30.0  30.0  216
 0.575  212.5  90  33  42   5.469  30.0  30.0  218
 0.575  215.0  90  33  42   5.469  30.0  30.0  220
 0.575  240.0  90  33  42   3.906  30.0  30.0  244
 0.575   80.0 -90  33  57   5.469 330.0  30.0   76
 0.575   82.5 -90  33  42   3.906 210.0  30.0   84
 0.575   85.0 -90  33  45   3.906 150.0  30.0   86
 0.575   87.5 -90  33  45   5.469 210.0  30.0   88
 0.575   90.0 -90  33  42   3.906  90.0  30.0   90
 0.575   92.5 -90  33  45   3.906 270.0  30.0   92
 0.575   95.0 -90  33  45   5.469 150.0  30.0   95
 0.575   97.5 -90  33  45   5.469  90.0  30.0   97
 0.575  100.0 -90  33  45   3.906  90.0  30.0  101
 0.575  102.5 -90  33  45   3.906  90.0  30.0  100
 0.575  105.0 -90  33  45   5.469   0.0   0.0  106
 0.575  107.5 -90  33  45   3.906  30.0  30.0  105
 0.575  110.0 -90  33  42   3.906  90.0  30.0  110
 0.575  112.5 -90  33  45   3.906 150.0  30.0  113
 0.575  115.0 -90  33  45   3.906  90.0  30.0  116
 0.575  117.5 -90  33  42   3.906  90.0  30.0  118
 0.575  120.0 -90  33  45   3.906 210.0  30.0  121
 0.575  122.5 -90  33  45   3.906   0.0   0.0  124
 0.575  125.0 -90  33  42   3.906  90.0  30.0  125
 0.575  130.0 -90  33  42   3.906  90.0  30.0  133
 0.575  132.5 -90  33  45   3.906  90.0  30.0  134
 0.575  135.0 -90  33  42   3.906  90.0  30.0  136
 0.575  137.5 -90  33  45   3.906   0.0   0.0  139
 0.575  172.5 -90  33  42  -2.344  30.0  30.0  168
 0.575  175.0 -90  33  42   5.469  30.0  30.0  170
 0.575  177.5 -90  33  48   3.906  30.0  30.0  172
 0.575  180.0 -90  33  45   5.469  30.0  30.0  175
 0.575  182.5 -90  33  45   5.469  30.0  30.0  179
 0.575  185.0 -90  33  48   5.469  30.0  30.0  184
 0.575  187.5 -90  33  48   5.469  30.0  30.0  187
 0.575  190.0 -90  33  48   5.469  30.0  30.0  192
 0.575  192.5 -90  33  48   5.469  30.0  30.0  194
 0.575  195.0 -90  33  48   5.469  30.0  30.0  198
 0.575  197.5 -90  33  48   5.469  30.0  30.0  200
 0.575  200.0 -90  33  45   5.469  30.0  30.0  201
 0.575  202.5 -90  33  45   5.469  90.0  30.0  205
 0.575  205.0 -90  33  42   5.469  90.0  30.0  206
 0.575  207.5 -90  33  42   5.469  30.0  30.0  210
 0.575  210.0 -90  33  42   3.906  30.0  30.0  211
 0.575  212.5 -90  33  42   5.469 330.0  30.0  216
 0.600   80.0  90  36  60   2.344  30.0  30.0   77
 0.600   82.5  90  36  51   2.344  90.0  30.0   80
 0.600   85.0  90  36  51   2.344   0.0   0.0   82
 0.600   87.5  90  36  51   2.344   0.0   0.0   84
 0.600   90.0  90  36  51   2.344   0.0   0.0   86
 0.600   92.5  90  36  51   2.344  90.0  30.0   89
 0.600   95.0  90  36  51   2.344 150.0  30.0   92
 0.600   97.5  90  36  51   2.344  90.0  30.0   95
 0.600  100.0  90  36  51   2.344   0.0   0.0   97
 0.600  102.5  90  36  51   2.344  30.0  30.0   99
 0.600  105.0  90  36  51   2.344  30.0  30.0  101
 0.600  107.5  90  36  51   2.344  90.0  30.0  105
 0.600  110.0  90  36  51   2.344 150.0  30.0  108
 0.600  112.5  90  36  51   2.344  90.0  30.0  110
 0.600  115.0  90  36  51   2.344  90.0  30.0  112
 0.600  117.5  90  36  51   2.344   0.0   0.0  115
 0.600  120.0  90  36  51   2.344   0.0   0.0  116
 0.600  122.5  90  36  51   2.344  30.0  30.0  118
 0.600  125.0  90  36  51   2.344  90.0  30.0  122
 0.600  127.5  90  36  51   2.344  90.0  30.0  125
 0.600  130.0  90  36  54   2.344  90.0  30.0  127
 0.600  132.5  90  36  51   2.344  90.0  30.0  129
 0.600  135.0  90  36  51   2.344  30.0  30.0  131
 0.600  137.5  90  36  51   2.344  30.0  30.0  133
 0.600  140.0  90  36  51   2.344  90.0  30.0  135
 0.600  142.5  90  36  51   2.344 150.0  30.0  139
 0.600  145.0  90  36  51   2.344  90.0  30.0  142
 0.600  147.5  90  36  51   2.344  90.0  30.0  143
 0.600  150.0  90  36  51   2.344   0.0   0.0  146
 0.600  152.5  90  36  48   2.344   0.0   0.0  148
 0.600  155.0  90  36  48   2.344  90.0  30.0  150
 0.600  157.5  90  36  48   2.344 150.0  30.0  154
 0.600  160.0  90  36  45   2.344 150.0  30.0  156
 0.600  162.5  90  36  45   2.344 150.0  30.0  158
 0.600  165.0  90  36  48   2.344 210.0  30.0  162
 0.600  167.5  90  36  48   2.344 210.0  30.0  166
 0.600  172.5  90  36  45   2.344 210.0  30.0  171
 0.600  175.0  90  36  48   2.344 150.0  30.0  180
 0.600  177.5  90  36  51   2.344  90.0  30.0  184
 0.600  180.0  90  36  51   2.344  30.0  30.0  186
 0.600  182.5  90  36  45   2.344  30.0  30.0  189
 0.600  187.5  90  36  48   2.344  30.0  30.0  186
 0.600  190.0  90  36  45   2.344  30.0  30.0  186
 0.600  192.5  90  36  51   2.344  30.0  30.0  188
 0.600  195.0  90  36  54   2.344  30.0  30.0  191
 0.600  197.5  90  36  54   2.344  30.0  30.0  191
 0.600  200.0  90  36  54   2.344  30.0  30.0  193
 0.600  202.5  90  36  54   2.344  30.0  30.0  195
 0.600  205.0  90  36  54   2.344  30.0  30.0  196
 0.600  207.5  90  36  54   2.344  30.0  30.0  201
 0.600  210.0  90  36  57   2.344  30.0  30.0  205
 0.600  212.5  90  36  57   2.344  30.0  30.0  208
 0.600  215.0  90  36  57   2.344  30.0  30.0  210
 0.600  217.5  90  36  57   2.344  30.0  30.0  213
 0.600  220.0  90  36  57   2.344  30.0  30.0  216
 0.600  222.5  90  36  57   2.344  30.0  30.0  218
 0.600  225.0  90  36  57   2.344  30.0  30.0  221
 0.600  227.5  90  36  57   2.344  30.0  30.0  224
 0.600  230.0  90  36  54   2.344  30.0  30.0  227
 0.600  232.5  90  36  54   2.344  30.0  30.0  231
 0.600  235.0  90  36  51   2.344  30.0  30.0  234
 0.600  237.5  90  36  51   2.344  30.0  30.0  236
 0.600  240.0  90  36  51   2.344  30.0  30.0  240
 0.600  242.5  90  36  51   2.344  90.0  30.0  245
 0.600  245.0  90  36  51   2.344  90.0  30.0  248
 0.600  247.5  90  36  51   2.344  30.0  30.0  249
 0.600  250.0  90  36  48   2.344  30.0  30.0  261
 0.600  252.5  90  36  45   2.344 330.0  30.0  242
 0.600  260.0  90  36  45   2.344  30.0  30.0  260
 0.600   80.0 -90  36  57  -2.344 150.0  30.0   77
 0.600   82.5 -90  36  51   2.344  90.0  30.0   78
 0.600   85.0 -90  36  51   2.344  90.0  30.0   80
 0.600   87.5 -90  36  51   2.344  90.0  30.0   82
 0.600   90.0 -90  36  51   2.344  90.0  30.0   85
 0.600   92.5 -90  36  51   2.344  90.0  30.0   87
 0.600   95.0 -90  36  51   2.344  90.0  30.0   90
 0.600   97.5 -90  36  51   2.344  90.0  30.0   93
 0.600  100.0 -90  36  51   2.344  90.0  30.0   95
 0.600  102.5 -90  36  51   2.344  90.0  30.0   97
 0.600  105.0 -90  36  51   2.344  30.0  30.0   99
 0.600  107.5 -90  36  48   2.344   0.0   0.0  102
 0.600  110.0 -90  36  51   2.344  90.0  30.0  105
 0.600  112.5 -90  36  51   2.344  90.0  30.0  107
 0.600  115.0 -90  36  51   2.344  90.0  30.0  110
 0.600  117.5 -90  36  51   2.344  90.0  30.0  113
 0.600  120.0 -90  36  51   2.344  90.0  30.0  115
 0.600  122.5 -90  36  51   2.344  90.0  30.0  117
 0.600  125.0 -90  36  51   2.344   0.0   0.0  120
 0.600  127.5 -90  36  51   2.344  90.0  30.0  122
 0.600  130.0 -90  36  51   2.344  90.0  30.0  124
 0.600  132.5 -90  36  51   2.344  90.0  30.0  127
 0.600  135.0 -90  36  51   2.344  90.0  30.0  130
 0.600  137.5 -90  36  51   2.344  90.0  30.0  132
 0.600  140.0 -90  36  51   2.344  90.0  30.0  135
 0.600  142.5 -90  36  51   2.344  90.0  30.0  137
 0.600  145.0 -90  36  51   2.344  90.0  30.0  140
 0.600  147.5 -90  36  48   2.344  90.0  30.0  142
 0.600  150.0 -90  36  48   2.344  90.0  30.0  146
 0.600  152.5 -90  36  51   2.344  90.0  30.0  147
 0.600  155.0 -90  36  48   2.344  90.0  30.0  148
 0.600  157.5 -90  36  45   2.344  90.0  30.0  152
 0.600  160.0 -90  36  45   2.344 150.0  30.0  156
 0.600  162.5 -90  36  45   2.344 150.0  30.0  157
 0.600  165.0 -90  36  45   2.344 210.0  30.0  162
 0.600  167.5 -90  36  45   2.344 210.0  30.0  165
 0.600  170.0 -90  36  45   2.344 210.0  30.0  164
 0.600  172.5 -90  36  45   2.344 210.0  30.0  163
 0.600  175.0 -90  36  48   2.344 210.0  30.0  173
 0.600  177.5 -90  36  51   2.344 150.0  30.0  180
 0.600  180.0 -90  36  51   2.344 150.0  30.0  187
 0.600  182.5 -90  36  45   2.344 150.0  30.0  192
 0.600  190.0 -90  36  45   2.344  30.0  30.0  183
 0.600  192.5 -90  36  51   2.344  30.0  30.0  185
 0.600  195.0 -90  36  54   2.344  30.0  30.0  187
 0.600  197.5 -90  36  54   2.344  30.0  30.0  190
 0.600  200.0 -90  36  54   2.344  30.0  30.0  192
 0.600  202.5 -90  36  54   2.344  30.0  30.0  193
 0.600  205.0 -90  36  54   2.344  30.0  30.0  196
 0.600  207.5 -90  36  54   2.344  30.0  30.0  199
 0.600  210.0 -90  36  57   2.344  30.0  30.0  203
 0.600  212.5 -90  36  57   2.344  30.0  30.0  206
 0.600  215.0 -90  36  57   2.344  90.0  30.0  209
 0.600  217.5 -90  36  57   2.344  30.0  30.0  211
 0.600  220.0 -90  36  57   2.344  30.0  30.0  213
 0.600  222.5 -90  36  57   2.344  30.0  30.0  217
 0.600  225.0 -90  36  54   2.344  30.0  30.0  219
 0.600  227.5 -90  36  54   2.344  90.0  30.0  222
 0.600  230.0 -90  36  51   2.344  30.0  30.0  226
 0.600  232.5 -90  36  51   2.344  30.0  30.0  231
 0.600  235.0 -90  36  51   2.344  30.0  30.0  235
 0.600  237.5 -90  36  51   2.344  30.0  30.0  238
 0.600  240.0 -90  36  51   2.344  30.0  30.0  241
 0.600  242.5 -90  36  48   2.344  30.0  30.0  244
 0.600  245.0 -90  36  48   2.344  30.0  30.0  248
 0.600  247.5 -90  36  45   2.344  30.0  30.0  252
 0.625   80.0  90  36  54  -3.906 150.0  30.0   70
 0.625  170.0  90  36  45  -0.781  90.0  30.0  168
 0.625  187.5  90  36  48  -0.781   0.0   0.0  194
 0.625  190.0  90  36  45   0.781   0.0   0.0  184
 0.625  192.5  90  36  45   2.344  30.0  30.0  186
 0.625  195.0  90  36  45   2.344  30.0  30.0  184
 0.625  197.5  90  36  48  -0.781  90.0  30.0  186
 0.625  200.0  90  36  48   2.344  30.0  30.0  193
 0.625  202.5  90  36  48   2.344  30.0  30.0  195
 0.625  205.0  90  36  48   2.344  90.0  30.0  193
 0.625  210.0  90  36  45   2.344  30.0  30.0  202
 0.625  212.5  90  36  48   2.344  30.0  30.0  205
 0.625  220.0  90  36  48   2.344  30.0  30.0  215
 0.625  235.0  90  36  45   2.344  30.0  30.0  231
 0.625  242.5  90  36  48   2.344  30.0  30.0  240
 0.625  245.0  90  36  45   2.344  30.0  30.0  239
 0.625   80.0 -90  36  60  -2.344 150.0  30.0   78
 0.625  140.0 -90  36  45   2.344 330.0  30.0  136
 0.625  177.5 -90  36  45   2.344  30.0  30.0  189
 0.625  190.0 -90  36  45   2.344  30.0  30.0  200
 0.625  192.5 -90  36  45   2.344  90.0  30.0  185
 0.625  197.5 -90  36  48   2.344  90.0  30.0  204
 0.625  200.0 -90  36  48   2.344  30.0  30.0  189
 0.625  202.5 -90  36  48   2.344  90.0  30.0  198
 0.625  205.0 -90  36  48   2.344  30.0  30.0  202
 0.625  242.5 -90  36  45   2.344  30.0  30.0  238
 0.625  245.0 -90  36  45   2.344  90.0  30.0  241
 0.650   80.0  90  39  51   3.906   0.0   0.0   77
 0.675  110.0  90  33  42   5.469 150.0  30.0  119
 0.675  122.5  90  33  42   0.781  90.0  30.0  122
 0.675  127.5  90  33  42   2.344  90.0  30.0  124
 0.675  135.0  90  33  45  -5.469 150.0  30.0  122
 0.675  145.0  90  33  42  -3.906  90.0  30.0  149
 0.675  150.0  90  33  42   2.344  90.0  30.0  146
 0.675  155.0  90  33  42   5.469  90.0  30.0  160
 0.675  157.5  90  33  42   5.469  90.0  30.0  158
 0.675  165.0  90  33  42  -3.906 330.0  30.0  159
 0.675  172.5  90  33  42  -5.469  30.0  30.0  172
 0.675  180.0  90  33  42   2.344  90.0  30.0  176
 0.675  182.5  90  33  42   5.469  90.0  30.0  189
 0.675  185.0  90  33  45  -5.469  90.0  30.0  186
 0.675 1150.0  90  33  42  -5.469 150.0  30.0 1165
 0.675   80.0 -90  33  51  -5.469  90.0  30.0   67
 0.675  100.0 -90  33  42  -5.469 210.0  30.0  113
 0.675  125.0 -90  33  42   5.469  30.0  30.0  125
 0.675  130.0 -90  33  42  -5.469  30.0  30.0  127
 0.675  132.5 -90  33  42   5.469  90.0  30.0  128
 0.675  147.5 -90  33  42   5.469  30.0  30.0  156
 0.675  155.0 -90  33  42  -5.469  90.0  30.0  149
 0.675  170.0 -90  33  42  -3.906  90.0  30.0  173
 0.700  115.0  90  39  48  -0.781  90.0  30.0  101
 0.700  122.5  90  39  48  -0.781  90.0  30.0  133
 0.700  132.5  90  39  48  -0.781  90.0  30.0  124
 0.700   80.0 -90  39  54  -2.344  90.0  30.0   79
 0.725   80.0  90  45  57  -2.344 150.0  30.0   80
 0.725   82.5  90  45  54  -2.344  90.0  30.0   86
 0.725   85.0  90  45  57  -2.344  90.0  30.0   97
 0.725  100.0  90  45  54  -2.344  90.0  30.0  109
 0.725  102.5  90  45  57  -2.344  90.0  30.0  111
 0.725  105.0  90  45  57  -2.344  90.0  30.0  115
 0.725  107.5  90  45  57  -2.344  90.0  30.0  117
 0.725  110.0  90  45  54  -2.344  90.0  30.0  118
 0.725  112.5  90  45  54  -2.344  90.0  30.0  121
 0.725   80.0 -90  45  57  -0.781 150.0  30.0   89
 0.725   82.5 -90  45  54  -2.344  90.0  30.0   89
 0.725   85.0 -90  45  54  -2.344  90.0  30.0   99
 0.725   97.5 -90  45  54  -2.344  90.0  30.0  110
 0.725  100.0 -90  45  54  -2.344  90.0  30.0  114
 0.725  102.5 -90  45  57  -2.344  90.0  30.0  115
 0.725  105.0 -90  45  57  -2.344  90.0  30.0  117
 0.725  107.5 -90  45  57  -2.344  90.0  30.0  119
 0.725  110.0 -90  45  57  -2.344  90.0  30.0  121
 0.725  112.5 -90  45  57  -2.344  90.0  30.0  125
 0.725  115.0 -90  45  54  -2.344  90.0  30.0  127
 0.750   80.0  90  48  60  -2.344  30.0  30.0   94
 0.750   95.0  90  48  57  -3.906  90.0  30.0  103
 0.750   97.5  90  48  60  -2.344  90.0  30.0  104
 0.750  100.0  90  48  57  -2.344  90.0  30.0  106
 0.750  112.5  90  48  60  -2.344  90.0  30.0  120
 0.750  115.0  90  48  60  -2.344  90.0  30.0  122
 0.750  117.5  90  48  60  -2.344  90.0  30.0  124
 0.750  120.0  90  48  60  -3.906  90.0  30.0  127
 0.750  122.5  90  48  63  -2.344  90.0  30.0  127
 0.750  125.0  90  48  60  -2.344  90.0  30.0  128
 0.750  127.5  90  48  60  -2.344  90.0  30.0  132
 0.750  130.0  90  48  60  -2.344  90.0  30.0  133
 0.750  132.5  90  48  60  -2.344  90.0  30.0  135
 0.750  135.0  90  48  57  -3.906  90.0  30.0  141
 0.750  137.5  90  48  57  -2.344  90.0  30.0  142
 0.750  140.0  90  48  57  -2.344  30.0  30.0  142
 0.750  145.0  90  48  57  -2.344  90.0  30.0  150
 0.750   80.0 -90  45  60  -3.906 150.0  30.0   65
 0.750   90.0 -90  45  57  -2.344  90.0  30.0   97
 0.750   92.5 -90  45  57  -2.344  90.0  30.0   97
 0.750   95.0 -90  45  54  -2.344  90.0  30.0   99
 0.750   97.5 -90  45  60  -2.344  90.0  30.0  103
 0.750  100.0 -90  45  57  -2.344  90.0  30.0  104
 0.750  105.0 -90  45  54  -2.344 150.0  30.0  111
 0.750  107.5 -90  45  57  -2.344  90.0  30.0  110
 0.750  110.0 -90  45  57  -2.344  90.0  30.0  115
 0.750  112.5 -90  45  60  -2.344  90.0  30.0  119
 0.750  115.0 -90  45  63  -2.344  90.0  30.0  121
 0.750  117.5 -90  45  60  -2.344  90.0  30.0  122
 0.750  120.0 -90  45  60  -3.906  90.0  30.0  125
 0.750  122.5 -90  45  60  -2.344  90.0  30.0  126
 0.750  125.0 -90  45  60  -2.344  90.0  30.0  128
 0.750  127.5 -90  45  60  -2.344  90.0  30.0  132
 0.750  130.0 -90  45  60  -2.344  90.0  30.0  134
 0.750  132.5 -90  45  60  -2.344  30.0  30.0  135
 0.750  135.0 -90  45  57  -2.344  90.0  30.0  139
 0.750  137.5 -90  45  60  -2.344  90.0  30.0  141
 0.750  140.0 -90  45  57  -2.344  90.0  30.0  142
 0.750  142.5 -90  45  54  -2.344  90.0  30.0  146
 0.750  145.0 -90  45  57  -3.906  90.0  30.0  147
 0.750  462.5 -90  45  54   2.344 150.0  30.0  458
 0.775  122.5  90  45  54  -3.906  30.0  30.0  131
 0.775  125.0  90  45  54  -3.906  90.0  30.0  140
 0.775  127.5  90  45  54  -2.344  30.0  30.0  142
 0.775  130.0  90  45  54  -3.906  90.0  30.0  141
 0.775  132.5  90  45  54  -2.344  90.0  30.0  120
 0.775  140.0  90  45  54  -5.469  90.0  30.0  142
 0.775  145.0  90  45  54  -3.906 150.0  30.0  144
 0.775  147.5  90  45  57  -3.906  90.0  30.0  141
 0.775  152.5  90  45  54  -2.344  90.0  30.0  138
 0.775  155.0  90  45  54  -3.906  90.0  30.0  142
 0.775  165.0  90  45  54  -3.906  30.0  30.0  166
 0.775  167.5  90  45  57  -3.906  90.0  30.0  178
 0.775  170.0  90  45  57  -3.906  90.0  30.0  165
 0.775  172.5  90  45  57  -3.906  90.0  30.0  178
 0.775  175.0  90  45  57  -3.906  90.0  30.0  160
 0.775  177.5  90  45  54  -3.906  90.0  30.0  166
 0.775  180.0  90  45  54  -3.906  90.0  30.0  193
 0.775  185.0  90  45  54  -3.906  90.0  30.0  173
 0.775   80.0 -90  48  60   0.781  90.0  30.0   84
 0.775  120.0 -90  48  57  -3.906  30.0  30.0  133
 0.775  125.0 -90  48  60  -2.344  90.0  30.0  136
 0.775  127.5 -90  48  60  -3.906  90.0  30.0  139
 0.775  132.5 -90  48  57  -2.344  90.0  30.0  147
 0.775  165.0 -90  48  57  -2.344  90.0  30.0  171
 0.775  167.5 -90  48  57  -3.906  90.0  30.0  162
 0.775  170.0 -90  48  57  -2.344  90.0  30.0  163
 0.775  172.5 -90  48  57  -2.344  90.0  30.0  186
 0.775  175.0 -90  48  57  -3.906  90.0  30.0  162
 0.775  177.5 -90  48  57  -3.906  30.0  30.0  164
 0.800  215.0  90  42  51   0.781 210.0  30.0  226
 0.800  232.5  90  42  51   0.781 150.0  30.0  230
 0.800  235.0  90  42  51  -0.781 150.0  30.0  235
 0.800  237.5  90  42  54  -3.906 150.0  30.0  242
 0.800  240.0  90  42  51  -3.906 150.0  30.0  248
 0.800  242.5  90  42  51   5.469 150.0  30.0  230
 0.800  250.0  90  42  51   3.906 150.0  30.0  236
 0.800  265.0  90  42  51   0.781 150.0  30.0  271
 0.800  267.5  90  42  51   0.781 150.0  30.0  274
 0.800  270.0  90  42  51   0.781 150.0  30.0  276
 0.800  737.5  90  42  51   5.469 150.0  30.0  749
 0.800 1280.0  90  42  51   3.906 210.0  30.0 1285
 0.825   80.0  90  39  48  -2.344 150.0  30.0   89
 0.825  212.5  90  39  48  -3.906   0.0   0.0  226
 0.825  215.0  90  39  48  -3.906 150.0  30.0  230
 0.825  217.5  90  39  48  -3.906 150.0  30.0  229
 0.825  220.0  90  39  48  -3.906   0.0   0.0  231
 0.825  300.0  90  39  48  -0.781 150.0  30.0  313
 0.850   80.0  90  39  57  -5.469  30.0  30.0   76
 0.875   80.0  90  36  51  -0.781  90.0  30.0   91
 0.875  237.5  90  36  45  -2.344  90.0  30.0  236
 0.875  240.0  90  36  45  -2.344 150.0  30.0  238
 0.875  252.5  90  36  45  -2.344  90.0  30.0  251
 0.875   80.0 -90  36  48   3.906  90.0  30.0   76
 0.875  122.5 -90  36  45   0.781 150.0  30.0  115
 0.875  175.0 -90  36  45  -2.344  90.0  30.0  180
 0.875  177.5 -90  36  48  -2.344  90.0  30.0  182
 0.875  180.0 -90  36  48  -2.344 150.0  30.0  182
 0.875  190.0 -90  36  48  -2.344  90.0  30.0  182
 0.875  192.5 -90  36  45  -2.344 150.0  30.0  181
 0.875  195.0 -90  36  45  -2.344 150.0  30.0  187
 0.875  197.5 -90  36  45  -2.344 150.0  30.0  194
 0.875  215.0 -90  36  45  -2.344  90.0  30.0  204
 0.900   80.0  90  33  48   5.469 270.0  30.0   80
 0.900  107.5  90  33  42  -0.781  90.0  30.0  117
 0.900  110.0  90  33  42  -0.781  90.0  30.0  118
 0.900  112.5  90  33  45  -0.781  90.0  30.0  120
 0.900  115.0  90  33  45  -0.781  90.0  30.0  121
 0.900  117.5  90  33  48  -0.781  90.0  30.0  125
 0.900  120.0  90  33  48  -0.781  90.0  30.0  127
 0.900  122.5  90  33  48  -0.781  90.0  30.0  127
 0.900  125.0  90  33  48  -0.781  90.0  30.0  120
 0.900  127.5  90  33  48  -0.781  90.0  30.0  128
 0.900  130.0  90  33  48  -0.781  90.0  30.0  131
 0.900  132.5  90  33  45  -0.781  90.0  30.0  130
 0.900  140.0  90  33  42  -2.344 150.0  30.0  131
 0.900  142.5  90  33  48  -0.781 150.0  30.0  146
 0.900  145.0  90  33  51  -0.781 150.0  30.0  149
 0.900  147.5  90  33  51  -0.781  90.0  30.0  150
 0.900  150.0  90  33  51  -0.781  90.0  30.0  153
 0.900  152.5  90  33  51  -0.781 150.0  30.0  155
 0.900  155.0  90  33  48  -0.781 150.0  30.0  160
 0.900  157.5  90  33  45  -0.781 150.0  30.0  167
 0.900  162.5  90  33  42   3.906 150.0  30.0  177
 0.900  165.0  90  33  42   3.906  90.0  30.0  154
 0.900  167.5  90  33  42   3.906  90.0  30.0  182
 0.900  170.0  90  33  42  -0.781  90.0  30.0  164
 0.900  172.5  90  33  45  -0.781  90.0  30.0  165
 0.900  175.0  90  33  45  -0.781  90.0  30.0  171
 0.900  177.5  90  33  42  -0.781  90.0  30.0  173
 0.900  185.0  90  33  42   5.469 150.0  30.0  188
 0.900  187.5  90  33  42   5.469  90.0  30.0  182
 0.900  190.0  90  33  42  -0.781  90.0  30.0  205
 0.900  192.5  90  33  45  -0.781  90.0  30.0  206
 0.900  195.0  90  33  48  -0.781  90.0  30.0  208
 0.900  197.5  90  33  48   0.781  90.0  30.0  207
 0.900  200.0  90  33  51   0.781  90.0  30.0  209
 0.900  202.5  90  33  51  -0.781  90.0  30.0  213
 0.900  205.0  90  33  48  -0.781  90.0  30.0  215
 0.900  207.5  90  33  51  -0.781  90.0  30.0  218
 0.900  210.0  90  33  51  -0.781  90.0  30.0  221
 0.900  212.5  90  33  51  -0.781  90.0  30.0  223
 0.900  215.0  90  33  51  -0.781  90.0  30.0  227
 0.900  217.5  90  33  51  -0.781  90.0  30.0  230
 0.900  220.0  90  33  51  -0.781  90.0  30.0  233
 0.900  222.5  90  33  51   0.781  90.0  30.0  235
 0.900  225.0  90  33  51  -0.781  90.0  30.0  238
 0.900  227.5  90  33  48  -0.781  90.0  30.0  241
 0.900  230.0  90  33  48  -0.781  90.0  30.0  242
 0.900  232.5  90  33  48  -0.781  90.0  30.0  242
 0.900  235.0  90  33  42   0.781  90.0  30.0  249
 0.900  237.5  90  33  42  -0.781  90.0  30.0  227
 0.900  250.0  90  33  42  -0.781 150.0  30.0  260
 0.900  277.5  90  33  42   0.781  90.0  30.0  290
 0.900   80.0 -90  33  42  -0.781  90.0  30.0   65
 0.900   85.0 -90  33  42  -0.781  90.0  30.0   71
 0.900  110.0 -90  33  42  -0.781  90.0  30.0  119
 0.900  112.5 -90  33  42  -0.781 150.0  30.0  121
 0.900  115.0 -90  33  45  -0.781  90.0  30.0  123
 0.900  117.5 -90  33  48   0.781  90.0  30.0  126
 0.900  120.0 -90  33  51  -0.781  90.0  30.0  129
 0.900  122.5 -90  33  51  -0.781  90.0  30.0  130
 0.900  125.0 -90  33  48  -0.781 150.0  30.0  121
 0.900  127.5 -90  33  51  -0.781  90.0  30.0  126
 0.900  130.0 -90  33  48  -0.781  90.0  30.0  129
 0.900  132.5 -90  33  45  -0.781  90.0  30.0  132
 0.900  142.5 -90  33  45  -0.781 150.0  30.0  148
 0.900  145.0 -90  33  51  -0.781 150.0  30.0  147
 0.900  147.5 -90  33  51  -0.781 150.0  30.0  150
 0.900  150.0 -90  33  51  -0.781  90.0  30.0  153
 0.900  152.5 -90  33  48   0.781  90.0  30.0  155
 0.900  155.0 -90  33  48   0.781 150.0  30.0  160
 0.900  157.5 -90  33  48   0.781  90.0  30.0  165
 0.900  165.0 -90  33  42   0.781 150.0  30.0  160
 0.900  167.5 -90  33  45  -0.781 150.0  30.0  161
 0.900  170.0 -90  33  45  -0.781 150.0  30.0  163
 0.900  172.5 -90  33  45   0.781  90.0  30.0  167
 0.900  175.0 -90  33  45   0.781  90.0  30.0  170
 0.900  177.5 -90  33  42  -3.906 150.0  30.0  178
 0.900  185.0 -90  33  42  -5.469  90.0  30.0  193
 0.900  187.5 -90  33  45  -5.469  90.0  30.0  189
 0.900  190.0 -90  33  45  -3.906 150.0  30.0  189
 0.900  192.5 -90  33  42  -3.906  90.0  30.0  180
 0.900  195.0 -90  33  45  -0.781  90.0  30.0  206
 0.900  197.5 -90  33  48  -0.781 150.0  30.0  208
 0.900  200.0 -90  33  48  -0.781  90.0  30.0  209
 0.900  202.5 -90  33  48  -0.781 150.0  30.0  212
 0.900  205.0 -90  33  48  -0.781 150.0  30.0  214
 0.900  207.5 -90  33  48  -0.781 150.0  30.0  219
 0.900  210.0 -90  33  48  -0.781 150.0  30.0  222
 0.900  212.5 -90  33  48  -0.781 150.0  30.0  226
 0.900  215.0 -90  33  51  -0.781 150.0  30.0  229
 0.900  217.5 -90  33  48  -0.781 150.0  30.0  232
 0.900  220.0 -90  33  48  -0.781 150.0  30.0  235
 0.900  222.5 -90  33  51  -0.781 150.0  30.0  236
 0.900  225.0 -90  33  48  -0.781  90.0  30.0  211
 0.900  227.5 -90  33  48  -0.781 150.0  30.0  213
 0.900  230.0 -90  33  45  -0.781  90.0  30.0  215
 0.900  232.5 -90  33  42   0.781 150.0  30.0  220
 0.900  235.0 -90  33  42  -0.781 150.0  30.0  221
 0.900  237.5 -90  33  42  -0.781 150.0  30.0  225
 0.900  242.5 -90  33  42  -0.781 150.0  30.0  238
 0.900  255.0 -90  33  42  -0.781  90.0  30.0  247
 0.925   80.0  90  39  48  -3.906  90.0  30.0   67
 0.925   97.5 -90  39  48  -2.344 150.0  30.0   91
 0.950   80.0 -90  42  57   5.469 150.0  30.0   74
 0.975   80.0 -90  39  48  -5.469 150.0  30.0   70
 1.000  447.5  90  36  45  -3.906 150.0  30.0  443
 1.000  450.0  90  36  45  -3.906 150.0  30.0  444
 1.000  452.5  90  36  45   5.469 150.0  30.0  452
 1.000 1187.5 -90  36  45  -2.344 210.0  30.0 1185
 1.025   80.0 -90  36  51  -3.906 150.0  30.0   85
 1.050  420.0  90  39  48   0.781 270.0  30.0  422
 1.050   80.0 -90  39  54   5.469 330.0  30.0   76
 1.075   80.0 -90  39  51  -0.781   0.0   0.0   67
 1.100  320.0 -90  39  48  -0.781 330.0  30.0  312
 1.100  357.5 -90  39  48   5.469 330.0  30.0  371
 1.100  825.0 -90  39  48  -0.781 330.0  30.0  814
 1.125   80.0  90  42  51  -5.469  90.0  30.0   82
 1.150   80.0  90  45  57  -3.906 210.0  30.0   71
 1.150 1270.0 -90  45  54  -5.469   0.0   0.0 1256
 1.175   80.0  90  48  57   3.906   0.0   0.0   79
 1.225 1077.5 -90  51  60  -5.469   0.0   0.0 1078
 1.225 1195.0 -90  51  60  -2.344   0.0   0.0 1182
 1.325  197.5  90  51  60   2.344  90.0  30.0  197
 1.325 1060.0  90  51  60  -5.469 150.0  30.0 1054
 1.350 1092.5  90  51  60  -0.781 150.0  30.0 1101
 1.400  920.0 -90  51  60   2.344 150.0  30.0  911
 1.450   80.0  90  48  57   5.469  90.0  30.0   89
 1.500  150.0  90  45  54  -2.344   0.0   0.0  162
 1.500  330.0  90  45  54   5.469  90.0  30.0  319
 1.525   80.0  90  45  54  -0.781 150.0  30.0   84
 1.675   92.5  90  42  51   3.906   0.0   0.0   85
 1.675  482.5  90  42  51  -3.906   0.0   0.0  494
 1.750  290.0 -90  36  45   2.344   0.0   0.0  291
 1.775 1277.5 -90  36  45   0.781   0.0   0.0 1266
 1.825  687.5 -90  39  48  -3.906  90.0  30.0  692
 1.975  110.0  90  33  45  -0.781  30.0  30.0  110
 1.975  112.5  90  33  42   0.781   0.0   0.0  110
 2.000   80.0  90  36  45   3.906 270.0  30.0   90
 2.000   80.0 -90  36  51   0.781 150.0  30.0   92
 2.075   82.5  90  30  39  -5.469   0.0   0.0   86
 2.075  112.5  90  30  39   0.781 330.0  30.0  109
 2.125   80.0  90  39  51  -0.781  90.0  30.0   90
 2.125   80.0 -90  39  48  -0.781   0.0   0.0   85
 2.150  155.0  90  36  45  -2.344   0.0   0.0  158
 2.150  157.5  90  36  45  -2.344   0.0   0.0  163
 2.150  232.5  90  36  45   3.906   0.0   0.0  219
 2.150  240.0  90  36  45   3.906   0.0   0.0  241
 2.150  275.0  90  36  45   3.906   0.0   0.0  265
 2.150  362.5  90  36  45  -2.344   0.0   0.0  350
 2.150   82.5 -90  39  48   5.469  90.0  30.0   92
 2.175  380.0 -90  33  42   2.344   0.0   0.0  383
 2.200   80.0 -90  36  45   5.469   0.0   0.0   85
 2.200  967.5 -90  36  45  -2.344   0.0   0.0  968
 2.225   80.0  90  39  48   5.469 270.0  30.0   79
 2.250  115.0  90  36  45   0.781   0.0   0.0  117
 2.275   85.0  90  30  39   2.344   0.0   0.0   72
 2.275  112.5  90  30  42   0.781 210.0  30.0  110
 2.275  115.0  90  30  39  -0.781 210.0  30.0  112
 2.275  755.0  90  30  39  -3.906   0.0   0.0  763
 2.375   80.0 -90  30  39   5.469   0.0   0.0   78
 2.400  515.0 -90  30  39   2.344 150.0  30.0  513
 2.400 1272.5 -90  30  39  -2.344   0.0   0.0 1261
 2.450  117.5 -90  30  39  -0.781  30.0  30.0  114
 2.450  195.0 -90  30  39  -3.906   0.0   0.0  202
 2.450  205.0 -90  30  39  -5.469   0.0   0.0  216
 2.475   80.0  90  27  39  -3.906  90.0  30.0   88
 2.475   80.0 -90  27  36  -5.469  90.0  30.0   74
 2.475  117.5 -90  27  36   0.781   0.0   0.0  110
 2.525 1085.0 -90  30  39  -5.469   0.0   0.0 1076
 2.575   80.0  90  30  42  -5.469 330.0  30.0   66
 3.075 1030.0 -90  30  39  -2.344   0.0   0.0 1033
 3.225  125.0  90  33  42   0.781   0.0   0.0  135
 3.350  217.5 -90  33  42   0.781 150.0  30.0  216
 3.375  217.5  90  30  39   0.781 330.0  30.0  220
 3.375  237.5  90  30  39  -0.781 210.0  30.0  239
 3.375  217.5 -90  30  45  -0.781 150.0  30.0  218
 3.375  220.0 -90  30  39  -0.781 150.0  30.0  217
 3.575  235.0  90  30  39   0.781  30.0  30.0  235
 3.575  237.5  90  30  39  -0.781   0.0   0.0  235
 3.600  235.0  90  30  39   0.781   0.0   0.0  236
 3.850  165.0 -90  33  42   3.906   0.0   0.0  153
 3.900  252.5  90  30  39  -0.781   0.0   0.0  253
 4.100  252.5  90  27  45  -0.781   0.0   0.0  252
 4.100  255.0  90  27  39  -0.781  30.0  30.0  254
 4.125  250.0  90  27  39  -0.781   0.0   0.0  250
 4.125  252.5  90  27  42  -0.781 210.0  30.0  251
 4.125  255.0  90  27  39  -0.781 210.0  30.0  254
 4.125  260.0  90  27  39  -0.781   0.0   0.0  260
 4.125 1165.0 -90  27  36  -0.781   0.0   0.0 1157
 4.150  255.0  90  33  45  -0.781   0.0   0.0  254
 4.150  257.5  90  33  42  -0.781  90.0  30.0  255
 4.150  260.0  90  33  42  -0.781   0.0   0.0  258
 4.150  262.5  90  33  42  -0.781   0.0   0.0  260
 4.175  255.0  90  33  42  -0.781  90.0  30.0  256
 4.175  257.5  90  33  48  -0.781  90.0  30.0  256
 4.175  260.0  90  33  42  -0.781 210.0  30.0  259
 4.175  262.5  90  33  42   0.781   0.0   0.0  262
 4.200  110.0  90  30  39  -5.469 210.0  30.0  105
 4.200  255.0  90  30  48  -0.781 210.0  30.0  255
 4.200  257.5  90  30  51  -0.781 210.0  30.0  257
 4.200  260.0  90  30  39  -0.781 210.0  30.0  258
 4.200  265.0  90  30  42  -0.781 210.0  30.0  263
 4.225  255.0  90  30  39  -0.781   0.0   0.0  256
 4.225  257.5  90  30  42  -0.781   0.0   0.0  255
 4.225  260.0  90  30  39  -0.781 210.0  30.0  259
 4.225  265.0  90  30  39   0.781 210.0  30.0  266
 4.250  257.5  90  33  42   0.781   0.0   0.0  257
 4.250  260.0  90  33  42  -0.781   0.0   0.0  262
 4.275  260.0  90  33  48  -0.781   0.0   0.0  258
 4.300  260.0  90  30  42  -0.781   0.0   0.0  260
 4.325  260.0  90  30  39  -0.781   0.0   0.0  261
 4.350  262.5  90  33  42   0.781   0.0   0.0  261
 4.350  115.0 -90  30  39  -3.906 150.0  30.0  117
 4.375  262.5  90  30  45  -0.781 210.0  30.0  263
 4.375  265.0  90  30  45  -0.781   0.0   0.0  264
 4.400  262.5  90  27  45  -0.781 210.0  30.0  263
 4.400  265.0  90  27  48  -0.781 210.0  30.0  263
 4.425  262.5  90  27  45  -0.781   0.0   0.0  264
 4.425  265.0  90  27  51  -0.781   0.0   0.0  264
 4.425  267.5  90  27  36  -0.781 210.0  30.0  263
 4.425  275.0  90  27  36  -0.781 210.0  30.0  273
 4.450  262.5  90  30  42  -0.781 210.0  30.0  265
 4.450  265.0  90  30  54  -0.781   0.0   0.0  265
 4.450  267.5  90  30  48  -0.781   0.0   0.0  265
 4.450  277.5  90  30  39  -0.781   0.0   0.0  275
 4.475  265.0  90  30  51  -0.781 210.0  30.0  266
 4.475  267.5  90  30  51  -0.781   0.0   0.0  266
 4.500  265.0  90  30  45  -0.781 210.0  30.0  267
 4.500  267.5  90  30  54  -0.781   0.0   0.0  266
 4.500  270.0  90  30  45  -0.781   0.0   0.0  268
 4.500  277.5  90  30  39  -0.781   0.0   0.0  278
 4.525  265.0  90  27  42   0.781 210.0  30.0  267
 4.525  267.5  90  27  51  -0.781   0.0   0.0  267
 4.525  270.0  90  27  36   0.781   0.0   0.0  264
 4.525  277.5  90  27  39  -0.781  30.0  30.0  279
 4.525  280.0  90  27  36  -0.781 210.0  30.0  277
 4.525  415.0  90  27  36   5.469   0.0   0.0  417
 4.550  267.5  90  30  48  -0.781   0.0   0.0  267
 4.550  270.0  90  30  45  -0.781   0.0   0.0  268
 4.550  277.5  90  30  42  -0.781   0.0   0.0  277
 4.550  280.0  90  30  39  -0.781   0.0   0.0  277
 4.575  267.5  90  30  42   0.781 210.0  30.0  267
 4.575  270.0  90  30  42  -0.781 210.0  30.0  269
 4.575  277.5  90  30  45   0.781   0.0   0.0  278
 4.575  280.0  90  30  42   0.781   0.0   0.0  276
 4.600  270.0  90  30  39  -0.781   0.0   0.0  273
 4.600  272.5  90  30  39  -0.781   0.0   0.0  271
 4.600  277.5  90  30  45  -0.781  30.0  30.0  278
 4.600  280.0  90  30  45  -0.781   0.0   0.0  278
 4.625  267.5  90  30  39   0.781 210.0  30.0  267
 4.625  270.0  90  30  42  -0.781 210.0  30.0  270
 4.625  272.5  90  30  42   0.781   0.0   0.0  267
 4.625  277.5  90  30  45  -0.781   0.0   0.0  278
 4.625  280.0  90  30  48  -0.781   0.0   0.0  278
 4.725  272.5  90  33  45   0.781 210.0  30.0  271
 4.725  275.0  90  33  42   0.781 210.0  30.0  272
 4.725  277.5  90  33  45  -0.781   0.0   0.0  278
 4.725  280.0  90  33  48   0.781   0.0   0.0  279
 4.725  282.5  90  33  42  -0.781  30.0  30.0  280
 4.725  547.5  90  33  42   0.781   0.0   0.0  549
 4.725  560.0  90  33  42  -0.781   0.0   0.0  563
 4.725  890.0 -90  33  42   5.469   0.0   0.0  895
 4.750  142.5  90  33  42  -2.344   0.0   0.0  147
 4.750  150.0  90  33  42  -2.344   0.0   0.0  154
 4.750  272.5  90  33  45  -0.781  30.0  30.0  274
 4.750  275.0  90  33  45   0.781   0.0   0.0  276
 4.750  277.5  90  33  42   0.781   0.0   0.0  278
 4.750  280.0  90  33  45   0.781   0.0   0.0  277
 4.750  542.5  90  33  42  -0.781   0.0   0.0  537
 4.750 1130.0 -90  33  42   0.781   0.0   0.0 1129
 4.775  272.5  90  33  45  -0.781   0.0   0.0  273
 4.775  275.0  90  33  45  -0.781 210.0  30.0  273
 4.775  277.5  90  33  45  -0.781   0.0   0.0  279
 4.775  280.0  90  33  48  -0.781   0.0   0.0  277
 4.775  545.0  90  33  45  -0.781   0.0   0.0  546
 4.800  272.5  90  33  42  -0.781   0.0   0.0  273
 4.800  275.0  90  33  42   0.781   0.0   0.0  269
 4.800  277.5  90  33  48  -0.781  30.0  30.0  278
 4.800  280.0  90  33  48  -0.781   0.0   0.0  278
 4.825  272.5  90  30  42  -0.781   0.0   0.0  272
 4.825  275.0  90  30  48  -0.781 210.0  30.0  275
 4.825  277.5  90  30  51  -0.781   0.0   0.0  277
 4.825  280.0  90  30  42   0.781   0.0   0.0  277
 4.825  275.0 -90  30  39  -0.781 150.0  30.0  273
 4.850  275.0  90  30  42   0.781   0.0   0.0  274
 4.850  277.5  90  30  48  -0.781   0.0   0.0  277
 4.850  280.0  90  30  42   0.781   0.0   0.0  279
 4.850  545.0  90  30  39  -0.781   0.0   0.0  544
 4.850  547.5  90  30  42   0.781   0.0   0.0  546
 4.850  560.0  90  30  39   0.781   0.0   0.0  558
 4.850  120.0 -90  27  36   3.906   0.0   0.0  114
 4.850  277.5 -90  27  39  -0.781 150.0  30.0  277
 4.875  275.0  90  30  39   0.781 210.0  30.0  275
 4.875  277.5  90  30  42   0.781   0.0   0.0  275
 4.875  280.0  90  30  45  -0.781 210.0  30.0  279
 4.875  547.5  90  30  39   0.781   0.0   0.0  542
 4.900  275.0  90  30  39  -0.781 210.0  30.0  275
 4.900  277.5  90  30  45  -0.781   0.0   0.0  277
 4.900  280.0  90  30  45  -0.781  30.0  30.0  279
 4.900  547.5  90  30  39   0.781   0.0   0.0  545
 4.900  550.0  90  30  39  -0.781  30.0  30.0  549
 4.900  277.5 -90  30  39  -0.781 150.0  30.0  277
 4.900  905.0 -90  30  39   3.906   0.0   0.0  901
 4.925  277.5  90  30  45  -0.781  30.0  30.0  277
 4.925  280.0  90  30  39  -0.781  30.0  30.0  281
 4.950  275.0  90  33  42  -0.781  30.0  30.0  276
 4.950  277.5  90  33  48  -0.781   0.0   0.0  276
 4.950  280.0  90  33  45  -0.781   0.0   0.0  279
 4.950  550.0  90  33  42   0.781   0.0   0.0  551
 4.950  552.5  90  33  42   0.781   0.0   0.0  550
 4.950  277.5 -90  30  39  -0.781 150.0  30.0  275
 4.975  275.0  90  33  45  -0.781   0.0   0.0  267
 4.975  277.5  90  33  51   0.781   0.0   0.0  267
 4.975  280.0  90  33  45  -0.781   0.0   0.0  271
 4.975  277.5 -90  30  42  -0.781  90.0  30.0  280
 5.025  225.0  90  27  36  -2.344   0.0   0.0  226
 5.025  275.0  90  27  39  -0.781   0.0   0.0  275
 5.025  277.5  90  27  48  -0.781   0.0   0.0  276
 5.025  280.0  90  27  48  -0.781   0.0   0.0  278
 5.025  550.0  90  27  42  -0.781  30.0  30.0  549
 5.025  210.0 -90  27  36  -3.906   0.0   0.0  202
 5.025  277.5 -90  27  36   0.781 150.0  30.0  277
 5.025  280.0 -90  27  36  -0.781 270.0  30.0  277
 5.050  275.0  90  27  39  -0.781   0.0   0.0  275
 5.050  277.5  90  27  45  -0.781   0.0   0.0  276
 5.050  280.0  90  27  45   0.781  30.0  30.0  279
 5.050  282.5  90  27  36  -0.781   0.0   0.0  284
 5.050  550.0  90  27  45   0.781   0.0   0.0  550
 5.050  552.5  90  27  42  -0.781   0.0   0.0  552
 5.050  555.0  90  27  36  -0.781 210.0  30.0  552
 5.050  277.5 -90  27  36  -0.781 330.0  30.0  276
 5.050  280.0 -90  27  36   0.781 330.0  30.0  279
 5.050  430.0 -90  27  36   5.469   0.0   0.0  422
 5.050  550.0 -90  27  36  -0.781 270.0  30.0  549
 5.075  277.5  90  30  45  -0.781   0.0   0.0  278
 5.075  280.0  90  30  45   0.781 210.0  30.0  279
 5.075  550.0  90  30  45   0.781   0.0   0.0  550
 5.075  552.5  90  30  48   0.781   0.0   0.0  551
 5.075  552.5 -90  30  39  -0.781 150.0  30.0  550
 5.100  280.0  90  33  45   0.781   0.0   0.0  277
 5.100  552.5  90  33  42  -0.781   0.0   0.0  552
 5.125  280.0  90  30  42  -0.781   0.0   0.0  281
 5.125  282.5  90  30  39  -0.781   0.0   0.0  280
 5.125  552.5  90  30  45   0.781 210.0  30.0  552
 5.125  555.0  90  30  39   0.781   0.0   0.0  551
 5.150  277.5  90  33  45   0.781   0.0   0.0  278
 5.150  280.0  90  33  48   0.781   0.0   0.0  281
 5.150  282.5  90  33  45   0.781   0.0   0.0  282
 5.150  552.5  90  33  42   0.781   0.0   0.0  552
 5.150  555.0  90  33  42   0.781   0.0   0.0  554
 5.175  277.5  90  36  48  -0.781   0.0   0.0  278
 5.175  280.0  90  36  48  -0.781   0.0   0.0  278
 5.175  555.0  90  36  45  -0.781   0.0   0.0  557
 5.200  277.5  90  36  51   0.781   0.0   0.0  278
 5.200  280.0  90  36  48  -0.781   0.0   0.0  278
 5.225  130.0  90  30  39   2.344   0.0   0.0  135
 5.225  165.0  90  30  39   2.344   0.0   0.0  167
 5.225  240.0  90  30  39   2.344   0.0   0.0  241
 5.225  277.5  90  30  45   0.781 210.0  30.0  277
 5.225  280.0  90  30  45   0.781   0.0   0.0  276
 5.225  282.5  90  30  39  -0.781   0.0   0.0  279
 5.225  290.0  90  30  39  -0.781   0.0   0.0  294
 5.225  337.5  90  30  39  -5.469   0.0   0.0  351
 5.225  340.0  90  30  39  -0.781   0.0   0.0  328
 5.225  345.0  90  30  39  -0.781   0.0   0.0  354
 5.225  347.5  90  30  39  -0.781   0.0   0.0  352
 5.225  407.5  90  30  39   3.906   0.0   0.0  411
 5.225  430.0  90  30  39  -0.781   0.0   0.0  430
 5.225  437.5  90  30  39   5.469   0.0   0.0  450
 5.225  450.0  90  30  39  -5.469   0.0   0.0  436
 5.225  555.0  90  30  42   0.781 210.0  30.0  555
 5.225  557.5  90  30  42  -0.781   0.0   0.0  556
 5.225  277.5 -90  33  42  -0.781   0.0   0.0  283
 5.250  277.5  90  30  45   0.781   0.0   0.0  278
 5.250  280.0  90  30  45   0.781  30.0  30.0  278
 5.250  282.5  90  30  39  -0.781   0.0   0.0  280
 5.250  662.5  90  30  39  -5.469   0.0   0.0  664
 5.250   95.0 -90  30  39  -5.469 210.0  30.0  105
 5.250  280.0 -90  30  42   0.781 330.0  30.0  275
 5.275  277.5  90  33  45   0.781   0.0   0.0  279
 5.275  280.0  90  33  48   0.781   0.0   0.0  278
 5.275  557.5  90  33  42   0.781   0.0   0.0  556
 5.275  280.0 -90  33  42   0.781 150.0  30.0  279
 5.300  280.0  90  33  48   0.781 210.0  30.0  279
 5.325  277.5  90  30  39  -0.781   0.0   0.0  278
 5.325  280.0  90  30  45  -0.781   0.0   0.0  279
 5.325  285.0  90  30  39   0.781   0.0   0.0  287
 5.325  557.5  90  30  39   0.781   0.0   0.0  556
 5.325  560.0  90  30  42   0.781   0.0   0.0  558
 5.325  562.5  90  30  39   3.906   0.0   0.0  568
 5.350  282.5  90  30  39   0.781   0.0   0.0  280
 5.350  290.0  90  30  39  -0.781 150.0  30.0  291
 5.350  292.5  90  30  39   0.781 150.0  30.0  290
 5.350  560.0  90  30  39   0.781   0.0   0.0  560
 5.350  407.5 -90  27  36  -3.906   0.0   0.0  410
 5.350  422.5 -90  27  36  -3.906   0.0   0.0  415
 5.350  427.5 -90  27  36  -5.469   0.0   0.0  422
 5.350  575.0 -90  27  36  -2.344   0.0   0.0  569
 5.375  280.0  90  30  39   0.781 210.0  30.0  280
 5.375  282.5  90  30  42  -0.781   0.0   0.0  281
 5.375  285.0  90  30  42   0.781   0.0   0.0  283
 5.375  290.0  90  30  39  -0.781 210.0  30.0  289
 5.375  292.5  90  30  39   0.781   0.0   0.0  288
 5.375  560.0  90  30  39  -0.781   0.0   0.0  557
 5.400  110.0  90  30  39  -5.469   0.0   0.0  100
 5.400  280.0  90  30  39   0.781 210.0  30.0  282
 5.400  292.5  90  30  39  -0.781 150.0  30.0  290
 5.400  670.0 -90  30  39  -0.781   0.0   0.0  664
 5.425  280.0  90  30  42  -0.781   0.0   0.0  281
 5.425  282.5  90  30  39   0.781   0.0   0.0  282
 5.425  285.0  90  30  39  -0.781   0.0   0.0  285
 5.425  287.5  90  30  39   0.781   0.0   0.0  287
 5.425  292.5  90  30  42  -0.781   0.0   0.0  290
 5.425  295.0  90  30  39   0.781   0.0   0.0  294
 5.700  285.0  90  33  45   0.781   0.0   0.0  284
 5.700  287.5  90  33  42   0.781   0.0   0.0  285
 5.700  290.0  90  33  42   0.781   0.0   0.0  290
 5.700  292.5  90  33  48   0.781   0.0   0.0  292
 5.700  295.0  90  33  42   0.781 210.0  30.0  294
 5.700  570.0  90  33  42   0.781   0.0   0.0  569
 5.725  285.0  90  33  42   0.781 210.0  30.0  284
 5.725  295.0  90  33  42   0.781   0.0   0.0  293
 5.725  570.0  90  33  42   0.781 210.0  30.0  569
 5.750  285.0  90  30  39   0.781   0.0   0.0  282
 5.750  295.0  90  30  42   0.781   0.0   0.0  293
 5.750  742.5  90  30  39  -0.781   0.0   0.0  747
 5.750  495.0 -90  30  39  -5.469   0.0   0.0  498
 5.750  547.5 -90  30  39  -5.469   0.0   0.0  561
 5.775  285.0  90  30  39   0.781  30.0  30.0  285
 5.775  287.5  90  30  39   0.781  30.0  30.0  286
 5.775  292.5  90  30  39  -0.781  90.0  30.0  293
 5.775  295.0  90  30  45  -0.781   0.0   0.0  292
 5.775  295.0 -90  30  39  -0.781  90.0  30.0  294
 5.800  287.5  90  33  45   0.781   0.0   0.0  286
 5.800  295.0  90  33  42  -0.781 210.0  30.0  294
 5.800   95.0 -90  30  39  -5.469   0.0   0.0   97
 5.800  287.5 -90  30  39   0.781 150.0  30.0  286
 5.800 1212.5 -90  30  39  -3.906   0.0   0.0 1221
 5.825  285.0  90  30  39   0.781   0.0   0.0  286
 5.825  287.5  90  30  42   0.781   0.0   0.0  285
 5.825  295.0  90  30  42  -0.781  30.0  30.0  294
 5.850  287.5  90  30  42   0.781  30.0  30.0  287
 5.850  297.5  90  30  42  -0.781   0.0   0.0  295
 5.850  295.0 -90  30  39   0.781   0.0   0.0  294
 5.875  575.0  90  30  39   0.781   0.0   0.0  574
 5.875  295.0 -90  30  39  -0.781   0.0   0.0  295
 5.875  862.5 -90  30  39  -0.781   0.0   0.0  873
 5.900  287.5  90  33  42   0.781   0.0   0.0  287
 5.925  287.5  90  27  42   0.781   0.0   0.0  289
 5.925  290.0  90  27  42   0.781   0.0   0.0  288
 5.925  295.0  90  27  39  -0.781 270.0  30.0  294
 5.925  297.5  90  27  36  -0.781 150.0  30.0  297
 5.925  602.5  90  27  36   0.781   0.0   0.0  605
 5.925  152.5 -90  27  36  -5.469   0.0   0.0  151
 5.925  287.5 -90  27  36   0.781 150.0  30.0  286
 5.925  295.0 -90  27  36  -0.781 210.0  30.0  294
 5.925  650.0 -90  27  36   5.469   0.0   0.0  658
 5.950  287.5  90  27  45   0.781   0.0   0.0  287
 5.950  290.0  90  27  45   0.781   0.0   0.0  288
 5.950  295.0  90  27  39   0.781 150.0  30.0  295
 5.950  645.0  90  27  36  -0.781 270.0  30.0  647
 5.950  647.5  90  27  36  -0.781 330.0  30.0  655
 5.950  287.5 -90  27  36   0.781 150.0  30.0  287
 5.950  290.0 -90  27  39   0.781 150.0  30.0  289
 5.950  295.0 -90  27  36  -0.781   0.0   0.0  295
 5.975  287.5  90  30  39   0.781   0.0   0.0  289
 5.975  290.0  90  30  45   0.781 210.0  30.0  289
 6.000   80.0  90  30  48   2.344   0.0   0.0   76
 6.000  295.0  90  30  39  -0.781 270.0  30.0  294
 6.025  107.5  90  30  39   5.469   0.0   0.0  109
 6.025  110.0  90  30  39   5.469   0.0   0.0  114
 6.025  290.0  90  30  48   0.781 210.0  30.0  290
 6.025  292.5  90  30  42   0.781   0.0   0.0  290
 6.025  295.0  90  30  45   0.781 150.0  30.0  294
 6.025  300.0  90  30  39   0.781 210.0  30.0  301
 6.025  290.0 -90  33  42   0.781 150.0  30.0  290
 6.050  290.0  90  33  54   0.781   0.0   0.0  290
 6.050  292.5  90  33  51   0.781   0.0   0.0  290
 6.050  290.0 -90  30  45   0.781 270.0  30.0  289
 6.050  292.5 -90  30  45   0.781  90.0  30.0  290
 6.050  300.0 -90  30  39   0.781   0.0   0.0  305
 6.050  302.5 -90  30  39   0.781   0.0   0.0  306
 6.050  385.0 -90  30  39  -0.781   0.0   0.0  397
 6.075  105.0  90  30  39   5.469   0.0   0.0  115
 6.075  290.0  90  30  51   0.781   0.0   0.0  291
 6.075  292.5  90  30  57   0.781   0.0   0.0  291
 6.075  295.0  90  30  42   0.781 270.0  30.0  294
 6.075  297.5  90  30  39   0.781 150.0  30.0  295
 6.075  302.5  90  30  39  -0.781 210.0  30.0  302
 6.075  115.0 -90  30  39  -3.906   0.0   0.0  107
 6.075  117.5 -90  30  39   2.344   0.0   0.0  119
 6.075  290.0 -90  30  45   0.781  90.0  30.0  291
 6.075  292.5 -90  30  51   0.781 150.0  30.0  291
 6.075  295.0 -90  30  39   0.781   0.0   0.0  292
 6.100  290.0  90  33  48   0.781 210.0  30.0  292
 6.100  292.5  90  33  60   0.781   0.0   0.0  292
 6.100  295.0  90  33  51   0.781   0.0   0.0  292
 6.100  302.5  90  33  42   0.781 210.0  30.0  301
 6.100  290.0 -90  33  45   0.781   0.0   0.0  293
 6.100  292.5 -90  33  51   0.781 270.0  30.0  291
 6.125  290.0  90  33  48   0.781   0.0   0.0  292
 6.125  292.5  90  33  60   0.781   0.0   0.0  292
 6.125  295.0  90  33  51   0.781   0.0   0.0  292
 6.125  297.5  90  33  42   0.781 150.0  30.0  296
 6.125  292.5 -90  33  54   0.781 270.0  30.0  292
 6.125  295.0 -90  33  48   0.781  30.0  30.0  293
 6.150  290.0  90  30  39   0.781   0.0   0.0  292
 6.150  292.5  90  30  57   0.781  30.0  30.0  292
 6.150  295.0  90  30  57   0.781  30.0  30.0  293
 6.150  297.5  90  30  45   0.781 150.0  30.0  296
 6.150  300.0  90  30  39  -0.781  90.0  30.0  297
 6.150  530.0  90  30  39   3.906   0.0   0.0  531
 6.150  615.0  90  30  39  -0.781   0.0   0.0  611
 6.150  652.5  90  30  39   0.781   0.0   0.0  648
 6.150  660.0  90  30  39  -2.344   0.0   0.0  656
 6.150  692.5  90  30  39  -3.906   0.0   0.0  684
 6.150  292.5 -90  33  51   0.781 270.0  30.0  293
 6.150  295.0 -90  33  51   0.781 270.0  30.0  292
 6.150  300.0 -90  33  42  -0.781   0.0   0.0  300
 6.175  292.5  90  33  54   0.781   0.0   0.0  293
 6.175  295.0  90  33  57   0.781   0.0   0.0  293
 6.175  297.5  90  33  42   0.781   0.0   0.0  293
 6.175  292.5 -90  33  48   0.781 330.0  30.0  293
 6.175  295.0 -90  33  51   0.781 270.0  30.0  293
 6.200  292.5  90  33  48   0.781 210.0  30.0  293
 6.200  295.0  90  33  57   0.781   0.0   0.0  294
 6.200  297.5  90  33  45  -0.781   0.0   0.0  294
 6.200  292.5 -90  33  42   0.781 270.0  30.0  293
 6.200  295.0 -90  33  51   0.781 270.0  30.0  294
 6.225  295.0  90  33  51   0.781 210.0  30.0  294
 6.225  297.5  90  33  48   0.781 150.0  30.0  295
 6.225  295.0 -90  33  45   0.781 330.0  30.0  295
 6.250  295.0  90  30  45   0.781  30.0  30.0  295
 6.250  297.5  90  30  45   0.781 270.0  30.0  296
 6.250  392.5  90  30  39  -0.781   0.0   0.0  406
 6.250  590.0  90  30  39   0.781  30.0  30.0  588
 6.250  295.0 -90  30  42   0.781 210.0  30.0  295
 6.250  297.5 -90  30  45   0.781  30.0  30.0  296
 6.250  655.0 -90  30  39   5.469   0.0   0.0  660
 6.250  702.5 -90  30  39   0.781   0.0   0.0  714
 6.275  295.0  90  30  42   0.781   0.0   0.0  294
 6.275  297.5  90  30  48   0.781 150.0  30.0  297
 6.275  300.0  90  30  45   0.781 150.0  30.0  298
 6.275 1270.0  90  30  39  -5.469   0.0   0.0 1259
 6.275  297.5 -90  30  45   0.781   0.0   0.0  298
 6.275  300.0 -90  30  39  -0.781   0.0   0.0  299
 6.275  302.5 -90  30  39  -0.781   0.0   0.0  303
 6.275  485.0 -90  30  39   0.781   0.0   0.0  485
 6.275  592.5 -90  30  39  -2.344   0.0   0.0  578
 6.275  627.5 -90  30  39  -0.781   0.0   0.0  623
 6.275  782.5 -90  30  39   3.906   0.0   0.0  783
 6.275  800.0 -90  30  39  -2.344   0.0   0.0  789
 6.275  952.5 -90  30  39   0.781   0.0   0.0  941
 6.300  297.5  90  33  45   0.781 150.0  30.0  298
 6.300  300.0  90  33  48   0.781 150.0  30.0  298
 6.300  297.5 -90  33  42   0.781  30.0  30.0  297
 6.300  300.0 -90  33  42   0.781   0.0   0.0  297
 6.325  297.5  90  33  45   0.781   0.0   0.0  296
 6.325  300.0  90  33  45   0.781  90.0  30.0  298
 6.350  595.0  90  33  42   0.781   0.0   0.0  594
 6.375  812.5 -90  30  39  -2.344   0.0   0.0  824
 6.375 1077.5 -90  30  39   2.344   0.0   0.0 1065
 6.375 1110.0 -90  30  39  -3.906   0.0   0.0 1100
 6.375 1212.5 -90  30  39  -5.469   0.0   0.0 1215
 6.375 1242.5 -90  30  39  -3.906   0.0   0.0 1253
 6.400  297.5  90  30  39   0.781   0.0   0.0  298
 6.400  300.0  90  30  45   0.781  30.0  30.0  298
 6.400  317.5  90  30  39   2.344   0.0   0.0  328
 6.400  597.5  90  30  39   0.781   0.0   0.0  598
 6.400  300.0 -90  30  45   0.781 210.0  30.0  299
 6.425  297.5  90  30  39  -0.781   0.0   0.0  299
 6.425  300.0  90  30  48   0.781 150.0  30.0  299
 6.425  302.5  90  30  39   0.781  30.0  30.0  300
 6.425  297.5 -90  30  42  -0.781  30.0  30.0  299
 6.425  300.0 -90  30  51   0.781 210.0  30.0  299
 6.425  302.5 -90  30  42  -0.781  30.0  30.0  300
 6.450  300.0  90  33  51   0.781 150.0  30.0  299
 6.450  302.5  90  33  45   0.781 210.0  30.0  301
 6.450  300.0 -90  33  51   0.781  30.0  30.0  299
 6.450  302.5 -90  33  45   0.781   0.0   0.0  300
 6.475  300.0  90  33  45   0.781 150.0  30.0  299
 6.475  302.5  90  33  42   0.781  30.0  30.0  298
 6.475  305.0  90  33  42   0.781  30.0  30.0  306
 6.475  300.0 -90  36  51   0.781 210.0  30.0  300
 6.475  302.5 -90  36  45   0.781 210.0  30.0  300
 6.500  300.0  90  33  45   0.781 210.0  30.0  300
 6.500  302.5  90  33  48   0.781  30.0  30.0  301
 6.500  305.0  90  33  42   0.781   0.0   0.0  301
 6.500  602.5  90  33  42   0.781 210.0  30.0  604
 6.500  605.0  90  33  42   0.781 210.0  30.0  603
 6.500  300.0 -90  33  48   0.781   0.0   0.0  299
 6.725  307.5  90  30  45   0.781 210.0  30.0  307
 6.725  310.0  90  30  54   0.781  30.0  30.0  309
 6.725  312.5  90  30  45   0.781   0.0   0.0  309
 6.725  320.0  90  30  39  -0.781 210.0  30.0  319
 6.725  322.5  90  30  39  -0.781   0.0   0.0  323
 6.725  102.5 -90  30  39  -0.781 270.0  30.0   90
 6.725  107.5 -90  30  39  -0.781 210.0  30.0   93
 6.725  302.5 -90  30  48   0.781  30.0  30.0  303
 6.725  305.0 -90  30  48   0.781  30.0  30.0  303
 6.725  307.5 -90  30  39   0.781  30.0  30.0  307
 6.725  310.0 -90  30  42   0.781  30.0  30.0  309
 6.750  307.5  90  30  39   0.781  30.0  30.0  309
 6.750  310.0  90  30  51   0.781  30.0  30.0  309
 6.750  312.5  90  30  45   0.781  30.0  30.0  308
 6.750  315.0  90  30  42   0.781  30.0  30.0  314
 6.750  330.0  90  30  39   0.781   0.0   0.0  328
 6.750  617.5  90  30  39   0.781  30.0  30.0  616
 6.750  620.0  90  30  39   0.781  30.0  30.0  618
 6.750  100.0 -90  30  39  -5.469   0.0   0.0  101
 6.750  115.0 -90  30  39  -3.906   0.0   0.0  127
 6.750  302.5 -90  30  39   0.781  30.0  30.0  304
 6.750  305.0 -90  30  45   0.781  30.0  30.0  304
 6.750  307.5 -90  30  39   0.781  30.0  30.0  305
 6.750  312.5 -90  30  39  -0.781  30.0  30.0  312
 6.775  310.0  90  33  51   0.781   0.0   0.0  310
 6.775  312.5  90  33  51   0.781  30.0  30.0  311
 6.775  620.0  90  33  42   0.781  30.0  30.0  617
 6.775  305.0 -90  33  42  -0.781 210.0  30.0  304
 6.800  310.0  90  33  45   0.781   0.0   0.0  311
 6.800  312.5  90  33  54   0.781  30.0  30.0  312
 6.800  315.0  90  33  51   0.781  30.0  30.0  313
 6.800  317.5  90  33  42   0.781   0.0   0.0  315
 6.800  620.0  90  33  42   0.781   0.0   0.0  618
 6.800  622.5  90  33  42   0.781   0.0   0.0  621
 6.800  305.0 -90  33  48   0.781  30.0  30.0  305
 6.800  307.5 -90  33  45   0.781   0.0   0.0  306
 6.825  305.0  90  27  36   0.781  90.0  30.0  305
 6.825  312.5  90  27  42   0.781 210.0  30.0  314
 6.825  315.0  90  27  54   0.781  30.0  30.0  314
 6.825  317.5  90  27  42   0.781  30.0  30.0  314
 6.825  322.5  90  27  36   0.781 210.0  30.0  320
 6.825  325.0  90  27  36  -0.781  90.0  30.0  324
 6.825  622.5  90  27  39   0.781  30.0  30.0  621
 6.825  625.0  90  27  36   0.781  30.0  30.0  624
 6.825  627.5  90  27  36   0.781  30.0  30.0  624
 6.825  642.5  90  27  36   0.781   0.0   0.0  640
 6.825  720.0  90  27  36  -2.344   0.0   0.0  732
 6.825  877.5  90  27  36  -5.469   0.0   0.0  881
 6.825  305.0 -90  30  51   0.781  30.0  30.0  305
 6.825  307.5 -90  30  45   0.781   0.0   0.0  305
 6.850  307.5  90  27  36   0.781 150.0  30.0  306
 6.850  312.5  90  27  45   0.781   0.0   0.0  312
 6.850  315.0  90  27  54   0.781  30.0  30.0  314
 6.850  317.5  90  27  45   0.781  30.0  30.0  315
 6.850  322.5  90  27  36  -0.781 210.0  30.0  321
 6.850  325.0  90  27  36  -0.781  90.0  30.0  325
 6.850  327.5  90  27  36  -0.781  90.0  30.0  326
 6.850  335.0  90  27  36   0.781   0.0   0.0  333
 6.850  625.0  90  27  42   0.781  30.0  30.0  624
 6.850  627.5  90  27  42   0.781  30.0  30.0  626
 6.850  630.0  90  27  36   0.781  30.0  30.0  628
 6.850  305.0 -90  27  51   0.781  30.0  30.0  305
 6.850  307.5 -90  27  51   0.781  30.0  30.0  305
 6.875  315.0  90  33  54   0.781  30.0  30.0  314
 6.875  317.5  90  33  48   0.781  30.0  30.0  314
 6.875  305.0 -90  33  45   0.781  30.0  30.0  306
 6.875  307.5 -90  33  51   0.781   0.0   0.0  306
 6.875  315.0 -90  33  45  -0.781   0.0   0.0  313
 6.900  315.0  90  33  51   0.781  30.0  30.0  315
 6.900  317.5  90  33  54   0.781  30.0  30.0  316
 6.900  305.0 -90  33  42   0.781 210.0  30.0  306
 6.900  307.5 -90  33  45   0.781 210.0  30.0  306
 6.925  315.0  90  33  42   0.781   0.0   0.0  318
 6.925  317.5  90  33  54   0.781  30.0  30.0  316
 6.925  320.0  90  33  45   0.781  30.0  30.0  317
 6.925  305.0 -90  30  42   0.781   0.0   0.0  306
 6.925  307.5 -90  30  42   0.781  30.0  30.0  304
 6.925  310.0 -90  30  39   0.781   0.0   0.0  313
 6.925  312.5 -90  30  39   0.781   0.0   0.0  309
 6.950  317.5  90  27  48   0.781  30.0  30.0  317
 6.950  320.0  90  27  45   0.781  30.0  30.0  318
 6.950  327.5  90  27  36   0.781   0.0   0.0  325
 6.950  632.5  90  27  36   0.781   0.0   0.0  631
 6.950  635.0  90  27  39   0.781   0.0   0.0  633
 6.950  637.5  90  27  42   0.781   0.0   0.0  636
 6.950  640.0  90  27  36   0.781  30.0  30.0  637
 6.950  305.0 -90  27  36   0.781 210.0  30.0  306
 6.950  307.5 -90  27  42   0.781  30.0  30.0  306
 6.950  310.0 -90  27  39   0.781  30.0  30.0  309
 6.950  312.5 -90  27  39   0.781   0.0   0.0  312
 6.950  315.0 -90  27  36   0.781   0.0   0.0  316
 6.975  317.5  90  30  42   0.781  30.0  30.0  317
 6.975  320.0  90  30  48   0.781  30.0  30.0  319
 6.975  322.5  90  30  39   0.781  30.0  30.0  321
 6.975  307.5 -90  30  48   0.781  30.0  30.0  307
 6.975  310.0 -90  30  42   0.781  30.0  30.0  308
 7.000  317.5  90  30  39   0.781  30.0  30.0  317
 7.000  320.0  90  30  39   0.781 210.0  30.0  323
 7.000  322.5  90  30  48   0.781  30.0  30.0  321
 7.000  292.5 -90  27  36   3.906   0.0   0.0  303
 7.000  307.5 -90  27  45   0.781  30.0  30.0  308
 7.000  310.0 -90  27  45   0.781  30.0  30.0  308
 7.000  315.0 -90  27  36   0.781   0.0   0.0  316
 7.000  317.5 -90  27  36  -0.781 210.0  30.0  316
 7.000  320.0 -90  27  36   0.781   0.0   0.0  323
 7.025  165.0  90  30  39  -3.906   0.0   0.0  173
 7.025  320.0  90  30  48   0.781  30.0  30.0  320
 7.025  322.5  90  30  54   0.781  30.0  30.0  321
 7.025  325.0  90  30  45   0.781 210.0  30.0  322
 7.025  640.0  90  30  39   0.781  30.0  30.0  638
 7.025  642.5  90  30  39   0.781  30.0  30.0  641
 7.025  307.5 -90  30  42   0.781   0.0   0.0  308
 7.025  310.0 -90  30  45   0.781  30.0  30.0  308
 7.025  312.5 -90  30  39   0.781  30.0  30.0  310
 7.050  320.0  90  30  39   0.781 210.0  30.0  321
 7.050  322.5  90  30  51   0.781  30.0  30.0  322
 7.050  325.0  90  30  48   0.781   0.0   0.0  323
 7.050  312.5 -90  30  42   0.781  30.0  30.0  313
 7.050  315.0 -90  30  42   0.781   0.0   0.0  313
 7.050  320.0 -90  30  39  -0.781 210.0  30.0  320
 7.075  325.0  90  33  51   0.781  30.0  30.0  324
 7.075  327.5  90  33  42   0.781  30.0  30.0  325
 7.075  310.0 -90  33  42   0.781  30.0  30.0  308
 7.100  310.0  90  33  42   0.781 150.0  30.0  310
 7.100  325.0  90  33  48   0.781   0.0   0.0  325
 7.100  327.5  90  33  51   0.781  30.0  30.0  325
 7.100  310.0 -90  33  48   0.781  30.0  30.0  310
 7.100  312.5 -90  33  48   0.781  30.0  30.0  311
 7.125  312.5  90  33  42   0.781 150.0  30.0  311
 7.125  325.0  90  33  51   0.781  30.0  30.0  325
 7.125  327.5  90  33  54   0.781  30.0  30.0  325
 7.125  330.0  90  33  45   0.781  30.0  30.0  329
 7.125  310.0 -90  33  48   0.781 210.0  30.0  310
 7.125  312.5 -90  33  48   0.781 210.0  30.0  311
 7.125  315.0 -90  33  42   0.781   0.0   0.0  314
 7.150  312.5  90  30  39   0.781 150.0  30.0  312
 7.150  325.0  90  30  48   0.781  30.0  30.0  325
 7.150  327.5  90  30  57   0.781  30.0  30.0  327
 7.150  330.0  90  30  54   0.781  30.0  30.0  328
 7.150  332.5  90  30  39   0.781  30.0  30.0  329
 7.150  350.0  90  30  39   0.781   0.0   0.0  351
 7.150  657.5  90  30  39   0.781   0.0   0.0  655
 7.150  310.0 -90  30  42   0.781  30.0  30.0  311
 7.150  312.5 -90  30  45   0.781  30.0  30.0  311
 7.150  315.0 -90  30  39   0.781 210.0  30.0  317
 7.150  317.5 -90  30  42   0.781 210.0  30.0  317
 7.150  320.0 -90  30  39  -0.781  30.0  30.0  320
 7.150  327.5 -90  30  42   0.781 270.0  30.0  327
 7.175  327.5  90  33  51   0.781  30.0  30.0  328
 7.175  330.0  90  33  57   0.781  30.0  30.0  329
 7.175  332.5  90  33  45   0.781  30.0  30.0  329
 7.175  657.5  90  33  42   0.781 210.0  30.0  656
 7.175  315.0 -90  33  42  -0.781  30.0  30.0  314
 7.175  330.0 -90  33  42   0.781 270.0  30.0  328
 7.200  330.0  90  33  51   0.781  30.0  30.0  331
 7.200  332.5  90  33  54   0.781  30.0  30.0  330
 7.200  315.0 -90  33  42   0.781 210.0  30.0  313
 7.225  330.0  90  33  51   0.781  30.0  30.0  330
 7.225  332.5  90  33  57   0.781  30.0  30.0  331
 7.225  335.0  90  33  45   0.781  30.0  30.0  332
 7.225  312.5 -90  33  45   0.781  30.0  30.0  312
 7.225  315.0 -90  33  45   0.781  30.0  30.0  313
 7.225  332.5 -90  33  42   0.781 330.0  30.0  332
 7.250  330.0  90  33  42   0.781  30.0  30.0  330
 7.250  332.5  90  33  54   0.781  30.0  30.0  332
 7.250  335.0  90  33  54   0.781  30.0  30.0  333
 7.250  337.5  90  33  42   0.781  30.0  30.0  335
 7.250  112.5 -90  30  39  -2.344   0.0   0.0  122
 7.250  312.5 -90  30  42   0.781  30.0  30.0  314
 7.250  315.0 -90  30  48   0.781  30.0  30.0  313
 7.250  317.5 -90  30  39   0.781  30.0  30.0  318
 7.250  320.0 -90  30  39   0.781   0.0   0.0  316
 7.250  332.5 -90  30  39   0.781 270.0  30.0  332
 7.250  335.0 -90  30  39   0.781 150.0  30.0  334
 7.250  655.0 -90  30  39   3.906   0.0   0.0  650
 7.275  332.5  90  30  42   0.781 210.0  30.0  332
 7.275  335.0  90  30  51   0.781 210.0  30.0  334
 7.275  337.5  90  30  48   0.781  30.0  30.0  335
 7.275  842.5  90  30  39   5.469   0.0   0.0  842
 7.275  315.0 -90  33  48   0.781  30.0  30.0  314
 7.275  317.5 -90  33  42   0.781  30.0  30.0  313
 7.300  335.0  90  33  45   0.781  30.0  30.0  335
 7.300  337.5  90  33  51   0.781  30.0  30.0  336
 7.300  315.0 -90  33  42   0.781  30.0  30.0  315
 7.300  317.5 -90  33  45   0.781  30.0  30.0  316
 7.300  355.0 -90  33  42   5.469   0.0   0.0  348
 7.325  337.5  90  36  51   0.781  30.0  30.0  336
 7.325  340.0  90  36  45   0.781  30.0  30.0  339
 7.325  315.0 -90  36  48   0.781  30.0  30.0  315
 7.325  317.5 -90  36  45   0.781   0.0   0.0  317
 7.350  337.5  90  33  45   0.781 210.0  30.0  337
 7.350  340.0  90  33  45   0.781  30.0  30.0  338
 7.350  342.5  90  33  45  -0.781   0.0   0.0  339
 7.375  337.5  90  30  39  -0.781  30.0  30.0  335
 7.375  340.0  90  30  48   0.781  30.0  30.0  339
 7.375  342.5  90  30  45   0.781  30.0  30.0  339
 7.400  340.0  90  30  39   0.781  30.0  30.0  340
 7.400  342.5  90  30  45   0.781  30.0  30.0  341
 7.400  345.0  90  30  39   0.781 210.0  30.0  342
 7.400  322.5 -90  30  42   0.781 210.0  30.0  321
 7.400  325.0 -90  30  42  -0.781 210.0  30.0  324
 7.400  327.5 -90  30  42  -0.781 210.0  30.0  328
 7.425  345.0  90  30  45   0.781  30.0  30.0  343
 7.425  347.5  90  30  39   0.781   0.0   0.0  347
 7.425  317.5 -90  30  42   0.781  30.0  30.0  318
 7.425  320.0 -90  30  42   0.781 210.0  30.0  318
 7.425  322.5 -90  30  42   0.781   0.0   0.0  318
 7.450  345.0  90  30  45   0.781  30.0  30.0  344
 7.450  347.5  90  30  39   0.781   0.0   0.0  347
 7.450  350.0  90  30  39   0.781   0.0   0.0  347
 7.450  317.5 -90  30  42   0.781  30.0  30.0  318
 7.450  320.0 -90  30  48   0.781  30.0  30.0  318
 7.450  340.0 -90  30  39   0.781 210.0  30.0  338
 7.475  320.0  90  30  39   0.781  90.0  30.0  317
 7.475  345.0  90  30  42   0.781  30.0  30.0  345
 7.475  347.5  90  30  51   0.781  30.0  30.0  347
 7.475  350.0  90  30  48   0.781  30.0  30.0  348
 7.475  165.0 -90  27  36  -5.469   0.0   0.0  163
 7.475  285.0 -90  27  36  -3.906   0.0   0.0  292
 7.475  307.5 -90  27  36  -2.344   0.0   0.0  304
 7.475  317.5 -90  27  42   0.781  30.0  30.0  318
 7.475  320.0 -90  27  51   0.781  30.0  30.0  319
 7.475  322.5 -90  27  39   0.781 210.0  30.0  321
 7.475  325.0 -90  27  39   0.781  30.0  30.0  323
 7.475  327.5 -90  27  36  -0.781 210.0  30.0  327
 7.475  340.0 -90  27  39   0.781  90.0  30.0  340
 7.475  342.5 -90  27  36  -0.781  30.0  30.0  340
 7.475  347.5 -90  27  39   0.781 270.0  30.0  346
 7.475  350.0 -90  27  36   0.781 270.0  30.0  348
 7.475 1257.5 -90  27  36  -5.469   0.0   0.0 1272
 7.475 1262.5 -90  27  36  -0.781   0.0   0.0 1258
 7.475 1282.5 -90  27  36   3.906   0.0   0.0 1287
 7.500  347.5  90  30  48   0.781  30.0  30.0  347
 7.500  350.0  90  30  54   0.781  30.0  30.0  349
 7.500  352.5  90  30  48   0.781  30.0  30.0  350
 7.500  320.0 -90  30  45   0.781  30.0  30.0  320
 7.500  322.5 -90  30  48   0.781  30.0  30.0  320
 7.500  325.0 -90  30  42   0.781   0.0   0.0  321
 7.500  327.5 -90  30  39   0.781 210.0  30.0  328
 7.500  342.5 -90  30  39   0.781 210.0  30.0  342
 7.500  347.5 -90  30  39   0.781 270.0  30.0  349
 7.500  350.0 -90  30  42   0.781 270.0  30.0  349
 7.525  350.0  90  30  48   0.781  30.0  30.0  351
 7.525  352.5  90  30  54   0.781  30.0  30.0  351
 7.525  355.0  90  30  45   0.781   0.0   0.0  351
 7.525  322.5 -90  33  42   0.781  30.0  30.0  320
 7.525  342.5 -90  33  42   0.781 210.0  30.0  342
 7.525  352.5 -90  33  45   0.781 270.0  30.0  351
 7.550  352.5  90  30  48   0.781  30.0  30.0  352
 7.550  355.0  90  30  48   0.781  30.0  30.0  353
 7.550 1070.0  90  30  39   3.906   0.0   0.0 1080
 7.550  320.0 -90  30  39   0.781  30.0  30.0  320
 7.550  327.5 -90  30  39   0.781  30.0  30.0  327
 7.550  342.5 -90  30  39  -0.781   0.0   0.0  346
 7.550  345.0 -90  30  39  -0.781   0.0   0.0  345
 7.550  352.5 -90  30  39   0.781 270.0  30.0  354
 7.550  355.0 -90  30  39   0.781 270.0  30.0  353
 7.550  652.5 -90  30  39   0.781   0.0   0.0  646
 7.550  780.0 -90  30  39  -3.906   0.0   0.0  782
 7.550  900.0 -90  30  39  -0.781   0.0   0.0  889
 7.550 1092.5 -90  30  39  -0.781   0.0   0.0 1096
 7.550 1095.0 -90  30  39  -0.781   0.0   0.0 1084
 7.575  322.5  90  30  39   0.781 150.0  30.0  322
 7.575  325.0  90  30  39   0.781 150.0  30.0  323
 7.575  352.5  90  30  39   0.781 210.0  30.0  354
 7.575  355.0  90  30  48   0.781  30.0  30.0  354
 7.575  357.5  90  30  42   0.781  30.0  30.0  356
 7.575  322.5 -90  30  48   0.781  30.0  30.0  322
 7.575  325.0 -90  30  45   0.781 210.0  30.0  323
 7.575  327.5 -90  30  39   0.781   0.0   0.0  324
 7.575  355.0 -90  30  39   0.781 270.0  30.0  354
 7.600  322.5  90  30  39   0.781 150.0  30.0  323
 7.600  325.0  90  30  42   0.781  90.0  30.0  323
 7.600  355.0  90  30  39   0.781   0.0   0.0  350
 7.600  940.0  90  30  39   0.781   0.0   0.0  949
 7.600 1020.0  90  30  39  -3.906   0.0   0.0 1009
 7.600  322.5 -90  30  48   0.781  30.0  30.0  323
 7.600  325.0 -90  30  51   0.781  30.0  30.0  323
 7.600  327.5 -90  30  42   0.781 210.0  30.0  325
 7.600  955.0 -90  30  39   5.469   0.0   0.0  964
 7.625  325.0  90  33  42   0.781 150.0  30.0  324
 7.625  322.5 -90  33  45   0.781  30.0  30.0  324
 7.625  325.0 -90  33  51   0.781  30.0  30.0  324
 7.650  325.0  90  30  39   0.781  90.0  30.0  324
 7.650  362.5  90  30  42   0.781  30.0  30.0  362
 7.650  365.0  90  30  39   0.781 210.0  30.0  364
 7.650  325.0 -90  30  48   0.781  30.0  30.0  325
 7.650  327.5 -90  30  42   0.781   0.0   0.0  322
 7.675  325.0  90  27  36   0.781 150.0  30.0  326
 7.675  362.5  90  27  42  -0.781  30.0  30.0  362
 7.675  365.0  90  27  45   0.781  30.0  30.0  364
 7.675  325.0 -90  27  42   0.781  30.0  30.0  325
 7.675  327.5 -90  27  39   0.781  30.0  30.0  325
 7.675  365.0 -90  27  36  -0.781 270.0  30.0  362
 7.675  407.5 -90  27  36  -0.781   0.0   0.0  407
 7.675  435.0 -90  27  36   2.344   0.0   0.0  448
 7.675  467.5 -90  27  36   5.469   0.0   0.0  466
 7.700  327.5  90  30  39   0.781 150.0  30.0  326
 7.700  365.0  90  30  48   0.781  30.0  30.0  364
 7.700  367.5  90  30  45   0.781  30.0  30.0  366
 7.700 1045.0  90  30  39  -3.906   0.0   0.0 1035
 7.700   92.5 -90  30  39   0.781   0.0   0.0   93
 7.700  325.0 -90  30  39   0.781  30.0  30.0  325
 7.700  327.5 -90  30  45   0.781  30.0  30.0  326
 7.700  330.0 -90  30  39   0.781  30.0  30.0  328
 7.700  365.0 -90  30  39   0.781 270.0  30.0  364
 7.725  367.5  90  33  48   0.781  30.0  30.0  367
 7.725  370.0  90  33  45   0.781  30.0  30.0  368
 7.725  327.5 -90  33  45   0.781  30.0  30.0  327
 7.725  330.0 -90  33  42   0.781  30.0  30.0  328
 7.750  205.0  90  33  42   5.469   0.0   0.0  210
 7.750  370.0  90  33  45   0.781  30.0  30.0  369
 7.750  372.5  90  33  42   0.781  30.0  30.0  370
 7.750  832.5  90  33  42  -3.906   0.0   0.0  836
 7.750  852.5  90  33  42   3.906   0.0   0.0  848
 7.750  330.0 -90  33  42   0.781  30.0  30.0  328
 7.750  710.0 -90  33  42   2.344   0.0   0.0  712
 7.800  377.5  90  33  42   0.781  30.0  30.0  376
 7.800  330.0 -90  33  42   0.781  30.0  30.0  330
 7.800  332.5 -90  33  42   0.781  30.0  30.0  332
 7.825  377.5  90  33  45   0.781  30.0  30.0  378
 7.825  380.0  90  33  45   0.781  30.0  30.0  378
 7.850  377.5  90  30  39  -0.781   0.0   0.0  378
 7.850  380.0  90  30  45   0.781  30.0  30.0  380
 7.850  382.5  90  30  42   0.781 210.0  30.0  381
 7.850  335.0 -90  30  39   0.781  30.0  30.0  332
 7.850  340.0 -90  30  39   0.781   0.0   0.0  337
 7.875  382.5  90  27  36   0.781   0.0   0.0  385
 7.875  385.0  90  27  39   0.781  30.0  30.0  384
 7.875  387.5  90  27  36  -0.781   0.0   0.0  387
 7.875  390.0  90  27  36   0.781   0.0   0.0  387
 7.875  930.0  90  27  36  -0.781   0.0   0.0  920
 7.875  332.5 -90  27  39   0.781  30.0  30.0  332
 7.875  335.0 -90  27  39   0.781  30.0  30.0  334
 7.900  387.5  90  27  39   0.781  30.0  30.0  386
 7.900  470.0  90  27  36   3.906   0.0   0.0  468
 7.900  335.0 -90  27  39   0.781 210.0  30.0  334
 7.900  337.5 -90  27  36   0.781  30.0  30.0  334
 7.900  345.0 -90  27  36   0.781   0.0   0.0  347
 7.900  430.0 -90  27  36   0.781   0.0   0.0  439
 7.925  392.5  90  30  39   0.781  30.0  30.0  391
 7.925  337.5 -90  30  39   0.781  30.0  30.0  336
 7.950  392.5  90  30  39   0.781  30.0  30.0  392
 7.950  395.0  90  30  42   0.781  30.0  30.0  394
 7.950  397.5  90  30  39   0.781  30.0  30.0  396
 7.950  337.5 -90  30  42   0.781  30.0  30.0  336
 7.950  340.0 -90  30  39   0.781   0.0   0.0  338
 7.975  395.0  90  27  39   0.781 210.0  30.0  395
 7.975  397.5  90  27  45   0.781  30.0  30.0  397
 7.975  400.0  90  27  45   0.781  30.0  30.0  398
 7.975  402.5  90  27  36   0.781  30.0  30.0  400
 7.975  337.5 -90  27  39   0.781 210.0  30.0  337
 7.975  350.0 -90  27  36   0.781 210.0  30.0  349
 7.975  397.5 -90  27  36   0.781 270.0  30.0  398
 8.000  400.0  90  30  42   0.781  30.0  30.0  400
 8.000  337.5 -90  30  39   0.781  30.0  30.0  339
 8.000  340.0 -90  30  42   0.781  30.0  30.0  339
 8.000  342.5 -90  30  39   0.781   0.0   0.0  339
 8.025  155.0  90  30  39   5.469   0.0   0.0  155
 8.025  340.0  90  30  39   0.781  90.0  30.0  339
 8.025  405.0  90  30  42   0.781  30.0  30.0  405
 8.025  407.5  90  30  39   0.781  30.0  30.0  406
 8.025  340.0 -90  30  45   0.781  30.0  30.0  340
 8.050  407.5  90  30  42   0.781  30.0  30.0  407
 8.050  802.5  90  30  39   0.781   0.0   0.0  790
 8.050  320.0 -90  30  39   2.344   0.0   0.0  306
 8.050  340.0 -90  30  42   0.781  30.0  30.0  340
 8.050  342.5 -90  30  45   0.781  30.0  30.0  341
 8.050  345.0 -90  30  39   0.781  30.0  30.0  343
 8.075  415.0  90  30  39   0.781 210.0  30.0  414
 8.075  340.0 -90  30  39   0.781   0.0   0.0  340
 8.075  342.5 -90  30  45   0.781  30.0  30.0  341
 8.100  127.5  90  27  36   0.781   0.0   0.0  113
 8.100  250.0  90  27  36   5.469   0.0   0.0  265
 8.100  412.5  90  27  36   0.781  30.0  30.0  412
 8.100  415.0  90  27  39   0.781  30.0  30.0  414
 8.100  420.0  90  27  36   0.781 210.0  30.0  420
 8.100  820.0  90  27  36   5.469   0.0   0.0  823
 8.100  345.0 -90  30  42   0.781   0.0   0.0  344
 8.125  422.5  90  33  42   0.781 210.0  30.0  422
 8.125  425.0  90  33  42   0.781  30.0  30.0  424
 8.125  345.0 -90  33  42   0.781  30.0  30.0  345
 8.150  425.0  90  30  39   0.781 210.0  30.0  425
 8.150  427.5  90  30  42  -0.781  30.0  30.0  426
 8.150  345.0 -90  33  42   0.781  30.0  30.0  344
 8.150  347.5 -90  33  42   0.781  30.0  30.0  346
 8.200  440.0  90  33  42   0.781 210.0  30.0  440
 8.200  347.5 -90  33  42   0.781   0.0   0.0  348
 8.200  350.0 -90  33  45   0.781  30.0  30.0  349
 8.225  352.5 -90  33  42   0.781   0.0   0.0  353
 8.250  352.5 -90  33  45   0.781  30.0  30.0  352
 8.275  352.5 -90  30  42   0.781  30.0  30.0  352
 8.275  355.0 -90  30  39   0.781 210.0  30.0  352
 8.325  470.0  90  30  39   0.781   0.0   0.0  471
 8.325  472.5  90  30  42   0.781 210.0  30.0  470
 8.325  475.0  90  30  42   0.781 210.0  30.0  473
 8.325  477.5  90  30  39   0.781  30.0  30.0  476
 8.325  480.0  90  30  39   0.781 210.0  30.0  479
 8.325 1255.0  90  30  39  -0.781   0.0   0.0 1258
 8.350  205.0 -90  30  39  -3.906   0.0   0.0  205
 8.350  360.0 -90  30  39  -0.781   0.0   0.0  347
 8.350  612.5 -90  30  39   5.469   0.0   0.0  609
 8.375  492.5  90  30  39   0.781 210.0  30.0  491
 8.375  495.0  90  30  39   0.781 210.0  30.0  494
 8.375  497.5  90  30  42   0.781  30.0  30.0  497
 8.375  500.0  90  30  42   0.781 210.0  30.0  499
 8.375  502.5  90  30  39   0.781 210.0  30.0  502
 8.400  497.5  90  27  36   0.781 210.0  30.0  496
 8.400  502.5  90  27  36   0.781 210.0  30.0  502
 8.400  507.5  90  27  36  -0.781 210.0  30.0  507
 8.400  362.5 -90  27  36   0.781  30.0  30.0  362
 8.400  365.0 -90  27  36   0.781  30.0  30.0  365
 8.400  367.5 -90  27  36  -0.781 210.0  30.0  366
 8.425  525.0  90  30  39   0.781 210.0  30.0  526
 8.450  367.5 -90  30  39   0.781 210.0  30.0  366
 8.475  367.5 -90  30  39   0.781  30.0  30.0  367
 8.475  370.0 -90  30  42   0.781  30.0  30.0  368
 8.500  560.0  90  27  36   0.781  30.0  30.0  560
 8.500  577.5  90  27  36  -0.781 210.0  30.0  578
 8.500  580.0  90  27  36   0.781  30.0  30.0  580
 8.500  582.5  90  27  36  -0.781  30.0  30.0  582
 8.500  590.0  90  27  36   0.781   0.0   0.0  589
 8.500  670.0  90  27  36  -3.906   0.0   0.0  682
 8.500  370.0 -90  27  45   0.781  30.0  30.0  369
 8.500  372.5 -90  27  42   0.781  30.0  30.0  370
 8.500  722.5 -90  27  36  -2.344   0.0   0.0  719
 8.500 1142.5 -90  27  36   5.469   0.0   0.0 1154
 8.525  577.5  90  30  39  -0.781  30.0  30.0  577
 8.525  580.0  90  30  42   0.781  30.0  30.0  579
 8.525  582.5  90  30  42   0.781  30.0  30.0  582
 8.525  585.0  90  30  39   0.781  30.0  30.0  584
 8.525  587.5  90  30  39   0.781  30.0  30.0  588
 8.525  590.0  90  30  42   0.781 210.0  30.0  589
 8.525  592.5  90  30  42   0.781   0.0   0.0  592
 8.525  597.5  90  30  42   0.781 210.0  30.0  596
 8.525  370.0 -90  30  39   0.781  30.0  30.0  369
 8.525  372.5 -90  30  42   0.781 210.0  30.0  371
 8.550  610.0  90  30  39  -0.781   0.0   0.0  607
 8.550  612.5  90  30  39   0.781  30.0  30.0  612
 8.550  615.0  90  30  42  -0.781 210.0  30.0  614
 8.550  617.5  90  30  39  -0.781 210.0  30.0  616
 8.575  620.0  90  30  39   0.781 210.0  30.0  620
 8.600  232.5  90  30  39   5.469   0.0   0.0  225
 8.600  375.0 -90  30  39  -0.781   0.0   0.0  374
 8.600  377.5 -90  30  39   0.781   0.0   0.0  377
 8.600  380.0 -90  30  39   0.781  30.0  30.0  378
 8.625  380.0 -90  30  39   0.781   0.0   0.0  380
 8.625  382.5 -90  30  42  -0.781   0.0   0.0  383
 8.650  385.0 -90  33  42   0.781  30.0  30.0  384
 8.675  387.5 -90  33  42   0.781  30.0  30.0  385
 8.700  387.5 -90  33  42  -0.781   0.0   0.0  388
 8.700  390.0 -90  33  45   0.781  30.0  30.0  388
 8.725  390.0 -90  33  45   0.781  30.0  30.0  389
 8.725  392.5 -90  33  48   0.781  30.0  30.0  391
 8.725  397.5 -90  33  42   0.781 210.0  30.0  396
 8.750  395.0 -90  33  42   0.781  30.0  30.0  394
 8.775  397.5 -90  33  42   0.781  30.0  30.0  396
 9.000  430.0 -90  27  39   0.781 210.0  30.0  429
 9.000  432.5 -90  27  42   0.781 210.0  30.0  431
 9.000  435.0 -90  27  36  -0.781 210.0  30.0  433
 9.000  437.5 -90  27  36   0.781   0.0   0.0  436
 9.025  325.0  90  27  36  -3.906   0.0   0.0  319
 9.025  432.5 -90  27  36   0.781 210.0  30.0  431
 9.025  435.0 -90  27  39   0.781 210.0  30.0  434
 9.025  437.5 -90  27  39   0.781 210.0  30.0  437
 9.025  440.0 -90  27  39  -0.781   0.0   0.0  441
 9.025  442.5 -90  27  39  -0.781   0.0   0.0  440
 9.025  472.5 -90  27  36   3.906   0.0   0.0  480
 9.050  442.5 -90  30  42   0.781 210.0  30.0  443
 9.050  445.0 -90  30  45   0.781 210.0  30.0  444
 9.050  447.5 -90  30  45   0.781 210.0  30.0  446
 9.075  447.5 -90  30  48   0.781 210.0  30.0  447
 9.075  450.0 -90  30  48   0.781 210.0  30.0  448
 9.100  450.0 -90  30  42   0.781   0.0   0.0  447
 9.100  452.5 -90  30  42   0.781 210.0  30.0  451
 9.100  455.0 -90  30  42  -0.781 210.0  30.0  454
 9.100  457.5 -90  30  45   0.781 210.0  30.0  456
 9.100  460.0 -90  30  45   0.781 210.0  30.0  459
 9.100  462.5 -90  30  39   0.781   0.0   0.0  462
 9.125  157.5 -90  30  39  -0.781   0.0   0.0  162
 9.125  455.0 -90  30  39   0.781 210.0  30.0  456
 9.125  457.5 -90  30  45   0.781 210.0  30.0  457
 9.125  460.0 -90  30  48   0.781 210.0  30.0  459
 9.125  462.5 -90  30  45   0.781 210.0  30.0  461
 9.125  465.0 -90  30  45   0.781  30.0  30.0  464
 9.125  467.5 -90  30  45   0.781 210.0  30.0  466
 9.125  470.0 -90  30  42   0.781 210.0  30.0  469
 9.150  470.0 -90  33  42  -0.781   0.0   0.0  470
 9.150  472.5 -90  33  48   0.781 210.0  30.0  471
 9.150  475.0 -90  33  45   0.781 210.0  30.0  473
 9.150  477.5 -90  33  42   0.781 210.0  30.0  476
 9.175  472.5 -90  33  42   0.781 210.0  30.0  472
 9.175  475.0 -90  33  42   0.781 210.0  30.0  473
 9.175  477.5 -90  33  42   0.781 210.0  30.0  475
 9.175  482.5 -90  33  45   0.781 210.0  30.0  482
 9.175  485.0 -90  33  45   0.781 210.0  30.0  484
 9.175  487.5 -90  33  42   0.781 210.0  30.0  486
 9.200  482.5 -90  30  45   0.781 210.0  30.0  482
 9.200  485.0 -90  30  45   0.781 210.0  30.0  483
 9.200  487.5 -90  30  39  -0.781 210.0  30.0  485
 9.200  492.5 -90  30  42   0.781  30.0  30.0  491
 9.200  495.0 -90  30  42   0.781 210.0  30.0  492
 9.200  497.5 -90  30  39   0.781 210.0  30.0  497
 9.200  500.0 -90  30  39   0.781 210.0  30.0  500
 9.200  502.5 -90  30  42   0.781   0.0   0.0  501
 9.200  505.0 -90  30  39   0.781   0.0   0.0  504
 9.225 1205.0  90  30  39  -0.781   0.0   0.0 1218
 9.225  487.5 -90  30  39   0.781   0.0   0.0  487
 9.225  490.0 -90  30  39   0.781   0.0   0.0  489
 9.225  495.0 -90  30  42  -0.781 210.0  30.0  493
 9.225  500.0 -90  30  42   0.781 210.0  30.0  498
 9.225  502.5 -90  30  48   0.781 210.0  30.0  502
 9.225  505.0 -90  30  45   0.781 210.0  30.0  502
 9.250  497.5 -90  30  39  -0.781 210.0  30.0  498
 9.250  500.0 -90  30  39  -0.781 210.0  30.0  499
 9.250  502.5 -90  30  39   0.781 210.0  30.0  504
 9.250  505.0 -90  30  42   0.781 210.0  30.0  503
 9.250  512.5 -90  30  42   0.781 210.0  30.0  511
 9.250  515.0 -90  30  39   0.781  30.0  30.0  514
 9.250  517.5 -90  30  42   0.781 210.0  30.0  517
 9.250  520.0 -90  30  42   0.781 210.0  30.0  518
 9.275  452.5  90  30  39  -0.781   0.0   0.0  463
 9.275  187.5 -90  30  39   5.469   0.0   0.0  174
 9.275  512.5 -90  30  39  -0.781   0.0   0.0  511
 9.275  515.0 -90  30  39   0.781   0.0   0.0  515
 9.275  517.5 -90  30  45   0.781 210.0  30.0  516
 9.275  520.0 -90  30  42   0.781 210.0  30.0  518
 9.275  522.5 -90  30  42   0.781 210.0  30.0  521
 9.275  525.0 -90  30  42   0.781 210.0  30.0  523
 9.275  527.5 -90  30  42   0.781 210.0  30.0  526
 9.275  530.0 -90  30  42   0.781 210.0  30.0  529
 9.275  547.5 -90  30  39   0.781 210.0  30.0  547
 9.300  260.0  90  27  36   5.469   0.0   0.0  250
 9.300  270.0  90  27  36  -3.906   0.0   0.0  275
 9.300  277.5  90  27  36   5.469   0.0   0.0  292
 9.300  282.5  90  27  36   0.781   0.0   0.0  293
 9.300  317.5  90  27  36  -3.906   0.0   0.0  318
 9.300  337.5  90  27  36   3.906   0.0   0.0  349
 9.300  345.0  90  27  36  -0.781   0.0   0.0  357
 9.300  365.0  90  27  36   5.469   0.0   0.0  360
 9.300  377.5  90  27  36  -0.781   0.0   0.0  376
 9.300  415.0  90  27  36   2.344   0.0   0.0  412
 9.300  447.5  90  27  36  -3.906   0.0   0.0  452
 9.300  450.0  90  27  36  -0.781   0.0   0.0  442
 9.300  455.0  90  27  36  -2.344   0.0   0.0  468
 9.300  462.5  90  27  36   0.781   0.0   0.0  464
 9.300  602.5  90  27  36   2.344   0.0   0.0  614
 9.300  140.0 -90  27  36   3.906   0.0   0.0  134
 9.300  245.0 -90  27  36  -2.344   0.0   0.0  258
 9.300  257.5 -90  27  36  -0.781   0.0   0.0  257
 9.300  272.5 -90  27  36   3.906   0.0   0.0  272
 9.300  280.0 -90  27  36  -3.906   0.0   0.0  270
 9.300  295.0 -90  27  36   2.344   0.0   0.0  293
 9.300  297.5 -90  27  36  -2.344   0.0   0.0  308
 9.300  300.0 -90  27  36   5.469   0.0   0.0  291
 9.300  302.5 -90  27  36  -3.906   0.0   0.0  316
 9.300  315.0 -90  27  36  -0.781   0.0   0.0  312
 9.300  320.0 -90  27  36   2.344   0.0   0.0  306
 9.300  352.5 -90  27  36   2.344   0.0   0.0  346
 9.300  365.0 -90  27  36   3.906   0.0   0.0  356
 9.300  382.5 -90  27  36  -2.344   0.0   0.0  377
 9.300  397.5 -90  27  36   3.906   0.0   0.0  407
 9.300  415.0 -90  27  36  -3.906   0.0   0.0  425
 9.300  437.5 -90  27  36  -3.906   0.0   0.0  440
 9.300  440.0 -90  27  36  -5.469   0.0   0.0  453
 9.300  462.5 -90  27  36   0.781   0.0   0.0  467
 9.300  520.0 -90  27  36  -0.781   0.0   0.0  523
 9.300  527.5 -90  27  36  -0.781 210.0  30.0  528
 9.300  530.0 -90  27  42   0.781 210.0  30.0  529
 9.300  532.5 -90  27  42   0.781 210.0  30.0  530
 9.300  552.5 -90  27  36   0.781   0.0   0.0  551
 9.300  557.5 -90  27  36   0.781 210.0  30.0  556
 9.300  565.0 -90  27  36   0.781 210.0  30.0  565
 9.300  590.0 -90  27  36   0.781 210.0  30.0  589
 9.325  222.5  90  27  36  -3.906   0.0   0.0  218
 9.325  295.0  90  27  36  -0.781   0.0   0.0  290
 9.325  380.0  90  27  36   2.344   0.0   0.0  382
 9.325  390.0  90  27  36  -5.469   0.0   0.0  390
 9.325  420.0  90  27  36  -3.906   0.0   0.0  431
 9.325  422.5  90  27  36  -3.906   0.0   0.0  412
 9.325  425.0  90  27  36  -3.906   0.0   0.0  437
 9.325  440.0  90  27  36  -0.781   0.0   0.0  449
 9.325  207.5 -90  27  36   2.344   0.0   0.0  210
 9.325  295.0 -90  27  36  -0.781   0.0   0.0  303
 9.325  422.5 -90  27  36  -5.469   0.0   0.0  411
 9.325  447.5 -90  27  36  -5.469   0.0   0.0  436
 9.325  555.0 -90  27  36   0.781 210.0  30.0  553
 9.325  557.5 -90  27  36   0.781 210.0  30.0  555
 9.325  560.0 -90  27  36   0.781 210.0  30.0  560
 9.325  567.5 -90  27  36   0.781 210.0  30.0  567
 9.325  570.0 -90  27  39   0.781 210.0  30.0  570
 9.325  572.5 -90  27  36  -0.781   0.0   0.0  573
 9.325  575.0 -90  27  39   0.781 210.0  30.0  574
 9.325  577.5 -90  27  39   0.781 210.0  30.0  577
 9.325  582.5 -90  27  36   0.781   0.0   0.0  582
 9.325  585.0 -90  27  36  -0.781   0.0   0.0  584
 9.325  590.0 -90  27  36   0.781  30.0  30.0  591
 9.325  595.0 -90  27  36   0.781   0.0   0.0  592
 9.325  597.5 -90  27  36   0.781   0.0   0.0  596
 9.325  605.0 -90  27  36   0.781 210.0  30.0  604
 9.350  567.5 -90  27  36   0.781   0.0   0.0  568
 9.350  570.0 -90  27  36   0.781   0.0   0.0  566
 9.350  585.0 -90  27  36   0.781   0.0   0.0  584
 9.350  592.5 -90  27  39   0.781   0.0   0.0  590
 9.350  605.0 -90  27  36   0.781   0.0   0.0  605
 9.350  642.5 -90  27  36   0.781   0.0   0.0  640
 9.350  645.0 -90  27  36   0.781   0.0   0.0  644
 9.400  780.0 -90  27  36   0.781   0.0   0.0  771
 9.425  782.5  90  27  36   0.781   0.0   0.0  795
 9.550  345.0  90  27  36   5.469   0.0   0.0  341
 9.575  690.0 -90  27  36   3.906   0.0   0.0  700
 9.600  337.5 -90  27  36   5.469   0.0   0.0  343
 9.625  295.0  90  27  36  -2.344   0.0   0.0  288
 9.625  330.0  90  27  36  -2.344   0.0   0.0  338
 9.625  400.0  90  27  36   2.344   0.0   0.0  395
 9.700  222.5  90  27  36  -5.469   0.0   0.0  229
 9.700  550.0  90  27  36   5.469   0.0   0.0  558
 9.700  725.0  90  27  36  -0.781   0.0   0.0  732
 9.800  570.0  90  27  36  -5.469   0.0   0.0  566
 9.800  725.0  90  27  36  -3.906   0.0   0.0  735
 9.975  395.0  90  27  36   5.469   0.0   0.0  388
10.125  402.5  90  33  42   2.344   0.0   0.0  403
10.125  770.0  90  33  42  -5.469   0.0   0.0  774
10.175  605.0  90  36  45  -2.344   0.0   0.0  604
10.175  567.5 -90  33  42  -0.781   0.0   0.0  567
10.200  622.5 -90  33  42   5.469   0.0   0.0  622
10.200  705.0 -90  33  42   2.344   0.0   0.0  704
10.200  707.5 -90  33  42   3.906   0.0   0.0  701
10.225  212.5 -90  33  42  -5.469   0.0   0.0  220
10.250  100.0  90  33  42  -3.906   0.0   0.0   99
10.250  217.5 -90  33  42  -2.344   0.0   0.0  216
10.250  312.5 -90  33  42  -0.781   0.0   0.0  326
10.275  127.5  90  33  42   5.469   0.0   0.0  113
10.275  145.0  90  33  42  -0.781   0.0   0.0  133
10.275  157.5  90  33  42  -5.469   0.0   0.0  156
10.275  455.0  90  33  42  -5.469   0.0   0.0  455
10.275 1067.5  90  33  42   2.344   0.0   0.0 1066
