2023.03.28 (087) 00:20:00.000
Station name: Belem
URSI code: BLJ03
Ionosonde model: DPS-4D
  Freq  Range Pol MPA Amp Doppler    Az    Zn  PGH
 0.875  367.5  90  30  39 -10.938 150.0  30.0
 0.875  392.5  90  30  39  -1.563 150.0  30.0
 0.900  145.0  90  30  39   1.563  90.0  30.0
 1.075  500.0  90  33  42  -4.688  90.0  30.0
 1.075 1087.5  90  33  42   7.813  90.0  30.0
 1.075 1100.0  90  33  42   4.688  90.0  30.0
 1.100   80.0  90  45  54  -1.563  90.0  30.0
 1.650  977.5 -90  36  45   7.813  90.0  30.0
 1.825  475.0  90  48  57  -1.563   0.0   0.0
 1.825  477.5  90  48  57  -1.563 330.0  30.0
 2.075  470.0 -90  48  57  -1.563   0.0   0.0
 2.075  485.0 -90  48  57  -1.563   0.0   0.0
 2.100  472.5  90  51  60   1.563   0.0   0.0
 2.100  482.5  90  51  60   1.563   0.0   0.0
 2.100  482.5 -90  51  60   1.563   0.0   0.0
 2.125  470.0  90  51  60  -1.563   0.0   0.0
 2.125  470.0 -90  51  60  -1.563   0.0   0.0
 2.125  475.0 -90  51  60  -1.563   0.0   0.0
 2.150  332.5  90  48  57   4.688 330.0  30.0
 2.150  472.5  90  48  60  -1.563   0.0   0.0
 2.150  475.0  90  48  60  -1.563   0.0   0.0
 2.150  470.0 -90  48  57   1.563   0.0   0.0
 2.150  472.5 -90  48  60   1.563   0.0   0.0
 2.150  475.0 -90  48  60   1.563   0.0   0.0
 2.250  470.0  90  48  57   1.563   0.0   0.0
 2.250  472.5  90  48  57   1.563   0.0   0.0
 2.250  482.5  90  48  57   1.563   0.0   0.0
 2.275  472.5  90  51  60  -1.563   0.0   0.0
 2.275  472.5 -90  51  60  -1.563 210.0  30.0
 2.300  472.5  90  51  60   1.563   0.0   0.0
 2.300  472.5 -90  51  60   1.563   0.0   0.0
 2.325  475.0 -90  51  60   1.563   0.0   0.0
 2.350  475.0  90  51  60  -1.563   0.0   0.0
 2.350  475.0 -90  51  60   1.563   0.0   0.0
 2.450  582.5 -90  51  60  -1.563 330.0  30.0
 2.475  477.5  90  51  60   1.563   0.0   0.0
 2.475  477.5 -90  51  60   1.563   0.0   0.0
 2.500  470.0  90  51  60   1.563   0.0   0.0
 2.500  472.5  90  51  60  -1.563   0.0   0.0
 2.500  470.0 -90  51  63   1.563   0.0   0.0
 2.500  472.5 -90  51  60  -1.563 270.0  30.0
 2.525  472.5  90  51  60  -1.563   0.0   0.0
 2.525  482.5  90  51  60   1.563 150.0  30.0
 2.525  472.5 -90  51  63  -1.563   0.0   0.0
 2.550  472.5  90  51  63  -1.563   0.0   0.0
 2.550  472.5 -90  51  63  -1.563   0.0   0.0
 2.575  135.0  90  51  60  -1.563 150.0  30.0
 2.575  472.5  90  51  63   1.563   0.0   0.0
 2.575  472.5 -90  51  60   1.563   0.0   0.0
 2.600  472.5  90  51  60  -1.563   0.0   0.0
 2.600  472.5 -90  51  60  -1.563   0.0   0.0
 2.625  470.0  90  51  60   1.563 150.0  30.0
 2.625  472.5  90  51  60  -1.563   0.0   0.0
 2.625  472.5 -90  51  60  -1.563   0.0   0.0
 2.625  917.5 -90  51  60   4.688 330.0  30.0
 2.675  472.5  90  51  60   1.563   0.0   0.0
 2.675  477.5  90  51  60   1.563   0.0   0.0
 2.675  482.5  90  51  60   1.563   0.0   0.0
 2.675  472.5 -90  51  60   1.563   0.0   0.0
 2.675  477.5 -90  51  60   1.563   0.0   0.0
 2.675  482.5 -90  51  60   1.563   0.0   0.0
 2.700  477.5  90  51  60   1.563   0.0   0.0
 2.700  495.0  90  51  60  -1.563 150.0  30.0
 2.700  497.5  90  51  60   1.563   0.0   0.0
 2.700  495.0 -90  51  60  -1.563   0.0   0.0
 2.700  497.5 -90  51  60  -1.563   0.0   0.0
 2.725  477.5 -90  51  60   1.563   0.0   0.0
 2.725  480.0 -90  51  60  -1.563   0.0   0.0
 2.725  505.0 -90  51  60   1.563   0.0   0.0
 2.750  472.5 -90  51  60  -1.563   0.0   0.0
 2.750  505.0 -90  51  60  -1.563   0.0   0.0
 2.775  472.5  90  54  63   1.563 210.0  30.0
 2.775  472.5 -90  51  60   1.563   0.0   0.0
 2.775  475.0 -90  51  60  -1.563   0.0   0.0
 2.775  505.0 -90  51  60  -1.563   0.0   0.0
 2.775  512.5 -90  51  60  -1.563   0.0   0.0
 2.825  502.5 -90  51  60  -1.563   0.0   0.0
 2.850  475.0 -90  51  60   1.563   0.0   0.0
 2.850  502.5 -90  51  60  -1.563 150.0  30.0
 2.850 1045.0 -90  51  60 -10.938 270.0  30.0
 2.925  832.5  90  54  63  -1.563 150.0  30.0
 2.925  860.0  90  54  63   7.813 150.0  30.0
 2.975 1127.5  90  54  63   1.563 150.0  30.0
 3.000  367.5  90  54  63   4.688 150.0  30.0
 3.000  412.5  90  54  63  -1.563 150.0  30.0
 3.000  607.5  90  54  63   7.813 150.0  30.0
 3.000  625.0  90  54  63  -7.813 150.0  30.0
 3.025  405.0  90  57  66 -10.938 150.0  30.0
 3.050  942.5  90  57  66  10.938 150.0  30.0
 3.050  420.0 -90  57  66 -10.938 150.0  30.0
 3.100  730.0  90  57  66  -4.688 150.0  30.0
 3.100  985.0  90  57  66  -7.813 150.0  30.0
 3.100  987.5  90  57  66  -7.813 150.0  30.0
 3.100  492.5 -90  57  66   1.563 330.0  30.0
 3.125  500.0  90  57  66  -1.563   0.0   0.0
 3.125  640.0  90  57  66  -1.563 150.0  30.0
 3.125  500.0 -90  57  66   1.563 150.0  30.0
 3.150  905.0 -90  57  66  10.938 150.0  30.0
 3.175  790.0  90  57  66  -7.813 150.0  30.0
 3.175  110.0 -90  57  66   7.813 150.0  30.0
 3.175 1200.0 -90  57  66   4.688 150.0  30.0
 3.200  177.5  90  57  66   1.563 150.0  30.0
 3.200 1210.0  90  57  66   4.688 150.0  30.0
 3.225 1012.5  90  57  66  10.938 150.0  30.0
 3.225 1035.0  90  57  66 -10.938 150.0  30.0
 3.225  455.0 -90  57  66   1.563 150.0  30.0
 3.225  532.5 -90  57  66   7.813 150.0  30.0
 3.225  795.0 -90  57  66   7.813 150.0  30.0
 3.250   87.5 -90  57  66  10.938 150.0  30.0
 3.325  277.5  90  54  63  -7.813 150.0  30.0
 3.325  287.5  90  54  63   7.813 150.0  30.0
 3.350  500.0  90  54  63  -1.563   0.0   0.0
 3.400  787.5  90  54  63   1.563 150.0  30.0
 3.400  285.0 -90  54  63   4.688 150.0  30.0
 3.400  470.0 -90  54  63  -1.563 330.0  30.0
 3.400  535.0 -90  54  63   1.563 150.0  30.0
 3.400  537.5 -90  54  63   7.813 150.0  30.0
 3.400  792.5 -90  54  63  -1.563 270.0  30.0
 3.400  807.5 -90  54  63   1.563 150.0  30.0
 3.400  995.0 -90  54  63   7.813 150.0  30.0
 3.475  230.0 -90  54  63 -10.938 330.0  30.0
 3.625 1082.5 -90  54  63  10.938 330.0  30.0
 3.625 1095.0 -90  54  63  -1.563 330.0  30.0
 3.625 1180.0 -90  54  63   4.688 150.0  30.0
 3.825  105.0  90  57  66  10.938 150.0  30.0
 3.875  922.5 -90  57  66   1.563 150.0  30.0
 3.925  342.5  90  57  66  10.938 150.0  30.0
 3.950 1187.5  90  57  66  -7.813 150.0  30.0
 3.950 1212.5  90  57  66  -1.563 150.0  30.0
 4.100  815.0  90  54  63   4.688 150.0  30.0
 4.125  165.0  90  54  63  10.938 150.0  30.0
 4.125  297.5  90  54  63   1.563 150.0  30.0
 4.125  340.0  90  54  63  10.938 150.0  30.0
 4.125  417.5  90  54  63  -4.688 150.0  30.0
 4.125  520.0  90  54  63   1.563 150.0  30.0
 4.125  912.5 -90  57  66   1.563 150.0  30.0
 4.275  615.0 -90  54  63   1.563 150.0  30.0
 4.300 1192.5 -90  54  63   1.563 150.0  30.0
 4.350  642.5  90  54  63  -1.563 150.0  30.0
 4.400   80.0  90  51  60   4.688  30.0  30.0
 4.400   80.0 -90  54  63   7.813 270.0  30.0
 4.400  517.5 -90  54  63   7.813 150.0  30.0
 4.425   80.0  90  51  60   7.813  30.0  30.0
 4.425  677.5  90  51  60   1.563 150.0  30.0
 4.425   80.0 -90  54  66  10.938 210.0  30.0
 4.625  362.5  90  48  57   1.563 150.0  30.0
 4.650 1115.0  90  48  57  -1.563 330.0  30.0
 4.675  637.5  90  48  57   1.563 150.0  30.0
 5.125 1137.5 -90  51  60   7.813 150.0  30.0
 5.375  182.5 -90  48  57  10.938 150.0  30.0
 5.375  862.5 -90  48  57 -10.938 150.0  30.0
 5.400  590.0 -90  48  57   7.813 150.0  30.0
 5.575  315.0  90  48  57  -4.688  90.0  30.0
 5.800  830.0  90  51  60   4.688  90.0  30.0
 5.900  175.0  90  51  60   7.813  90.0  30.0
 5.900  812.5 -90  51  60  -7.813 210.0  30.0
 5.975 1087.5  90  51  60   7.813  90.0  30.0
 5.975 1115.0  90  51  60   4.688  90.0  30.0
 6.000 1170.0 -90  51  60  -1.563   0.0   0.0
 6.000 1260.0 -90  51  60  -7.813   0.0   0.0
 6.025  945.0 -90  51  60  10.938   0.0   0.0
 6.050  420.0 -90  51  60  -1.563   0.0   0.0
 6.125  197.5 -90  51  60  10.938 210.0  30.0
 6.125  485.0 -90  51  60   7.813   0.0   0.0
 6.150  517.5  90  51  60  -1.563  90.0  30.0
 6.325  132.5 -90  48  57 -10.938   0.0   0.0
 6.325 1160.0 -90  48  57   7.813   0.0   0.0
 6.350  870.0 -90  48  57 -10.938  90.0  30.0
 6.575  425.0 -90  48  57  -7.813   0.0   0.0
 6.600  970.0 -90  48  57   4.688   0.0   0.0
 6.625  360.0 -90  48  57  10.938   0.0   0.0
 6.625  485.0 -90  48  57   7.813 270.0  30.0
 6.675  542.5 -90  48  57   4.688   0.0   0.0
 6.725  387.5  90  48  57 -10.938 270.0  30.0
 6.725  782.5 -90  48  57 -10.938  30.0  30.0
 6.800  190.0  90  45  54  -7.813 270.0  30.0
 6.850 1240.0  90  45  54   4.688 270.0  30.0
 6.900  407.5  90  45  54   1.563   0.0   0.0
 6.900  462.5  90  45  54   1.563   0.0   0.0
 7.025  925.0  90  48  57   4.688 270.0  30.0
 7.025 1200.0  90  48  57   7.813 270.0  30.0
 7.050  997.5  90  48  57  10.938  30.0  30.0
 7.075  275.0 -90  48  57  -1.563 270.0  30.0
 7.175 1115.0  90  45  54   4.688 270.0  30.0
 7.200  200.0  90  45  54   7.813 270.0  30.0
 7.200  880.0  90  45  54  -4.688 270.0  30.0
 7.775   80.0 -90  45  54   7.813  30.0  30.0
 7.775   90.0 -90  45  54  10.938  30.0  30.0
 7.925  350.0  90  45  54 -10.938 270.0  30.0
 8.150 1145.0 -90  51  60  10.938 330.0  30.0
 8.400  905.0 -90  48  57  10.938  30.0  30.0
 8.575  197.5 -90  48  57   1.563 330.0  30.0
 8.575  232.5 -90  48  57   7.813  30.0  30.0
 8.625  525.0 -90  48  57   7.813 270.0  30.0
 8.900  337.5  90  51  60  -7.813  30.0  30.0
 9.025  412.5  90  51  60 -10.938 150.0  30.0
 9.100   90.0  90  51  60   7.813 150.0  30.0
 9.100  470.0  90  51  60  -4.688 150.0  30.0
 9.175  615.0 -90  48  57 -10.938 330.0  30.0
 9.200  100.0 -90  48  57   1.563 330.0  30.0
 9.200  112.5 -90  48  57   4.688 150.0  30.0
 9.200  165.0 -90  48  57  -4.688 330.0  30.0
 9.200  407.5 -90  48  57   1.563 330.0  30.0
 9.200 1207.5 -90  48  57  10.938 330.0  30.0
 9.225  167.5  90  48  57  -1.563  30.0  30.0
 9.225  355.0  90  48  57  10.938  30.0  30.0
 9.225  622.5 -90  48  57  10.938 330.0  30.0
 9.250  380.0 -90  48  57  -1.563 150.0  30.0
 9.250  415.0 -90  48  57   7.813 330.0  30.0
 9.250  660.0 -90  48  57   7.813  30.0  30.0
 9.300  640.0 -90  48  57   1.563  30.0  30.0
 9.400  300.0  90  45  54   4.688  30.0  30.0
 9.550 1277.5  90  45  54  -7.813 150.0  30.0
 9.750  647.5  90  48  57 -10.938 150.0  30.0
 9.975  662.5 -90  42  51  -4.688 150.0  30.0
10.175  722.5  90  36  45  -7.813 150.0  30.0
10.650  187.5  90  36  45   4.688   0.0   0.0
10.975 1272.5  90  36  45  10.938 330.0  30.0
11.125  542.5  90  36  45   1.563   0.0   0.0
11.150  262.5  90  36  45   7.813   0.0   0.0
11.175  807.5  90  36  45   1.563 330.0  30.0
11.250 1242.5 -90  36  45  10.938   0.0   0.0
11.275  840.0 -90  36  45  -4.688   0.0   0.0
11.325 1120.0 -90  36  45   4.688   0.0   0.0
12.675  392.5 -90  33  42 -10.938 210.0  30.0
12.675  892.5 -90  33  42  -4.688 210.0  30.0
12.675  897.5 -90  33  42  -1.563  90.0  30.0
12.700  382.5  90  30  39 -10.938 330.0  30.0
12.700  392.5  90  30  39   1.563   0.0   0.0
12.700  480.0  90  30  39  -4.688  90.0  30.0
12.700  490.0  90  30  39  -7.813  90.0  30.0
12.700  537.5  90  30  42  -1.563 210.0  30.0
12.700  222.5 -90  33  42 -10.938  90.0  30.0
13.475  822.5 -90  33  42   7.813   0.0   0.0
13.475  885.0 -90  33  42  10.938   0.0   0.0
13.475  937.5 -90  33  42   7.813   0.0   0.0
13.475  992.5 -90  33  42  -1.563   0.0   0.0
13.475 1002.5 -90  33  45   1.563   0.0   0.0
13.475 1030.0 -90  33  45   1.563   0.0   0.0
13.475 1055.0 -90  33  42  10.938   0.0   0.0
13.475 1217.5 -90  33  42  10.938   0.0   0.0
13.475 1230.0 -90  33  42  -4.688   0.0   0.0
13.525  582.5  90  30  39  10.938   0.0   0.0
13.850  890.0  90  33  42  -1.563   0.0   0.0
14.125 1175.0 -90  30  39   7.813 270.0  30.0
14.475 1152.5  90  30  39 -10.938   0.0   0.0
14.775  672.5  90  30  39   7.813 270.0  30.0
14.775  677.5  90  30  39 -10.938  90.0  30.0
14.775  687.5  90  30  39 -10.938 270.0  30.0
14.775  707.5  90  30  39   1.563  90.0  30.0
14.775  712.5  90  30  39   4.688  90.0  30.0
14.775  717.5  90  30  39  -4.688 270.0  30.0
14.775  732.5  90  30  39   7.813  90.0  30.0
14.775  737.5  90  30  39 -10.938  90.0  30.0
14.775  742.5  90  30  39   4.688 270.0  30.0
15.150  945.0 -90  27  36   4.688  90.0  30.0
15.150 1035.0 -90  27  36   7.813  90.0  30.0
15.800  955.0  90  36  45  -4.688 150.0  30.0
15.825 1240.0 -90  36  45   4.688   0.0   0.0
15.900  440.0 -90  36  45   1.563   0.0   0.0
16.175 1165.0 -90  39  48  10.938   0.0   0.0
16.300  120.0 -90  39  48  10.938   0.0   0.0
16.325  250.0  90  39  48   7.813   0.0   0.0
16.325  375.0  90  39  48 -10.938   0.0   0.0
16.375  282.5  90  39  48  -1.563   0.0   0.0
16.425  267.5 -90  39  48   1.563   0.0   0.0
16.450  207.5 -90  39  48  10.938   0.0   0.0
16.525  122.5 -90  39  48  -4.688   0.0   0.0
16.550  157.5  90  39  48  -4.688   0.0   0.0
16.750 1282.5 -90  39  48  -1.563   0.0   0.0
16.875  965.0  90  39  48   4.688   0.0   0.0
16.875 1082.5  90  39  48   4.688   0.0   0.0
17.000 1185.0  90  39  48 -10.938   0.0   0.0
17.075 1175.0 -90  39  48  -1.563   0.0   0.0
17.150  862.5 -90  39  48 -10.938   0.0   0.0
17.450  990.0  90  36  45  -7.813   0.0   0.0
17.675  412.5 -90  36  45 -10.938   0.0   0.0
17.850  115.0  90  33  42 -10.938   0.0   0.0
17.850  257.5  90  33  42  -4.688   0.0   0.0
17.850  225.0 -90  33  42   4.688   0.0   0.0
18.200  177.5 -90  33  42   7.813   0.0   0.0
18.225  162.5  90  33  42  -7.813   0.0   0.0
18.375  517.5 -90  33  42  -4.688   0.0   0.0
18.425  182.5  90  33  42 -10.938   0.0   0.0
19.150  150.0  90  27  36 -10.938   0.0   0.0
19.200  455.0 -90  27  36  10.938   0.0   0.0
19.425  930.0 -90  27  36   7.813   0.0   0.0
19.925  255.0 -90  27  36   7.813 330.0  30.0
19.975  297.5 -90  27  36  -1.563 150.0  30.0
