2023.03.28 (087) 00:00:00.000
Station name: GRAHAMSTOWN
URSI code: GR13L
Ionosonde model: DPS-4D
  Freq  Range Pol MPA Amp Doppler    Az    Zn  PGH
 1.100   80.0  90  51  60   0.781 210.0  30.0   91
 1.100   82.5  90  51  63   0.781 330.0  30.0   94
 1.100   85.0  90  51  60   0.781 330.0  30.0   99
 1.100   87.5  90  51  60   0.781 330.0  30.0   99
 1.100   90.0  90  51  63  -0.781  30.0  30.0   92
 1.100   92.5  90  51  63   0.781 210.0  30.0  103
 1.100   95.0  90  51  60   0.781 210.0  30.0  106
 1.100   97.5  90  51  63   0.781 270.0  30.0  109
 1.100  100.0  90  51  63   0.781 330.0  30.0  112
 1.100  102.5  90  51  60   0.781 150.0  30.0  113
 1.100  105.0  90  51  60   0.781 210.0  30.0  114
 1.100  107.5  90  51  60   0.781 210.0  30.0  120
 1.100  110.0  90  51  63   0.781 210.0  30.0  121
 1.100  112.5  90  51  60   0.781 330.0  30.0  123
 1.100  115.0  90  51  63   0.781 330.0  30.0  128
 1.100  117.5  90  51  60   0.781 330.0  30.0  104
 1.100  120.0  90  51  63   0.781 270.0  30.0  129
 1.100  122.5  90  51  63   0.781 330.0  30.0  129
 1.100  125.0  90  51  60   0.781 330.0  30.0  140
 1.100  127.5  90  51  60   0.781 330.0  30.0  141
 1.100  130.0  90  51  60   0.781  30.0  30.0  140
 1.100  132.5  90  51  63   0.781   0.0   0.0  143
 1.100  137.5  90  51  60   0.781 330.0  30.0  149
 1.100  140.0  90  51  60  -0.781 330.0  30.0  149
 1.100  142.5  90  51  63   0.781 150.0  30.0  152
 1.100  150.0  90  51  60   0.781 330.0  30.0  164
 1.100  152.5  90  51  60   0.781  30.0  30.0  159
 1.100  155.0  90  51  63   0.781 210.0  30.0  165
 1.100  162.5  90  51  60   0.781 210.0  30.0  169
 1.100  165.0  90  51  63   0.781 330.0  30.0  175
 1.100  175.0  90  51  60   0.781  30.0  30.0  184
 1.100  177.5  90  51  60  -5.469 270.0  30.0  170
 1.100 1157.5  90  51  60  -2.344 210.0  30.0 1148
 1.100  102.5 -90  48  57   0.781 150.0  30.0   89
 1.100  117.5 -90  48  57   2.344 330.0  30.0  106
 1.100  125.0 -90  48  57   2.344 330.0  30.0  129
 1.100  137.5 -90  48  57   2.344  30.0  30.0  145
 1.100  147.5 -90  48  57   2.344 270.0  30.0  153
 1.100  150.0 -90  48  57   2.344 150.0  30.0  147
 1.100  152.5 -90  48  57   2.344 330.0  30.0  153
 1.100  155.0 -90  48  57   2.344 150.0  30.0  167
 1.100  157.5 -90  48  57   2.344  30.0  30.0  163
 1.100  160.0 -90  48  57   2.344  30.0  30.0  167
 1.100  162.5 -90  48  57   2.344 150.0  30.0  172
 1.100  167.5 -90  48  57   2.344 330.0  30.0  176
 1.100  170.0 -90  48  57   3.906 210.0  30.0  175
 1.100  172.5 -90  48  57   3.906 210.0  30.0  176
 1.100  175.0 -90  48  57   3.906 210.0  30.0  182
 1.100  180.0 -90  48  57   2.344 210.0  30.0  183
 1.100  182.5 -90  48  57   2.344 210.0  30.0  196
 1.100  185.0 -90  48  57   3.906 210.0  30.0  191
 1.100  192.5 -90  48  57   3.906 210.0  30.0  199
 1.100  195.0 -90  48  57   3.906 210.0  30.0  203
 1.100  197.5 -90  48  57   3.906   0.0   0.0  209
 1.100  200.0 -90  48  57   2.344 150.0  30.0  208
 1.100  202.5 -90  48  57   2.344 150.0  30.0  210
 1.100 1025.0 -90  48  57  -5.469 210.0  30.0 1030
 1.100 1110.0 -90  48  57  -2.344   0.0   0.0 1116
 1.100 1137.5 -90  48  57   5.469  30.0  30.0 1128
 1.100 1197.5 -90  48  57   5.469 210.0  30.0 1188
 1.100 1267.5 -90  48  57   5.469 330.0  30.0 1255
 1.300   80.0  90  51  60  -5.469 330.0  30.0   93
 1.300   82.5  90  51  60  -3.906 330.0  30.0   94
 1.300   85.0  90  51  60  -3.906 210.0  30.0   97
 1.300   87.5  90  51  60  -3.906  30.0  30.0   96
 1.300   90.0  90  51  60  -3.906 330.0  30.0  103
 1.300   92.5  90  51  63  -3.906 210.0  30.0  102
 1.300   95.0  90  51  60  -3.906 330.0  30.0  108
 1.300   97.5  90  51  60  -3.906 210.0  30.0  108
 1.300  100.0  90  51  60  -3.906 330.0  30.0  112
 1.300  105.0  90  51  60  -3.906 210.0  30.0  115
 1.300  107.5  90  51  60  -3.906 150.0  30.0  122
 1.300  112.5  90  51  60  -3.906 210.0  30.0  123
 1.300  115.0  90  51  60  -3.906 210.0  30.0  126
 1.300  117.5  90  51  60  -3.906 210.0  30.0  124
 1.300  120.0  90  51  63  -3.906 210.0  30.0  132
 1.300  125.0  90  51  60  -3.906 270.0  30.0  133
 1.300  130.0  90  51  60  -3.906 150.0  30.0  141
 1.300  132.5  90  51  60  -3.906 330.0  30.0  146
 1.300  135.0  90  51  60  -3.906   0.0   0.0  145
 1.300  137.5  90  51  60  -3.906  30.0  30.0  149
 1.300  140.0  90  51  60  -3.906 210.0  30.0  153
 1.300  145.0  90  51  60  -3.906 270.0  30.0  154
 1.300  147.5  90  51  60  -3.906 330.0  30.0  160
 1.300  150.0  90  51  60  -3.906  90.0  30.0  163
 1.300  152.5  90  51  60  -3.906 210.0  30.0  166
 1.300  160.0  90  51  63  -3.906 210.0  30.0  169
 1.300  162.5  90  51  60   3.906  30.0  30.0  163
 1.300  165.0  90  51  60  -5.469 210.0  30.0  176
 1.300  167.5  90  51  63  -3.906 330.0  30.0  178
 1.300  170.0  90  51  60  -3.906 210.0  30.0  180
 1.300  172.5  90  51  60  -3.906 210.0  30.0  185
 1.300  177.5  90  51  60  -3.906 330.0  30.0  190
 1.300  180.0  90  51  60  -2.344 210.0  30.0  193
 1.300  182.5  90  51  60  -3.906 210.0  30.0  192
 1.300  185.0  90  51  60  -3.906 210.0  30.0  197
 1.300  187.5  90  51  63  -3.906 330.0  30.0  201
 1.300  192.5  90  51  60  -2.344 210.0  30.0  206
 1.300  195.0  90  51  60  -3.906 210.0  30.0  206
 1.300  197.5  90  51  63  -3.906 270.0  30.0  209
 1.300  200.0  90  51  60  -3.906 210.0  30.0  185
 1.300  202.5  90  51  60  -3.906   0.0   0.0  217
 1.300  207.5  90  51  60   3.906 150.0  30.0  201
 1.300  210.0  90  51  60  -2.344 330.0  30.0  196
 1.300  212.5  90  51  60  -3.906  30.0  30.0  224
 1.300  215.0  90  51  60  -3.906 330.0  30.0  229
 1.300  220.0  90  51  60  -2.344 330.0  30.0  207
 1.300  222.5  90  51  60  -5.469 210.0  30.0  227
 1.300  225.0  90  51  60  -3.906  30.0  30.0  236
 1.300  227.5  90  51  60  -3.906 210.0  30.0  239
 1.300  232.5  90  51  60  -3.906 210.0  30.0  245
 1.300  235.0  90  51  60  -3.906 330.0  30.0  220
 1.300  237.5  90  51  60  -3.906 150.0  30.0  251
 1.300  240.0  90  51  60  -3.906  30.0  30.0  251
 1.300  242.5  90  51  60  -3.906 270.0  30.0  253
 1.300  245.0  90  51  63  -3.906 330.0  30.0  232
 1.300  252.5  90  51  60  -3.906  30.0  30.0  265
 1.300  255.0  90  51  60   3.906 210.0  30.0  251
 1.300  260.0  90  51  60  -2.344 210.0  30.0  269
 1.300  262.5  90  51  60  -3.906 210.0  30.0  277
 1.300  265.0  90  51  60  -2.344 150.0  30.0  250
 1.300  267.5  90  51  60  -3.906  30.0  30.0  280
 1.300  272.5  90  51  60  -3.906 210.0  30.0  282
 1.300  275.0  90  51  63  -2.344 330.0  30.0  290
 1.300  277.5  90  51  60  -3.906 210.0  30.0  291
 1.300  282.5  90  51  60  -3.906 270.0  30.0  296
 1.300  285.0  90  51  60   3.906 210.0  30.0  283
 1.300  287.5  90  51  60  -3.906 210.0  30.0  300
 1.300  295.0  90  51  60  -3.906  30.0  30.0  308
 1.300  305.0  90  51  60  -3.906 210.0  30.0  318
 1.300  307.5  90  51  60  -0.781 150.0  30.0  313
 1.300  310.0  90  51  60   0.781 330.0  30.0  307
 1.300  315.0  90  51  60  -3.906 330.0  30.0  328
 1.300  317.5  90  51  60  -3.906 210.0  30.0  327
 1.300  320.0  90  51  60  -3.906 210.0  30.0  330
 1.300  322.5  90  51  60  -2.344 210.0  30.0  333
 1.300  325.0  90  51  60  -3.906 270.0  30.0  338
 1.300  327.5  90  51  60   3.906 330.0  30.0  329
 1.300  330.0  90  51  60  -3.906 210.0  30.0  339
 1.300  337.5  90  51  60  -5.469 150.0  30.0  346
 1.300  340.0  90  51  60  -3.906  30.0  30.0  350
 1.300  347.5  90  51  60  -3.906 330.0  30.0  361
 1.300  350.0  90  51  60   3.906 330.0  30.0  350
 1.300  357.5  90  51  60  -3.906  30.0  30.0  369
 1.300  360.0  90  51  60   2.344 210.0  30.0  356
 1.300  372.5  90  51  60  -2.344  30.0  30.0  383
 1.300  380.0  90  51  60   3.906  30.0  30.0  377
 1.300  382.5  90  51  60  -2.344 270.0  30.0  397
 1.300  392.5  90  51  60  -2.344 210.0  30.0  404
 1.300  402.5  90  51  60  -5.469   0.0   0.0  413
 1.300  415.0  90  51  60  -2.344 150.0  30.0  428
 1.300  422.5  90  51  60  -0.781   0.0   0.0  434
 1.300  425.0  90  51  60  -2.344 210.0  30.0  411
 1.300  435.0  90  51  60  -5.469 210.0  30.0  447
 1.300 1150.0  90  51  60   5.469 150.0  30.0 1141
 1.300 1182.5  90  51  60  -3.906 330.0  30.0 1189
 1.550  472.5  90  60  69  -2.344 150.0  30.0  483
 1.650  125.0  90  51  60  -2.344 150.0  30.0  118
 1.650  140.0  90  51  60  -5.469 210.0  30.0  149
 1.650  322.5  90  51  63   0.781   0.0   0.0  326
 1.650 1062.5  90  51  60  -0.781 150.0  30.0 1053
 1.650 1202.5  90  51  60   2.344 150.0  30.0 1207
 1.650 1212.5  90  51  60  -2.344 150.0  30.0 1212
 1.650 1217.5  90  51  63   2.344 210.0  30.0 1226
 1.650 1257.5  90  51  60   5.469 150.0  30.0 1266
 1.650 1275.0  90  51  60   3.906 210.0  30.0 1284
 1.650   85.0 -90  48  57  -3.906 210.0  30.0   77
 1.650   90.0 -90  48  57   2.344   0.0   0.0   77
 1.650  107.5 -90  48  57  -5.469 150.0  30.0  108
 1.650  147.5 -90  48  57  -0.781   0.0   0.0  161
 1.650  170.0 -90  48  60   0.781  90.0  30.0  165
 1.650  177.5 -90  48  57   3.906 270.0  30.0  192
 1.650  180.0 -90  48  57   2.344 210.0  30.0  173
 1.650  187.5 -90  48  57   3.906 210.0  30.0  193
 1.650  190.0 -90  48  57   3.906  30.0  30.0  186
 1.650  197.5 -90  48  57  -0.781 330.0  30.0  193
 1.650  205.0 -90  48  57  -2.344  30.0  30.0  219
 1.650  210.0 -90  48  57   2.344  90.0  30.0  207
 1.650  237.5 -90  48  57  -3.906 210.0  30.0  249
 1.650 1042.5 -90  48  57   3.906 150.0  30.0 1053
 1.650 1055.0 -90  48  57   3.906 210.0  30.0 1068
 1.650 1065.0 -90  48  57   0.781 330.0  30.0 1061
 1.650 1075.0 -90  48  57  -0.781 210.0  30.0 1063
 1.650 1087.5 -90  48  57   0.781  30.0  30.0 1073
 1.650 1097.5 -90  48  57   0.781  30.0  30.0 1085
 1.650 1107.5 -90  48  57   5.469 150.0  30.0 1117
 1.650 1117.5 -90  48  57   5.469  90.0  30.0 1129
 1.650 1120.0 -90  48  57  -0.781 150.0  30.0 1106
 1.650 1130.0 -90  48  60   5.469 210.0  30.0 1143
 1.650 1140.0 -90  48  57   5.469  30.0  30.0 1129
 1.650 1150.0 -90  48  57   5.469 150.0  30.0 1136
 1.650 1152.5 -90  48  57   3.906 150.0  30.0 1165
 1.650 1157.5 -90  48  57   5.469 210.0  30.0 1168
 1.650 1167.5 -90  48  57  -5.469 210.0  30.0 1164
 1.650 1177.5 -90  48  57  -3.906 210.0  30.0 1174
 1.650 1180.0 -90  48  57   5.469 210.0  30.0 1186
 1.650 1190.0 -90  48  57   5.469  30.0  30.0 1177
 1.650 1197.5 -90  48  57   5.469 210.0  30.0 1204
 1.650 1207.5 -90  48  57   5.469 330.0  30.0 1221
 1.650 1215.0 -90  48  57  -5.469 210.0  30.0 1224
 1.650 1217.5 -90  48  60   5.469  30.0  30.0 1231
 1.650 1220.0 -90  48  60  -5.469 210.0  30.0 1211
 1.650 1227.5 -90  48  57   5.469 330.0  30.0 1213
 1.650 1235.0 -90  48  57  -5.469  30.0  30.0 1228
 1.650 1240.0 -90  48  57  -5.469  30.0  30.0 1238
 1.650 1245.0 -90  48  57  -5.469  30.0  30.0 1242
 1.650 1255.0 -90  48  57   5.469 330.0  30.0 1243
 1.650 1257.5 -90  48  57  -3.906 150.0  30.0 1247
 1.650 1270.0 -90  48  57   5.469 210.0  30.0 1260
 1.650 1282.5 -90  48  57   5.469 330.0  30.0 1277
 1.700   80.0  90  48  57  -5.469 210.0  30.0   79
 1.700   87.5  90  48  57  -3.906 150.0  30.0   75
 1.700   90.0  90  48  60  -2.344 150.0  30.0   77
 1.700   92.5  90  48  60  -0.781 150.0  30.0   85
 1.700   95.0  90  48  57  -5.469 210.0  30.0   81
 1.700  100.0  90  48  57  -3.906  30.0  30.0   87
 1.700  102.5  90  48  57  -5.469 150.0  30.0   92
 1.700  105.0  90  48  57  -5.469 150.0  30.0   93
 1.700  110.0  90  48  57  -3.906  30.0  30.0  102
 1.700  112.5  90  48  60   5.469  30.0  30.0  116
 1.700  115.0  90  48  57   2.344  30.0  30.0  119
 1.700  117.5  90  48  57   5.469 150.0  30.0  112
 1.700  120.0  90  48  57  -3.906 330.0  30.0  111
 1.700  125.0  90  48  60   2.344 150.0  30.0  127
 1.700  127.5  90  48  57  -3.906  30.0  30.0  118
 1.700  130.0  90  48  57  -3.906  90.0  30.0  127
 1.700  132.5  90  48  57   3.906 150.0  30.0  126
 1.700  135.0  90  48  60   0.781 210.0  30.0  134
 1.700  137.5  90  48  57  -2.344  30.0  30.0  127
 1.700  140.0  90  48  60   5.469 150.0  30.0  130
 1.700  142.5  90  48  57   3.906 210.0  30.0  132
 1.700  145.0  90  48  57  -5.469  30.0  30.0  139
 1.700  147.5  90  48  57  -5.469 210.0  30.0  145
 1.700  150.0  90  48  57  -3.906 150.0  30.0  140
 1.700  152.5  90  48  57   5.469  90.0  30.0  150
 1.700  157.5  90  48  57  -2.344  30.0  30.0  145
 1.700  160.0  90  48  57  -5.469   0.0   0.0  149
 1.700  162.5  90  48  57  -3.906 330.0  30.0  167
 1.700  165.0  90  48  57  -3.906 210.0  30.0  178
 1.700  167.5  90  48  57  -2.344 210.0  30.0  154
 1.700  170.0  90  48  57   5.469  30.0  30.0  165
 1.700  175.0  90  48  57   3.906 150.0  30.0  163
 1.700  177.5  90  48  57  -2.344  30.0  30.0  164
 1.700  180.0  90  48  57  -5.469 210.0  30.0  167
 1.700  182.5  90  48  60  -3.906  30.0  30.0  177
 1.700  185.0  90  48  57  -3.906 210.0  30.0  178
 1.700  190.0  90  48  60   5.469 210.0  30.0  182
 1.700  192.5  90  48  57  -5.469 210.0  30.0  184
 1.700  195.0  90  48  57   2.344  30.0  30.0  203
 1.700  197.5  90  48  57   3.906 150.0  30.0  189
 1.700  200.0  90  48  57   3.906 210.0  30.0  196
 1.700  202.5  90  48  57  -5.469 150.0  30.0  197
 1.700  205.0  90  48  57  -3.906 150.0  30.0  197
 1.700  207.5  90  48  57   3.906  90.0  30.0  196
 1.700  212.5  90  48  60   5.469 150.0  30.0  209
 1.700  215.0  90  48  57  -3.906 150.0  30.0  203
 1.700  217.5  90  48  57   2.344  90.0  30.0  223
 1.700  222.5  90  48  60   5.469  90.0  30.0  219
 1.700  225.0  90  48  57   2.344 210.0  30.0  225
 1.700  227.5  90  48  57   0.781 150.0  30.0  234
 1.700  230.0  90  48  57  -5.469 150.0  30.0  224
 1.700  232.5  90  48  60  -5.469 210.0  30.0  220
 1.700  237.5  90  48  60  -0.781 330.0  30.0  225
 1.700  240.0  90  48  57  -0.781 210.0  30.0  233
 1.700  242.5  90  48  57  -5.469 330.0  30.0  240
 1.700  245.0  90  48  60   3.906 210.0  30.0  238
 1.700  247.5  90  48  57  -0.781 210.0  30.0  235
 1.700  250.0  90  48  57   5.469  30.0  30.0  242
 1.700  252.5  90  48  57   3.906 330.0  30.0  248
 1.700  255.0  90  48  57   2.344 150.0  30.0  251
 1.700  257.5  90  48  57  -3.906  90.0  30.0  258
 1.700  260.0  90  48  57  -3.906   0.0   0.0  259
 1.700  265.0  90  48  57  -5.469 210.0  30.0  260
 1.700  272.5  90  48  57  -3.906  30.0  30.0  272
 1.700  275.0  90  48  60   3.906 150.0  30.0  263
 1.700  277.5  90  48  57   3.906 150.0  30.0  275
 1.700  280.0  90  48  57  -2.344 150.0  30.0  285
 1.700  287.5  90  48  57  -0.781  30.0  30.0  296
 1.700  292.5  90  48  57  -3.906 150.0  30.0  281
 1.700  297.5  90  48  57   5.469  90.0  30.0  291
 1.700  300.0  90  48  57   5.469  30.0  30.0  299
 1.700  305.0  90  48  60   5.469 210.0  30.0  298
 1.700  307.5  90  48  57   2.344 210.0  30.0  301
 1.700  310.0  90  48  57  -0.781 210.0  30.0  317
 1.700  312.5  90  48  57   2.344 150.0  30.0  323
 1.700  315.0  90  48  60  -5.469 210.0  30.0  311
 1.700  317.5  90  48  57   3.906 330.0  30.0  314
 1.700  320.0  90  48  57   5.469 210.0  30.0  311
 1.700  322.5  90  48  60   0.781  30.0  30.0  328
 1.700  325.0  90  48  57   0.781   0.0   0.0  337
 1.700  330.0  90  48  57  -2.344 150.0  30.0  337
 1.700  335.0  90  48  57  -5.469 210.0  30.0  333
 1.700  345.0  90  48  57   5.469 150.0  30.0  339
 1.700  352.5  90  48  60   5.469  30.0  30.0  346
 1.700  355.0  90  48  57   5.469 210.0  30.0  351
 1.700  362.5  90  48  60   5.469 210.0  30.0  358
 1.700  365.0  90  48  60   5.469 210.0  30.0  359
 1.700  370.0  90  48  60   5.469 210.0  30.0  365
 1.700  372.5  90  48  57   5.469 210.0  30.0  369
 1.700  375.0  90  48  57   5.469  90.0  30.0  366
 1.700  382.5  90  48  60   5.469 210.0  30.0  376
 1.700  385.0  90  48  57   5.469 210.0  30.0  376
 1.700  390.0  90  48  57  -0.781 270.0  30.0  379
 1.700  392.5  90  48  57   5.469  30.0  30.0  390
 1.700  395.0  90  48  57   5.469 210.0  30.0  385
 1.700  397.5  90  48  57   5.469 210.0  30.0  389
 1.700  400.0  90  48  57  -0.781 330.0  30.0  387
 1.700  402.5  90  48  57   5.469  30.0  30.0  395
 1.700  405.0  90  48  57   5.469 150.0  30.0  405
 1.700  412.5  90  48  60   5.469 150.0  30.0  404
 1.700  415.0  90  48  57   3.906 210.0  30.0  401
 1.700  417.5  90  48  60  -5.469 150.0  30.0  421
 1.700  422.5  90  48  57   5.469 330.0  30.0  415
 1.700  425.0  90  48  60   5.469 210.0  30.0  436
 1.700  427.5  90  48  60   5.469 210.0  30.0  430
 1.700  435.0  90  48  60   3.906  30.0  30.0  426
 1.700  437.5  90  48  57   5.469  30.0  30.0  442
 1.700  440.0  90  48  57  -2.344 210.0  30.0  449
 1.700  442.5  90  48  57   5.469  90.0  30.0  441
 1.700  445.0  90  48  60   3.906 210.0  30.0  436
 1.700  447.5  90  48  60   3.906 210.0  30.0  440
 1.700  455.0  90  48  60   3.906 210.0  30.0  466
 1.700  457.5  90  48  60   5.469   0.0   0.0  459
 1.700  460.0  90  48  57  -5.469 210.0  30.0  452
 1.700  467.5  90  48  57   5.469 210.0  30.0  480
 1.700  480.0  90  48  57   5.469  30.0  30.0  489
 1.700  490.0  90  48  57   5.469 210.0  30.0  489
 1.700  492.5  90  48  60   0.781 150.0  30.0  489
 1.700  495.0  90  48  57  -5.469 210.0  30.0  508
 1.700  497.5  90  48  57   5.469 330.0  30.0  508
 1.700  500.0  90  48  57   5.469 330.0  30.0  507
 1.700  502.5  90  48  57   2.344 210.0  30.0  496
 1.700  507.5  90  48  57   3.906   0.0   0.0  495
 1.700  510.0  90  48  57   3.906  30.0  30.0  498
 1.700  512.5  90  48  57   0.781 150.0  30.0  508
 1.700  517.5  90  48  60  -3.906 330.0  30.0  518
 1.700  520.0  90  48  57   0.781 210.0  30.0  508
 1.700  522.5  90  48  57   0.781 210.0  30.0  524
 1.700  525.0  90  48  60  -5.469 270.0  30.0  527
 1.700  527.5  90  48  57  -3.906  30.0  30.0  528
 1.700  530.0  90  48  60   3.906 210.0  30.0  543
 1.700  532.5  90  48  60   0.781 210.0  30.0  531
 1.700  537.5  90  48  57  -0.781 150.0  30.0  544
 1.700  540.0  90  48  57   0.781 210.0  30.0  527
 1.700  542.5  90  48  57  -2.344 150.0  30.0  548
 1.700  545.0  90  48  57  -2.344 210.0  30.0  538
 1.700  547.5  90  48  57   3.906 150.0  30.0  537
 1.700  555.0  90  48  57  -3.906 210.0  30.0  552
 1.700  560.0  90  48  57   2.344 210.0  30.0  573
 1.700  562.5  90  48  57   0.781 210.0  30.0  550
 1.700  570.0  90  48  60   2.344 210.0  30.0  561
 1.700  572.5  90  48  57   0.781 210.0  30.0  566
 1.700  575.0  90  48  57   2.344 210.0  30.0  576
 1.700  580.0  90  48  57   3.906 330.0  30.0  570
 1.700  582.5  90  48  57  -3.906 210.0  30.0  572
 1.700  602.5  90  48  57   2.344 150.0  30.0  608
 1.700  610.0  90  48  57  -0.781 330.0  30.0  622
 1.700  615.0  90  48  60   5.469 210.0  30.0  609
 1.700   80.0 -90  48  57  -2.344 150.0  30.0   85
 1.700   82.5 -90  48  57  -5.469  30.0  30.0   83
 1.700   90.0 -90  48  57   0.781 150.0  30.0   77
 1.700   95.0 -90  48  57  -2.344 210.0  30.0  102
 1.700  110.0 -90  48  57  -5.469 150.0  30.0  105
 1.700  120.0 -90  48  57   5.469  90.0  30.0  126
 1.700  122.5 -90  48  57   0.781 150.0  30.0  116
 1.700  132.5 -90  48  57   0.781  30.0  30.0  140
 1.700  135.0 -90  48  57   0.781 330.0  30.0  132
 1.700  137.5 -90  48  57   2.344 150.0  30.0  124
 1.700  142.5 -90  48  57  -5.469 210.0  30.0  140
 1.700  145.0 -90  48  57   0.781 330.0  30.0  136
 1.700  147.5 -90  48  57   0.781 150.0  30.0  138
 1.700  150.0 -90  48  57  -2.344 330.0  30.0  153
 1.700  152.5 -90  48  60  -5.469  30.0  30.0  150
 1.700  155.0 -90  48  57   0.781  90.0  30.0  142
 1.700  157.5 -90  48  57   0.781  30.0  30.0  151
 1.700  160.0 -90  48  57  -2.344 150.0  30.0  153
 1.700  162.5 -90  48  60  -2.344  90.0  30.0  168
 1.700  165.0 -90  48  60   0.781  90.0  30.0  150
 1.700  167.5 -90  48  57   0.781 210.0  30.0  159
 1.700  172.5 -90  48  57  -2.344 150.0  30.0  180
 1.700  175.0 -90  48  57   0.781 270.0  30.0  189
 1.700  177.5 -90  48  57   5.469 150.0  30.0  175
 1.700  185.0 -90  48  57   0.781 330.0  30.0  175
 1.700  187.5 -90  48  57  -0.781  90.0  30.0  193
 1.700  190.0 -90  48  57   5.469 330.0  30.0  202
 1.700  192.5 -90  48  57   0.781  90.0  30.0  182
 1.700  200.0 -90  48  57   0.781 150.0  30.0  213
 1.700  210.0 -90  48  57  -0.781 150.0  30.0  217
 1.700  212.5 -90  48  57   2.344 150.0  30.0  199
 1.700  220.0 -90  48  57  -0.781  90.0  30.0  228
 1.700  225.0 -90  48  60  -2.344 210.0  30.0  224
 1.700  227.5 -90  48  57  -0.781  30.0  30.0  237
 1.700  230.0 -90  48  57   0.781 330.0  30.0  244
 1.700  235.0 -90  48  57  -2.344 270.0  30.0  234
 1.700  237.5 -90  48  57   0.781 330.0  30.0  252
 1.700  240.0 -90  48  57  -0.781  90.0  30.0  249
 1.700  242.5 -90  48  57   0.781 330.0  30.0  229
 1.700  247.5 -90  48  57   5.469 150.0  30.0  250
 1.700  250.0 -90  48  60   0.781  90.0  30.0  262
 1.700  255.0 -90  48  57   5.469   0.0   0.0  253
 1.700  257.5 -90  48  57  -2.344 330.0  30.0  259
 1.700  260.0 -90  48  60   0.781 150.0  30.0  271
 1.700  262.5 -90  48  57   0.781  30.0  30.0  277
 1.700  265.0 -90  48  57   5.469 150.0  30.0  259
 1.700  267.5 -90  48  57  -2.344 330.0  30.0  265
 1.700  270.0 -90  48  57  -0.781 270.0  30.0  279
 1.700  275.0 -90  48  57   0.781 150.0  30.0  266
 1.700  277.5 -90  48  57  -2.344  30.0  30.0  266
 1.700  280.0 -90  48  57  -0.781  30.0  30.0  287
 1.700  282.5 -90  48  57  -0.781  30.0  30.0  289
 1.700  285.0 -90  48  57   0.781  90.0  30.0  299
 1.700  287.5 -90  48  57   5.469 150.0  30.0  285
 1.700  290.0 -90  48  60  -2.344  90.0  30.0  284
 1.700  292.5 -90  48  60  -0.781 210.0  30.0  299
 1.700  295.0 -90  48  57   5.469 270.0  30.0  297
 1.700  297.5 -90  48  57  -2.344  90.0  30.0  292
 1.700  300.0 -90  48  60  -2.344  90.0  30.0  287
 1.700  302.5 -90  48  57  -0.781  90.0  30.0  304
 1.700  305.0 -90  48  57   0.781  90.0  30.0  320
 1.700  307.5 -90  48  57   0.781  30.0  30.0  320
 1.700  310.0 -90  48  57   5.469 210.0  30.0  315
 1.700  312.5 -90  48  60  -0.781 150.0  30.0  319
 1.700  315.0 -90  48  57   0.781 330.0  30.0  326
 1.700  317.5 -90  48  57   0.781 150.0  30.0  304
 1.700  320.0 -90  48  57  -2.344  30.0  30.0  305
 1.700  322.5 -90  48  63  -0.781  30.0  30.0  325
 1.700  325.0 -90  48  57   0.781 210.0  30.0  338
 1.700  327.5 -90  48  57   0.781 210.0  30.0  339
 1.700  330.0 -90  48  57  -2.344   0.0   0.0  329
 1.700  332.5 -90  48  57  -2.344  90.0  30.0  326
 1.700  335.0 -90  48  57   0.781 150.0  30.0  343
 1.700  342.5 -90  48  57  -2.344 210.0  30.0  352
 1.700  345.0 -90  48  57  -2.344 210.0  30.0  339
 1.700  347.5 -90  48  57   0.781 210.0  30.0  362
 1.700  355.0 -90  48  57  -3.906 150.0  30.0  365
 1.700  357.5 -90  48  57  -3.906   0.0   0.0  366
 1.700  367.5 -90  48  57  -3.906  30.0  30.0  365
 1.700  372.5 -90  48  57  -2.344  90.0  30.0  367
 1.700  377.5 -90  48  57  -3.906 150.0  30.0  388
 1.700  380.0 -90  48  57  -3.906   0.0   0.0  368
 1.700  387.5 -90  48  57   0.781 270.0  30.0  380
 1.700  390.0 -90  48  57  -2.344 150.0  30.0  379
 1.700  405.0 -90  48  57  -3.906 330.0  30.0  398
 1.700  407.5 -90  48  57  -3.906 150.0  30.0  419
 1.700  412.5 -90  48  57  -3.906 150.0  30.0  404
 1.700  437.5 -90  48  57  -5.469 150.0  30.0  428
 1.700  440.0 -90  48  57   5.469  30.0  30.0  449
 1.700  447.5 -90  48  57   5.469 150.0  30.0  448
 1.700  450.0 -90  48  57   3.906   0.0   0.0  441
 1.700  455.0 -90  48  57   3.906  90.0  30.0  466
 1.700  460.0 -90  48  57  -5.469  90.0  30.0  470
 1.700  462.5 -90  48  57   5.469 270.0  30.0  468
 1.700  465.0 -90  48  57   3.906  30.0  30.0  451
 1.700  470.0 -90  48  57   3.906  90.0  30.0  455
 1.700  475.0 -90  48  57   2.344 150.0  30.0  475
 1.700  477.5 -90  48  57   5.469 150.0  30.0  482
 1.700  480.0 -90  48  57   3.906  90.0  30.0  469
 1.700  482.5 -90  48  57   2.344  90.0  30.0  473
 1.700  485.0 -90  48  57   2.344  30.0  30.0  493
 1.700  487.5 -90  48  57   0.781  90.0  30.0  493
 1.700  490.0 -90  48  57   3.906 330.0  30.0  482
 1.700  492.5 -90  48  57   2.344 150.0  30.0  482
 1.700  495.0 -90  48  57   0.781 270.0  30.0  499
 1.700  497.5 -90  48  57   3.906 330.0  30.0  490
 1.700  500.0 -90  48  57   3.906 150.0  30.0  514
 1.700  502.5 -90  48  57   0.781  90.0  30.0  500
 1.700  505.0 -90  48  57   0.781 150.0  30.0  506
 1.700  507.5 -90  48  57   0.781 150.0  30.0  517
 1.700  512.5 -90  48  57   0.781 150.0  30.0  520
 1.700  517.5 -90  48  57   0.781 150.0  30.0  515
 1.700  525.0 -90  48  57   3.906  90.0  30.0  523
 1.700  570.0 -90  48  57   5.469  90.0  30.0  578
 1.700  577.5 -90  48  57   5.469  90.0  30.0  592
 1.700  580.0 -90  48  57   5.469  30.0  30.0  575
 1.700  587.5 -90  48  57   5.469  90.0  30.0  582
 1.700  590.0 -90  48  57   5.469 330.0  30.0  575
 1.800  322.5 -90  51  60   0.781   0.0   0.0  328
 1.800  325.0 -90  51  60  -0.781   0.0   0.0  328
 1.800  812.5 -90  51  60  -0.781 150.0  30.0  802
 1.800  857.5 -90  51  60  -0.781 150.0  30.0  845
 1.800  892.5 -90  51  60  -5.469 150.0  30.0  878
 1.800  922.5 -90  51  60  -0.781 210.0  30.0  912
 1.800  945.0 -90  51  60  -0.781 150.0  30.0  937
 1.800 1057.5 -90  51  60  -0.781 150.0  30.0 1072
 1.800 1160.0 -90  51  60  -2.344 150.0  30.0 1170
 1.800 1220.0 -90  51  60  -3.906 150.0  30.0 1209
 1.800 1275.0 -90  51  60   2.344 150.0  30.0 1282
 1.850   90.0  90  51  60  -0.781 210.0  30.0  104
 1.850  102.5  90  51  60  -0.781 210.0  30.0  110
 1.850  112.5  90  51  60  -0.781  30.0  30.0  125
 1.850  125.0  90  51  60  -0.781  30.0  30.0  128
 1.850  127.5  90  51  60  -2.344 150.0  30.0  115
 1.850  132.5  90  51  60  -0.781 270.0  30.0  121
 1.850  135.0  90  51  60  -0.781  30.0  30.0  141
 1.850  155.0  90  51  60   5.469 210.0  30.0  169
 1.850  162.5  90  51  60  -2.344 330.0  30.0  157
 1.850  170.0  90  51  60  -5.469 210.0  30.0  161
 1.850  182.5  90  51  60  -3.906 210.0  30.0  175
 1.850  185.0  90  51  60  -5.469 150.0  30.0  200
 1.850  192.5  90  51  60  -5.469 210.0  30.0  178
 1.850  200.0  90  51  60  -2.344 210.0  30.0  195
 1.850  202.5  90  51  60  -5.469 210.0  30.0  212
 1.850  205.0  90  51  60  -2.344 210.0  30.0  219
 1.850  220.0  90  51  60  -3.906 270.0  30.0  215
 1.850  230.0  90  51  60  -2.344  30.0  30.0  226
 1.850  330.0  90  51  63  -0.781   0.0   0.0  334
 1.850   80.0 -90  48  57   0.781 210.0  30.0   83
 1.850   82.5 -90  48  57   0.781 150.0  30.0   81
 1.850   85.0 -90  48  57  -5.469 150.0  30.0   85
 1.850   87.5 -90  48  57   0.781  30.0  30.0   89
 1.850   90.0 -90  48  57   0.781  30.0  30.0   96
 1.850   92.5 -90  48  57   0.781 150.0  30.0   92
 1.850   95.0 -90  48  57  -0.781 330.0  30.0  108
 1.850   97.5 -90  48  60   0.781 150.0  30.0  103
 1.850  100.0 -90  48  57   2.344 330.0  30.0  112
 1.850  102.5 -90  48  57   0.781 150.0  30.0  105
 1.850  105.0 -90  48  57   0.781 150.0  30.0  108
 1.850  107.5 -90  48  60   0.781 330.0  30.0   94
 1.850  110.0 -90  48  57   2.344  90.0  30.0  108
 1.850  112.5 -90  48  57   5.469  90.0  30.0  104
 1.850  115.0 -90  48  57   0.781 150.0  30.0  116
 1.850  117.5 -90  48  60   0.781   0.0   0.0  125
 1.850  120.0 -90  48  60   0.781 150.0  30.0  120
 1.850  122.5 -90  48  57   0.781 330.0  30.0  127
 1.850  125.0 -90  48  57  -0.781 150.0  30.0  120
 1.850  127.5 -90  48  57   0.781 150.0  30.0  139
 1.850  130.0 -90  48  60   2.344 330.0  30.0  144
 1.850  132.5 -90  48  57   0.781 150.0  30.0  133
 1.850  135.0 -90  48  57   2.344 150.0  30.0  141
 1.850  140.0 -90  48  57   2.344 330.0  30.0  128
 1.850  142.5 -90  48  60   0.781 150.0  30.0  134
 1.850  145.0 -90  48  57   3.906 150.0  30.0  150
 1.850  147.5 -90  48  57   2.344 330.0  30.0  159
 1.850  150.0 -90  48  57   2.344  90.0  30.0  161
 1.850  152.5 -90  48  57   2.344  90.0  30.0  157
 1.850  155.0 -90  48  57   3.906 150.0  30.0  154
 1.850  157.5 -90  48  57   0.781 150.0  30.0  163
 1.850  162.5 -90  48  57   3.906   0.0   0.0  170
 1.850  165.0 -90  48  57   2.344 330.0  30.0  175
 1.850  167.5 -90  48  60   3.906 150.0  30.0  171
 1.850  170.0 -90  48  57   3.906 150.0  30.0  170
 1.850  172.5 -90  48  60   2.344 150.0  30.0  187
 1.850  175.0 -90  48  57   3.906 150.0  30.0  174
 1.850  180.0 -90  48  57   3.906 150.0  30.0  177
 1.850  182.5 -90  48  57   3.906 150.0  30.0  197
 1.850  185.0 -90  48  57   5.469 150.0  30.0  184
 1.850  187.5 -90  48  57   5.469 150.0  30.0  175
 1.850  192.5 -90  48  57   2.344 150.0  30.0  186
 1.850  195.0 -90  48  57   3.906 150.0  30.0  182
 1.850  197.5 -90  48  57   3.906 330.0  30.0  190
 1.850  200.0 -90  48  57   3.906 150.0  30.0  206
 1.850  205.0 -90  48  57   3.906 150.0  30.0  206
 1.850  207.5 -90  48  60   3.906 330.0  30.0  201
 1.850  210.0 -90  48  57   5.469 150.0  30.0  196
 1.850  215.0 -90  48  60   3.906 150.0  30.0  211
 1.850  217.5 -90  48  57   5.469 150.0  30.0  206
 1.850  220.0 -90  48  57   3.906  30.0  30.0  222
 1.850  222.5 -90  48  57   5.469  90.0  30.0  219
 1.850  225.0 -90  48  57   5.469 150.0  30.0  216
 1.850  227.5 -90  48  57   5.469 330.0  30.0  218
 1.850  230.0 -90  48  60   5.469 150.0  30.0  224
 1.850  232.5 -90  48  57   5.469 330.0  30.0  223
 1.850  240.0 -90  48  57   5.469 150.0  30.0  229
 1.850  245.0 -90  48  57   5.469 210.0  30.0  232
 1.850  250.0 -90  48  57  -3.906  90.0  30.0  264
 1.850  252.5 -90  48  57   5.469 150.0  30.0  247
 1.850  255.0 -90  48  57   5.469 150.0  30.0  244
 1.850  257.5 -90  48  57   5.469 270.0  30.0  251
 1.850  260.0 -90  48  57   5.469 330.0  30.0  256
 1.850  262.5 -90  48  60  -5.469 150.0  30.0  254
 1.850  265.0 -90  48  57   5.469 150.0  30.0  266
 1.850  325.0 -90  48  63   0.781 330.0  30.0  329
 1.850  327.5 -90  48  60  -0.781   0.0   0.0  331
 1.850 1030.0 -90  48  57  -0.781 150.0  30.0 1034
 1.850 1047.5 -90  48  57  -0.781  90.0  30.0 1052
 1.850 1055.0 -90  48  57   5.469  90.0  30.0 1043
 1.850 1057.5 -90  48  57  -2.344 330.0  30.0 1065
 1.850 1060.0 -90  48  57  -0.781 210.0  30.0 1064
 1.850 1062.5 -90  48  57  -2.344 270.0  30.0 1066
 1.850 1067.5 -90  48  57  -0.781 330.0  30.0 1075
 1.850 1075.0 -90  48  57  -2.344  90.0  30.0 1079
 1.850 1080.0 -90  48  57  -3.906  90.0  30.0 1080
 1.850 1085.0 -90  48  57  -2.344  90.0  30.0 1092
 1.850 1090.0 -90  48  57  -2.344 330.0  30.0 1101
 1.850 1092.5 -90  48  57  -2.344 150.0  30.0 1095
 1.850 1097.5 -90  48  57   3.906 150.0  30.0 1094
 1.850 1107.5 -90  48  60   3.906 210.0  30.0 1104
 1.850 1112.5 -90  48  57   3.906 270.0  30.0 1112
 1.850 1115.0 -90  48  57   3.906 210.0  30.0 1110
 1.850 1117.5 -90  48  57  -3.906 270.0  30.0 1104
 1.850 1125.0 -90  48  57   3.906 210.0  30.0 1121
 1.850 1127.5 -90  48  57  -2.344 150.0  30.0 1132
 1.850 1130.0 -90  48  57   3.906   0.0   0.0 1127
 1.850 1135.0 -90  48  57   3.906 330.0  30.0 1133
 1.850 1140.0 -90  48  57   2.344  90.0  30.0 1150
 1.850 1142.5 -90  48  57   3.906  90.0  30.0 1138
 1.850 1150.0 -90  48  57   3.906 150.0  30.0 1146
 1.850 1152.5 -90  48  57   3.906 210.0  30.0 1146
 1.850 1155.0 -90  48  57  -0.781 150.0  30.0 1153
 1.850 1157.5 -90  48  57   3.906  30.0  30.0 1157
 1.850 1160.0 -90  48  57   3.906  90.0  30.0 1156
 1.850 1165.0 -90  48  57   3.906 150.0  30.0 1161
 1.850 1172.5 -90  48  57  -3.906 150.0  30.0 1163
 1.850 1177.5 -90  48  57  -3.906 150.0  30.0 1192
 1.850 1185.0 -90  48  57  -3.906  90.0  30.0 1173
 1.850 1187.5 -90  48  57   3.906  90.0  30.0 1192
 1.850 1190.0 -90  48  57   3.906  90.0  30.0 1188
 1.850 1192.5 -90  48  57  -3.906  30.0  30.0 1195
 1.850 1205.0 -90  48  57  -3.906 150.0  30.0 1196
 1.850 1215.0 -90  48  57  -3.906 150.0  30.0 1206
 1.850 1225.0 -90  48  57  -2.344 150.0  30.0 1223
 1.850 1230.0 -90  48  57  -3.906 150.0  30.0 1245
 1.850 1235.0 -90  48  57   2.344 150.0  30.0 1243
 1.850 1242.5 -90  48  57   0.781 150.0  30.0 1248
 1.850 1247.5 -90  48  57   2.344 150.0  30.0 1258
 1.850 1252.5 -90  48  57   0.781 210.0  30.0 1260
 1.850 1260.0 -90  48  57   2.344 150.0  30.0 1269
 1.850 1272.5 -90  48  57   0.781 150.0  30.0 1284
 1.850 1275.0 -90  48  57   0.781 210.0  30.0 1286
 1.850 1280.0 -90  48  57   0.781 150.0  30.0 1291
 1.900   80.0  90  51  60  -3.906  90.0  30.0   73
 1.900   97.5  90  51  60  -3.906 210.0  30.0   92
 1.900  137.5  90  51  60  -3.906 150.0  30.0  133
 1.900  285.0  90  51  60   0.781 150.0  30.0  292
 1.900  325.0  90  51  60   0.781 210.0  30.0  335
 1.900  332.5  90  51  66  -0.781   0.0   0.0  338
 1.900  335.0  90  51  60   0.781 330.0  30.0  330
 1.900  365.0  90  51  60  -2.344 210.0  30.0  374
 1.900  367.5  90  51  60  -3.906 150.0  30.0  362
 1.900  482.5  90  51  60  -3.906 210.0  30.0  478
 1.900  502.5  90  51  60  -2.344 210.0  30.0  507
 1.900  510.0  90  51  60   5.469 210.0  30.0  509
 1.900  522.5  90  51  60   2.344   0.0   0.0  536
 1.900  527.5  90  51  60   3.906 210.0  30.0  530
 1.900  530.0  90  51  60   3.906 270.0  30.0  538
 1.900  535.0  90  51  60  -0.781 210.0  30.0  539
 1.900  540.0  90  51  60   5.469 210.0  30.0  543
 1.900  545.0  90  51  60  -2.344 150.0  30.0  553
 1.900  557.5  90  51  60  -2.344 210.0  30.0  560
 1.900  567.5  90  51  60  -2.344 210.0  30.0  567
 1.900  582.5  90  51  60   5.469 150.0  30.0  578
 1.900  587.5  90  51  60  -2.344 210.0  30.0  589
 1.900  602.5  90  51  60  -2.344 330.0  30.0  609
 1.950  335.0  90  54  69   0.781   0.0   0.0  339
 1.950  672.5  90  54  63   0.781 330.0  30.0  677
 1.950  327.5 -90  54  63  -0.781   0.0   0.0  334
 2.000  337.5  90  57  69   0.781   0.0   0.0  341
 2.000  330.0 -90  54  66  -0.781   0.0   0.0  333
 2.050  340.0  90  57  66   0.781   0.0   0.0  343
 2.050  190.0 -90  51  60   3.906  90.0  30.0  176
 2.050  202.5 -90  51  60  -0.781 150.0  30.0  191
 2.050  240.0 -90  51  60   0.781 150.0  30.0  229
 2.050  242.5 -90  51  60   0.781 150.0  30.0  232
 2.050  252.5 -90  51  60   2.344 150.0  30.0  238
 2.050  262.5 -90  51  60   2.344 210.0  30.0  248
 2.050  330.0 -90  51  63  -0.781 150.0  30.0  338
 2.050  332.5 -90  51  63   0.781   0.0   0.0  335
 2.050 1107.5 -90  51  60  -0.781 150.0  30.0 1096
 2.050 1180.0 -90  51  60  -0.781 150.0  30.0 1167
 2.050 1217.5 -90  51  60   3.906 150.0  30.0 1208
 2.050 1230.0 -90  51  60   0.781 150.0  30.0 1236
 2.050 1237.5 -90  51  60   2.344 150.0  30.0 1232
 2.050 1277.5 -90  51  60  -0.781 150.0  30.0 1269
 2.100  342.5  90  57  66  -0.781   0.0   0.0  346
 2.100  157.5 -90  51  60  -5.469 210.0  30.0  145
 2.100  332.5 -90  51  63  -0.781   0.0   0.0  336
 2.100  492.5 -90  51  60   5.469 150.0  30.0  487
 2.100  577.5 -90  51  60  -2.344 270.0  30.0  577
 2.100  580.0 -90  51  60  -2.344 150.0  30.0  568
 2.100  587.5 -90  51  60  -2.344  90.0  30.0  599
 2.100  592.5 -90  51  60  -2.344 150.0  30.0  604
 2.100  595.0 -90  51  60  -2.344 150.0  30.0  580
 2.100  610.0 -90  51  60  -2.344 150.0  30.0  625
 2.100  615.0 -90  51  60   2.344 210.0  30.0  614
 2.100  652.5 -90  51  60  -3.906 210.0  30.0  665
 2.150  342.5  90  54  63  -0.781   0.0   0.0  349
 2.150  345.0  90  54  66   0.781   0.0   0.0  347
 2.150  855.0  90  54  63  -0.781 150.0  30.0  844
 2.150  897.5  90  54  63   0.781  30.0  30.0  888
 2.150  915.0  90  54  63  -0.781  30.0  30.0  922
 2.150  925.0  90  54  63  -0.781 150.0  30.0  935
 2.150  952.5  90  54  63  -0.781  30.0  30.0  959
 2.150  975.0  90  54  63  -0.781 270.0  30.0  976
 2.150 1012.5  90  54  63  -0.781 150.0  30.0 1013
 2.150  335.0 -90  54  63  -0.781   0.0   0.0  340
 2.200  345.0  90  51  63   0.781   0.0   0.0  351
 2.200  347.5  90  51  66   0.781   0.0   0.0  351
 2.200  862.5  90  51  60   0.781 210.0  30.0  869
 2.200  965.0  90  51  60  -3.906  30.0  30.0  951
 2.200  982.5  90  51  60  -3.906 150.0  30.0  997
 2.200  995.0  90  51  60  -3.906 150.0  30.0 1008
 2.200 1035.0  90  51  60  -3.906 150.0  30.0 1043
 2.200 1037.5  90  51  60  -3.906 150.0  30.0 1044
 2.200 1045.0  90  51  60  -3.906  90.0  30.0 1058
 2.200 1077.5  90  51  60  -3.906  30.0  30.0 1085
 2.200 1122.5  90  51  60  -2.344  30.0  30.0 1126
 2.200 1130.0  90  51  60  -2.344 150.0  30.0 1139
 2.200 1205.0  90  51  60  -3.906  30.0  30.0 1207
 2.200 1230.0  90  51  60  -3.906 210.0  30.0 1238
 2.200 1247.5  90  51  60  -3.906  30.0  30.0 1250
 2.200 1270.0  90  51  60  -3.906 210.0  30.0 1277
 2.200 1277.5  90  51  60  -3.906  90.0  30.0 1282
 2.200  335.0 -90  51  60   0.781   0.0   0.0  340
 2.200  337.5 -90  51  60  -0.781   0.0   0.0  340
 2.250   80.0  90  48  57   3.906 210.0  30.0   88
 2.250   87.5  90  48  57   3.906 150.0  30.0   92
 2.250   92.5  90  48  57  -3.906 210.0  30.0   80
 2.250   97.5  90  48  57   3.906  90.0  30.0  100
 2.250  100.0  90  48  57  -3.906   0.0   0.0   90
 2.250  105.0  90  48  57  -3.906 150.0  30.0   97
 2.250  107.5  90  48  57  -3.906  30.0  30.0  100
 2.250  120.0  90  48  57  -3.906  30.0  30.0  116
 2.250  122.5  90  48  57  -3.906  90.0  30.0  111
 2.250  125.0  90  48  57  -3.906 210.0  30.0  117
 2.250  130.0  90  48  57  -3.906  90.0  30.0  130
 2.250  132.5  90  48  57  -3.906 150.0  30.0  147
 2.250  135.0  90  48  57  -3.906 270.0  30.0  128
 2.250  140.0  90  48  57  -3.906 150.0  30.0  135
 2.250  147.5  90  48  57  -3.906  30.0  30.0  145
 2.250  162.5  90  48  57  -0.781  90.0  30.0  161
 2.250  182.5  90  48  57  -0.781  30.0  30.0  178
 2.250  185.0  90  48  57  -0.781 150.0  30.0  183
 2.250  187.5  90  48  57   3.906 270.0  30.0  193
 2.250  192.5  90  48  57  -0.781 150.0  30.0  187
 2.250  200.0  90  48  57   3.906  90.0  30.0  204
 2.250  205.0  90  48  57  -0.781  90.0  30.0  200
 2.250  212.5  90  48  57   3.906 210.0  30.0  216
 2.250  220.0  90  48  57   3.906 210.0  30.0  232
 2.250  222.5  90  48  57   3.906 150.0  30.0  226
 2.250  227.5  90  48  57   5.469 330.0  30.0  215
 2.250  230.0  90  48  57   3.906  30.0  30.0  237
 2.250  232.5  90  48  57   3.906 210.0  30.0  240
 2.250  235.0  90  48  57   5.469  30.0  30.0  249
 2.250  237.5  90  48  57   3.906 270.0  30.0  243
 2.250  240.0  90  48  57   3.906  30.0  30.0  251
 2.250  242.5  90  48  57   5.469  30.0  30.0  228
 2.250  245.0  90  48  57   3.906 210.0  30.0  247
 2.250  247.5  90  48  57   3.906  30.0  30.0  251
 2.250  250.0  90  48  57   3.906 270.0  30.0  261
 2.250  252.5  90  48  57   3.906  30.0  30.0  263
 2.250  255.0  90  48  57   5.469 150.0  30.0  245
 2.250  257.5  90  48  57  -2.344  30.0  30.0  253
 2.250  260.0  90  48  57   3.906  30.0  30.0  269
 2.250  262.5  90  48  57   3.906 150.0  30.0  275
 2.250  265.0  90  48  57  -5.469 210.0  30.0  277
 2.250  267.5  90  48  57   3.906  30.0  30.0  276
 2.250  270.0  90  48  57   3.906  30.0  30.0  280
 2.250  275.0  90  48  57  -5.469 330.0  30.0  261
 2.250  277.5  90  48  57   3.906  30.0  30.0  286
 2.250  280.0  90  48  57   3.906  30.0  30.0  289
 2.250  282.5  90  48  57   3.906  30.0  30.0  295
 2.250  285.0  90  48  57   5.469 270.0  30.0  273
 2.250  287.5  90  48  57   3.906 210.0  30.0  297
 2.250  290.0  90  48  57   3.906  30.0  30.0  304
 2.250  292.5  90  48  57   3.906  30.0  30.0  304
 2.250  295.0  90  48  57   5.469  30.0  30.0  307
 2.250  297.5  90  48  57   3.906  30.0  30.0  310
 2.250  300.0  90  48  57   3.906  90.0  30.0  314
 2.250  302.5  90  48  57   3.906  30.0  30.0  312
 2.250  305.0  90  48  57   5.469   0.0   0.0  316
 2.250  307.5  90  48  57   3.906  90.0  30.0  318
 2.250  310.0  90  48  57   5.469  30.0  30.0  322
 2.250  312.5  90  48  57   3.906  30.0  30.0  325
 2.250  317.5  90  48  57   3.906  30.0  30.0  328
 2.250  320.0  90  48  57   3.906 210.0  30.0  305
 2.250  322.5  90  48  57   3.906  30.0  30.0  330
 2.250  325.0  90  48  57   5.469 210.0  30.0  337
 2.250  327.5  90  48  57   3.906 210.0  30.0  342
 2.250  330.0  90  48  57   3.906  90.0  30.0  339
 2.250  332.5  90  48  57   3.906 270.0  30.0  345
 2.250  337.5  90  48  57   5.469 270.0  30.0  336
 2.250  340.0  90  48  57   3.906  30.0  30.0  353
 2.250  342.5  90  48  57   3.906  90.0  30.0  357
 2.250  345.0  90  48  60   3.906 210.0  30.0  355
 2.250  347.5  90  48  63   0.781   0.0   0.0  351
 2.250  350.0  90  48  66   0.781   0.0   0.0  355
 2.250  360.0  90  48  57   3.906 210.0  30.0  370
 2.250 1132.5  90  48  57  -2.344  30.0  30.0 1130
 2.250 1137.5  90  48  57  -2.344 150.0  30.0 1148
 2.250 1157.5  90  48  57  -2.344   0.0   0.0 1144
 2.250 1160.0  90  48  57  -2.344 210.0  30.0 1148
 2.250 1170.0  90  48  57  -2.344 150.0  30.0 1162
 2.250 1175.0  90  48  57  -2.344 210.0  30.0 1168
 2.250 1180.0  90  48  57  -2.344  30.0  30.0 1171
 2.250 1182.5  90  48  57  -2.344 150.0  30.0 1173
 2.250 1190.0  90  48  57  -2.344 270.0  30.0 1180
 2.250 1192.5  90  48  57  -3.906 210.0  30.0 1186
 2.250 1200.0  90  48  57  -2.344 150.0  30.0 1188
 2.250 1205.0  90  48  57  -2.344  90.0  30.0 1197
 2.250 1212.5  90  48  57  -2.344 210.0  30.0 1227
 2.250 1220.0  90  48  57  -2.344  30.0  30.0 1208
 2.250 1222.5  90  48  57  -2.344 330.0  30.0 1220
 2.250 1225.0  90  48  57  -3.906 270.0  30.0 1222
 2.250 1230.0  90  48  57  -2.344 150.0  30.0 1238
 2.250 1232.5  90  48  57  -2.344 210.0  30.0 1222
 2.250 1237.5  90  48  57  -2.344 150.0  30.0 1226
 2.250 1242.5  90  48  57  -3.906  30.0  30.0 1244
 2.250 1247.5  90  48  57   2.344 150.0  30.0 1259
 2.250 1255.0  90  48  57   2.344  90.0  30.0 1243
 2.250 1257.5  90  48  57   2.344 210.0  30.0 1270
 2.250 1280.0  90  48  57  -2.344 150.0  30.0 1267
 2.250 1282.5  90  48  57  -3.906  30.0  30.0 1280
 2.250  102.5 -90  48  57  -3.906 270.0  30.0  102
 2.250  120.0 -90  48  57  -3.906  90.0  30.0  118
 2.250  137.5 -90  48  57  -3.906 210.0  30.0  138
 2.250  142.5 -90  48  57  -3.906 150.0  30.0  143
 2.250  145.0 -90  48  57  -3.906 210.0  30.0  145
 2.250  147.5 -90  48  57  -2.344  30.0  30.0  142
 2.250  152.5 -90  48  57   2.344  90.0  30.0  154
 2.250  155.0 -90  48  57  -2.344 150.0  30.0  142
 2.250  160.0 -90  48  57  -2.344  30.0  30.0  153
 2.250  170.0 -90  48  57  -2.344 210.0  30.0  161
 2.250  172.5 -90  48  57   2.344 210.0  30.0  174
 2.250  177.5 -90  48  57  -2.344 330.0  30.0  174
 2.250  185.0 -90  48  57  -2.344  30.0  30.0  177
 2.250  187.5 -90  48  57  -2.344 150.0  30.0  179
 2.250  190.0 -90  48  57  -3.906 270.0  30.0  189
 2.250  195.0 -90  48  57  -2.344 270.0  30.0  187
 2.250  197.5 -90  48  57   3.906 150.0  30.0  189
 2.250  212.5 -90  48  57  -2.344  30.0  30.0  203
 2.250  217.5 -90  48  57  -3.906 270.0  30.0  215
 2.250  227.5 -90  48  57  -3.906 270.0  30.0  227
 2.250  232.5 -90  48  57  -2.344 150.0  30.0  224
 2.250  235.0 -90  48  57   0.781 270.0  30.0  244
 2.250  237.5 -90  48  57  -3.906 150.0  30.0  236
 2.250  240.0 -90  48  57  -3.906 150.0  30.0  235
 2.250  245.0 -90  48  57  -3.906 270.0  30.0  242
 2.250  247.5 -90  48  60  -3.906 150.0  30.0  243
 2.250  250.0 -90  48  57  -3.906 210.0  30.0  244
 2.250  252.5 -90  48  57  -3.906  30.0  30.0  248
 2.250  255.0 -90  48  60  -3.906  90.0  30.0  252
 2.250  257.5 -90  48  57  -3.906  90.0  30.0  253
 2.250  260.0 -90  48  57  -3.906 150.0  30.0  255
 2.250  262.5 -90  48  57  -3.906  90.0  30.0  255
 2.250  265.0 -90  48  57  -3.906 150.0  30.0  259
 2.250  267.5 -90  48  57  -3.906 150.0  30.0  262
 2.250  270.0 -90  48  57  -3.906  90.0  30.0  264
 2.250  272.5 -90  48  57  -3.906 270.0  30.0  268
 2.250  275.0 -90  48  57  -3.906 150.0  30.0  268
 2.250  277.5 -90  48  57  -3.906 150.0  30.0  270
 2.250  282.5 -90  48  57  -3.906 150.0  30.0  275
 2.250  285.0 -90  48  57  -3.906 150.0  30.0  280
 2.250  287.5 -90  48  57  -3.906  30.0  30.0  283
 2.250  295.0 -90  48  57  -3.906  90.0  30.0  290
 2.250  297.5 -90  48  57  -3.906  90.0  30.0  288
 2.250  305.0 -90  48  57  -2.344 270.0  30.0  319
 2.250  330.0 -90  48  57   0.781 210.0  30.0  341
 2.250  337.5 -90  48  63   0.781   0.0   0.0  345
 2.250  340.0 -90  48  60   0.781 210.0  30.0  346
 2.250  350.0 -90  48  57  -0.781 150.0  30.0  358
 2.250 1177.5 -90  48  57   2.344 330.0  30.0 1164
 2.250 1180.0 -90  48  57   3.906 150.0  30.0 1192
 2.250 1225.0 -90  48  57   2.344 150.0  30.0 1236
 2.300  350.0  90  51  60  -0.781 330.0  30.0  354
 2.300  352.5  90  51  66   0.781   0.0   0.0  357
 2.300  565.0  90  51  60  -0.781  90.0  30.0  574
 2.300  595.0  90  51  60  -0.781  90.0  30.0  604
 2.300  605.0  90  51  60  -3.906  30.0  30.0  617
 2.300  607.5  90  51  60  -2.344  30.0  30.0  617
 2.300  615.0  90  51  60  -3.906 330.0  30.0  627
 2.300  617.5  90  51  60  -5.469  30.0  30.0  628
 2.300  627.5  90  51  60  -3.906 270.0  30.0  636
 2.300  637.5  90  51  60  -5.469 150.0  30.0  646
 2.300  647.5  90  51  60  -5.469  90.0  30.0  654
 2.300  697.5  90  51  60   5.469  30.0  30.0  700
 2.300  340.0 -90  51  60   0.781 330.0  30.0  344
 2.300  562.5 -90  51  60  -3.906  30.0  30.0  558
 2.300  580.0 -90  51  60  -5.469 270.0  30.0  573
 2.300  582.5 -90  51  60  -3.906  90.0  30.0  581
 2.300  595.0 -90  51  60  -5.469 210.0  30.0  581
 2.300  600.0 -90  51  60  -5.469 150.0  30.0  592
 2.300  605.0 -90  51  60  -5.469 150.0  30.0  596
 2.300  610.0 -90  51  60   5.469 270.0  30.0  623
 2.300  612.5 -90  51  60  -5.469 150.0  30.0  607
 2.300  677.5 -90  51  60   3.906 270.0  30.0  666
 2.300  687.5 -90  51  60   0.781 330.0  30.0  684
 2.350  355.0  90  54  66  -0.781   0.0   0.0  360
 2.350  342.5 -90  54  63  -0.781   0.0   0.0  347
 2.400  357.5  90  54  66  -0.781   0.0   0.0  362
 2.400  342.5 -90  51  60  -0.781   0.0   0.0  348
 2.400  345.0 -90  51  66   0.781   0.0   0.0  348
 2.450   97.5  90  51  60  -5.469 150.0  30.0   87
 2.450  357.5  90  51  60  -0.781 210.0  30.0  365
 2.450  360.0  90  51  66  -0.781 330.0  30.0  364
 2.450  362.5  90  51  63  -0.781   0.0   0.0  367
 2.450  315.0 -90  51  60   0.781 150.0  30.0  316
 2.450  345.0 -90  51  63  -0.781  30.0  30.0  349
 2.450  347.5 -90  51  63  -0.781 150.0  30.0  350
 2.450 1215.0 -90  51  60   3.906  30.0  30.0 1201
 2.450 1225.0 -90  51  60   3.906 150.0  30.0 1236
 2.500  362.5  90  54  63   0.781   0.0   0.0  368
 2.500  347.5 -90  54  63   0.781 330.0  30.0  353
 2.500  350.0 -90  54  63   0.781   0.0   0.0  354
 2.550  352.5 -90  54  63   0.781   0.0   0.0  355
 2.600  352.5 -90  51  60  -0.781   0.0   0.0  357
 2.600  355.0 -90  51  60  -0.781   0.0   0.0  359
 2.650  172.5  90  51  60  -0.781 150.0  30.0  168
 2.750  382.5  90  51  63   0.781   0.0   0.0  387
 2.750  362.5 -90  48  57   0.781   0.0   0.0  366
 2.800  385.0  90  48  60   0.781   0.0   0.0  390
 2.800  387.5  90  48  63   0.781   0.0   0.0  391
 2.800  777.5  90  48  57   0.781   0.0   0.0  782
 2.800  362.5 -90  45  57   0.781   0.0   0.0  368
 2.800  365.0 -90  45  63   0.781   0.0   0.0  369
 2.800  730.0 -90  45  54   0.781   0.0   0.0  735
 2.800  732.5 -90  45  54   0.781   0.0   0.0  736
 2.800  735.0 -90  45  54   0.781   0.0   0.0  738
 2.850  390.0  90  48  63  -0.781   0.0   0.0  394
 2.850  392.5  90  48  66   0.781   0.0   0.0  397
 2.850  395.0  90  48  57   0.781   0.0   0.0  398
 2.850  365.0 -90  48  57  -0.781   0.0   0.0  370
 2.850  367.5 -90  48  66   0.781   0.0   0.0  372
 2.850  370.0 -90  48  57   0.781   0.0   0.0  373
 2.850  740.0 -90  48  57  -0.781   0.0   0.0  744
 2.900  395.0  90  48  63   0.781   0.0   0.0  400
 2.900  397.5  90  48  66   0.781   0.0   0.0  401
 2.900  400.0  90  48  57  -0.781 330.0  30.0  404
 2.900  370.0 -90  48  66   0.781   0.0   0.0  375
 2.900  372.5 -90  48  60   0.781   0.0   0.0  375
 2.950  400.0  90  51  66   0.781   0.0   0.0  405
 2.950  402.5  90  51  69   0.781   0.0   0.0  406
 2.950  405.0  90  51  63   0.781   0.0   0.0  408
 2.950  372.5 -90  48  63   0.781   0.0   0.0  377
 2.950  375.0 -90  48  63   0.781   0.0   0.0  378
 2.950  747.5 -90  48  57   0.781   0.0   0.0  752
 2.950  752.5 -90  48  57   0.781   0.0   0.0  757
 3.000  405.0  90  48  60   0.781   0.0   0.0  410
 3.000  407.5  90  48  66   0.781   0.0   0.0  412
 3.000  410.0  90  48  66   0.781   0.0   0.0  413
 3.000  375.0 -90  48  60   0.781   0.0   0.0  380
 3.000  377.5 -90  48  66   0.781   0.0   0.0  381
 3.000  380.0 -90  48  57   0.781   0.0   0.0  383
 3.000  757.5 -90  48  57   0.781   0.0   0.0  761
 3.000  762.5 -90  48  57   0.781   0.0   0.0  766
 3.050  410.0  90  51  60   0.781   0.0   0.0  416
 3.050  412.5  90  51  66   0.781   0.0   0.0  417
 3.050  415.0  90  51  69   0.781   0.0   0.0  419
 3.050  417.5  90  51  63   0.781   0.0   0.0  420
 3.050  830.0  90  51  60   0.781   0.0   0.0  834
 3.050  380.0 -90  48  66   0.781   0.0   0.0  385
 3.050  382.5 -90  48  63   0.781   0.0   0.0  386
 3.050  762.5 -90  48  60   0.781   0.0   0.0  766
 3.050  765.0 -90  48  57   0.781   0.0   0.0  768
 3.100  417.5  90  48  60   0.781   0.0   0.0  424
 3.100  420.0  90  48  66   0.781   0.0   0.0  425
 3.100  422.5  90  48  66   0.781   0.0   0.0  426
 3.100  425.0  90  48  60   0.781   0.0   0.0  428
 3.100  837.5  90  48  57   0.781   0.0   0.0  842
 3.100  840.0  90  48  57   0.781   0.0   0.0  844
 3.100  842.5  90  48  57   0.781   0.0   0.0  845
 3.100  382.5 -90  45  63   0.781   0.0   0.0  388
 3.100  385.0 -90  45  69  -0.781   0.0   0.0  388
 3.100  387.5 -90  45  60   0.781   0.0   0.0  391
 3.100  765.0 -90  45  54   0.781   0.0   0.0  772
 3.100  767.5 -90  45  60   0.781   0.0   0.0  772
 3.100  770.0 -90  45  54   0.781   0.0   0.0  773
 3.100  772.5 -90  45  54   0.781   0.0   0.0  777
 3.100  775.0 -90  45  54   0.781   0.0   0.0  779
 3.150  425.0  90  45  57   0.781   0.0   0.0  431
 3.150  427.5  90  45  66   0.781   0.0   0.0  432
 3.150  430.0  90  45  66   0.781   0.0   0.0  434
 3.150  432.5  90  45  57   0.781   0.0   0.0  437
 3.150  847.5  90  45  54   0.781   0.0   0.0  851
 3.150  852.5  90  45  57   0.781   0.0   0.0  856
 3.150  857.5  90  45  57   0.781   0.0   0.0  860
 3.150  385.0 -90  45  54   0.781   0.0   0.0  390
 3.150  387.5 -90  45  66   0.781   0.0   0.0  392
 3.150  390.0 -90  45  66   0.781   0.0   0.0  393
 3.150  392.5 -90  45  54  -0.781   0.0   0.0  395
 3.150  782.5 -90  45  60   0.781   0.0   0.0  786
 3.150 1167.5 -90  45  54   0.781   0.0   0.0 1171
 3.200  435.0  90  45  57  -0.781   0.0   0.0  439
 3.200  437.5  90  45  66   0.781   0.0   0.0  442
 3.200  440.0  90  45  63   0.781   0.0   0.0  444
 3.200  442.5  90  45  57   0.781   0.0   0.0  446
 3.200  445.0  90  45  54   0.781   0.0   0.0  448
 3.200  862.5  90  45  54   0.781   0.0   0.0  866
 3.200  865.0  90  45  57   0.781   0.0   0.0  868
 3.200  870.0  90  45  54   0.781  30.0  30.0  875
 3.200  872.5  90  45  57   0.781   0.0   0.0  876
 3.200  875.0  90  45  54   0.781   0.0   0.0  880
 3.200  880.0  90  45  57   0.781   0.0   0.0  882
 3.200  882.5  90  45  54   0.781   0.0   0.0  888
 3.200  885.0  90  45  54   0.781   0.0   0.0  890
 3.200  390.0 -90  45  57  -0.781   0.0   0.0  395
 3.200  392.5 -90  45  66   0.781   0.0   0.0  397
 3.200  395.0 -90  45  63   0.781   0.0   0.0  398
 3.200  782.5 -90  45  54   0.781   0.0   0.0  786
 3.200  785.0 -90  45  57   0.781   0.0   0.0  790
 3.200  787.5 -90  45  63   0.781   0.0   0.0  792
 3.200  790.0 -90  45  60   0.781   0.0   0.0  793
 3.200  795.0 -90  45  54   0.781   0.0   0.0  799
 3.250  447.5  90  51  60   0.781   0.0   0.0  453
 3.250  450.0  90  51  60   0.781   0.0   0.0  454
 3.250  452.5  90  51  60   0.781   0.0   0.0  457
 3.250  395.0 -90  48  63   0.781   0.0   0.0  400
 3.250  397.5 -90  48  69   0.781   0.0   0.0  401
 3.250  400.0 -90  48  63   0.781   0.0   0.0  403
 3.250  792.5 -90  48  57   0.781   0.0   0.0  796
 3.250  795.0 -90  48  60   0.781   0.0   0.0  800
 3.250  797.5 -90  48  63   0.781   0.0   0.0  801
 3.250  802.5 -90  48  57   0.781   0.0   0.0  805
 3.300  455.0  90  45  57   0.781   0.0   0.0  457
 3.300  457.5  90  45  57   0.781   0.0   0.0  463
 3.300  460.0  90  45  60   0.781   0.0   0.0  463
 3.300  462.5  90  45  66   0.781   0.0   0.0  466
 3.300  465.0  90  45  66   0.781   0.0   0.0  469
 3.300  467.5  90  45  60   0.781   0.0   0.0  470
 3.300  470.0  90  45  54   0.781   0.0   0.0  473
 3.300  917.5  90  45  54   0.781   0.0   0.0  921
 3.300  920.0  90  45  54   0.781   0.0   0.0  923
 3.300  922.5  90  45  54   0.781   0.0   0.0  926
 3.300  937.5  90  45  54   0.781   0.0   0.0  941
 3.300  400.0 -90  45  60   0.781   0.0   0.0  405
 3.300  402.5 -90  45  66   0.781   0.0   0.0  406
 3.300  405.0 -90  45  60   0.781   0.0   0.0  408
 3.300  797.5 -90  45  54   0.781   0.0   0.0  802
 3.300  800.0 -90  45  57   0.781   0.0   0.0  804
 3.300  802.5 -90  45  60   0.781   0.0   0.0  806
 3.300  805.0 -90  45  57   0.781   0.0   0.0  809
 3.300  807.5 -90  45  57   0.781 330.0  30.0  811
 3.300  810.0 -90  45  54   0.781   0.0   0.0  814
 3.300  812.5 -90  45  57   0.781   0.0   0.0  817
 3.300  815.0 -90  45  57   0.781   0.0   0.0  818
 3.350  467.5  90  45  54  -0.781   0.0   0.0  474
 3.350  472.5  90  45  57   0.781   0.0   0.0  477
 3.350  475.0  90  45  57   0.781   0.0   0.0  481
 3.350  477.5  90  45  57   0.781  30.0  30.0  482
 3.350  480.0  90  45  60   0.781   0.0   0.0  484
 3.350  482.5  90  45  57   0.781   0.0   0.0  488
 3.350  907.5  90  45  54   0.781   0.0   0.0  908
 3.350  937.5  90  45  54   0.781   0.0   0.0  940
 3.350  942.5  90  45  54   0.781   0.0   0.0  946
 3.350  945.0  90  45  57   0.781   0.0   0.0  948
 3.350  947.5  90  45  54   0.781   0.0   0.0  951
 3.350  952.5  90  45  54   0.781   0.0   0.0  955
 3.350  955.0  90  45  57   0.781   0.0   0.0  957
 3.350  957.5  90  45  54   0.781 150.0  30.0  962
 3.350  405.0 -90  45  60   0.781   0.0   0.0  410
 3.350  407.5 -90  45  66   0.781   0.0   0.0  412
 3.350  410.0 -90  45  63   0.781   0.0   0.0  414
 3.350  815.0 -90  45  60   0.781   0.0   0.0  820
 3.350  817.5 -90  45  57   0.781   0.0   0.0  821
 3.350  820.0 -90  45  60   0.781   0.0   0.0  824
 3.350 1230.0 -90  45  54   0.781  30.0  30.0 1232
 3.400  485.0  90  45  57  -0.781   0.0   0.0  492
 3.400  487.5  90  45  60   0.781   0.0   0.0  491
 3.400  490.0  90  45  60   0.781   0.0   0.0  493
 3.400  492.5  90  45  54   0.781   0.0   0.0  493
 3.400  495.0  90  45  60   0.781   0.0   0.0  500
 3.400  497.5  90  45  57   0.781   0.0   0.0  500
 3.400  502.5  90  45  57   0.781   0.0   0.0  507
 3.400  505.0  90  45  60   0.781   0.0   0.0  508
 3.400  507.5  90  45  57   0.781   0.0   0.0  512
 3.400  510.0  90  45  54   0.781   0.0   0.0  513
 3.400  512.5  90  45  57   0.781   0.0   0.0  518
 3.400  515.0  90  45  54   0.781   0.0   0.0  518
 3.400  927.5  90  45  54   0.781   0.0   0.0  932
 3.400  942.5  90  45  54   0.781   0.0   0.0  947
 3.400  960.0  90  45  54   0.781   0.0   0.0  962
 3.400  962.5  90  45  54   0.781   0.0   0.0  968
 3.400  965.0  90  45  54   0.781   0.0   0.0  967
 3.400  992.5  90  45  54   0.781   0.0   0.0  995
 3.400  995.0  90  45  57   0.781   0.0   0.0 1000
 3.400  997.5  90  45  54   0.781   0.0   0.0 1000
 3.400 1005.0  90  45  54   0.781   0.0   0.0 1009
 3.400  410.0 -90  48  57   0.781   0.0   0.0  415
 3.400  412.5 -90  48  66   0.781   0.0   0.0  417
 3.400  415.0 -90  48  66   0.781   0.0   0.0  419
 3.400  417.5 -90  48  60  -0.781   0.0   0.0  421
 3.400  825.0 -90  48  60   0.781   0.0   0.0  829
 3.400  827.5 -90  48  60   0.781   0.0   0.0  831
 3.450  492.5  90  48  57  -0.781 330.0  30.0  499
 3.450  512.5  90  48  57   0.781   0.0   0.0  518
 3.450  517.5  90  48  60   0.781   0.0   0.0  522
 3.450  520.0  90  48  60   0.781   0.0   0.0  522
 3.450  522.5  90  48  57   0.781   0.0   0.0  525
 3.450  525.0  90  48  60   0.781   0.0   0.0  528
 3.450  527.5  90  48  57   0.781 270.0  30.0  532
 3.450  535.0  90  48  57   0.781   0.0   0.0  541
 3.450  537.5  90  48  63   0.781   0.0   0.0  541
 3.450  540.0  90  48  63   0.781   0.0   0.0  545
 3.450  542.5  90  48  63   0.781   0.0   0.0  549
 3.450  545.0  90  48  60   0.781   0.0   0.0  550
 3.450  550.0  90  48  60  -0.781   0.0   0.0  552
 3.450  562.5  90  48  57   0.781 210.0  30.0  564
 3.450 1030.0  90  48  57   0.781   0.0   0.0 1035
 3.450 1045.0  90  48  57   0.781   0.0   0.0 1049
 3.450 1047.5  90  48  57   0.781   0.0   0.0 1050
 3.450 1050.0  90  48  57   0.781   0.0   0.0 1054
 3.450 1052.5  90  48  60   0.781   0.0   0.0 1057
 3.450 1055.0  90  48  60   0.781   0.0   0.0 1058
 3.450  417.5 -90  48  63   0.781   0.0   0.0  419
 3.450  420.0 -90  48  66   0.781   0.0   0.0  423
 3.450  422.5 -90  48  66  -0.781   0.0   0.0  428
 3.450  835.0 -90  48  60   0.781   0.0   0.0  839
 3.450  837.5 -90  48  63   0.781   0.0   0.0  841
 3.450  840.0 -90  48  63   0.781   0.0   0.0  844
 3.450  842.5 -90  48  60   0.781   0.0   0.0  846
 3.450  845.0 -90  48  60   0.781   0.0   0.0  848
 3.500  537.5  90  48  57   0.781   0.0   0.0  540
 3.500  550.0  90  48  57  -0.781   0.0   0.0  553
 3.500  552.5  90  48  57   0.781   0.0   0.0  556
 3.500  557.5  90  48  57  -0.781   0.0   0.0  557
 3.500  560.0  90  48  57   0.781   0.0   0.0  562
 3.500  562.5  90  48  60   0.781   0.0   0.0  561
 3.500  565.0  90  48  57   0.781   0.0   0.0  572
 3.500  572.5  90  48  60   0.781   0.0   0.0  575
 3.500  577.5  90  48  63   0.781   0.0   0.0  586
 3.500  580.0  90  48  60   0.781   0.0   0.0  586
 3.500  585.0  90  48  57   0.781   0.0   0.0  588
 3.500  597.5  90  48  57   0.781   0.0   0.0  605
 3.500  615.0  90  48  57   0.781   0.0   0.0  619
 3.500  620.0  90  48  57   0.781   0.0   0.0  624
 3.500  622.5  90  48  60   0.781   0.0   0.0  628
 3.500  625.0  90  48  57   0.781   0.0   0.0  631
 3.500  627.5  90  48  57   0.781   0.0   0.0  620
 3.500  647.5  90  48  57   0.781 150.0  30.0  652
 3.500 1112.5  90  48  57   0.781 330.0  30.0 1116
 3.500  422.5 -90  45  57  -0.781   0.0   0.0  430
 3.500  425.0 -90  45  63   0.781   0.0   0.0  428
 3.500  427.5 -90  45  66   0.781   0.0   0.0  432
 3.500  430.0 -90  45  60   0.781   0.0   0.0  436
 3.500  832.5 -90  45  54   0.781 330.0  30.0  836
 3.500  835.0 -90  45  57   0.781 330.0  30.0  839
 3.500  847.5 -90  45  54   0.781   0.0   0.0  852
 3.500  852.5 -90  45  54  -0.781   0.0   0.0  856
 3.500  855.0 -90  45  57   0.781   0.0   0.0  859
 3.500  857.5 -90  45  54   0.781   0.0   0.0  861
 3.500  860.0 -90  45  54   0.781   0.0   0.0  865
 3.500  865.0 -90  45  54   0.781   0.0   0.0  868
 3.550  575.0  90  48  57   0.781   0.0   0.0  579
 3.550  577.5  90  48  60   0.781   0.0   0.0  581
 3.550  580.0  90  48  57   0.781   0.0   0.0  584
 3.550  582.5  90  48  57   0.781 270.0  30.0  584
 3.550  585.0  90  48  60   0.781   0.0   0.0  588
 3.550  587.5  90  48  57   0.781   0.0   0.0  592
 3.550  590.0  90  48  60   0.781   0.0   0.0  595
 3.550  592.5  90  48  57   0.781   0.0   0.0  596
 3.550  602.5  90  48  57   0.781   0.0   0.0  605
 3.550  605.0  90  48  57   0.781   0.0   0.0  608
 3.550  607.5  90  48  60   0.781 330.0  30.0  613
 3.550  610.0  90  48  60   0.781   0.0   0.0  613
 3.550  612.5  90  48  60   0.781   0.0   0.0  618
 3.550  617.5  90  48  57   0.781   0.0   0.0  622
 3.550  622.5  90  48  60   0.781   0.0   0.0  627
 3.550  627.5  90  48  60   0.781   0.0   0.0  632
 3.550  637.5  90  48  57   0.781   0.0   0.0  642
 3.550  662.5  90  48  57  -0.781   0.0   0.0  664
 3.550  670.0  90  48  57   0.781   0.0   0.0  674
 3.550  672.5  90  48  57   0.781   0.0   0.0  676
 3.550  677.5  90  48  57   0.781   0.0   0.0  681
 3.550  680.0  90  48  57   0.781   0.0   0.0  683
 3.550  685.0  90  48  57   0.781   0.0   0.0  689
 3.550  687.5  90  48  57   0.781   0.0   0.0  692
 3.550  690.0  90  48  57   0.781   0.0   0.0  694
 3.550  700.0  90  48  60   0.781   0.0   0.0  701
 3.550  707.5  90  48  60   0.781   0.0   0.0  711
 3.550  712.5  90  48  63   0.781   0.0   0.0  716
 3.550  715.0  90  48  57   0.781   0.0   0.0  719
 3.550  725.0  90  48  57   0.781   0.0   0.0  730
 3.550  735.0  90  48  57   0.781   0.0   0.0  739
 3.550  755.0  90  48  57   0.781   0.0   0.0  757
 3.550  757.5  90  48  60   0.781   0.0   0.0  761
 3.550  765.0  90  48  60   0.781   0.0   0.0  768
 3.550  830.0  90  48  57   0.781   0.0   0.0  834
 3.550  432.5 -90  45  60   0.781   0.0   0.0  437
 3.550  435.0 -90  45  60   0.781   0.0   0.0  440
 3.550  437.5 -90  45  57   0.781 210.0  30.0  436
 3.550  845.0 -90  45  54   0.781   0.0   0.0  850
 3.550  847.5 -90  45  54   0.781 330.0  30.0  852
 3.550  850.0 -90  45  54   0.781  30.0  30.0  854
 3.550  865.0 -90  45  60   0.781   0.0   0.0  869
 3.550  867.5 -90  45  57   0.781   0.0   0.0  870
 3.550  870.0 -90  45  57   0.781   0.0   0.0  874
 3.550  872.5 -90  45  57   0.781   0.0   0.0  876
 3.600  697.5  90  42  54   0.781   0.0   0.0  701
 3.600  722.5  90  42  51   0.781   0.0   0.0  725
 3.600  765.0  90  42  51   0.781   0.0   0.0  769
 3.600  785.0  90  42  51   0.781   0.0   0.0  788
 3.600  805.0  90  42  51   0.781   0.0   0.0  809
 3.600  812.5  90  42  54   0.781   0.0   0.0  815
 3.600  817.5  90  42  51   0.781   0.0   0.0  820
 3.600  822.5  90  42  54   0.781   0.0   0.0  826
 3.600  827.5  90  42  51   0.781   0.0   0.0  832
 3.600  832.5  90  42  51   0.781   0.0   0.0  835
 3.600  845.0  90  42  51   0.781   0.0   0.0  847
 3.600  847.5  90  42  51   0.781   0.0   0.0  851
 3.600  850.0  90  42  51   0.781   0.0   0.0  853
 3.600  852.5  90  42  54   0.781   0.0   0.0  857
 3.600  855.0  90  42  51   0.781   0.0   0.0  857
 3.600  867.5  90  42  54   0.781   0.0   0.0  871
 3.600  870.0  90  42  54   0.781   0.0   0.0  872
 3.600  875.0  90  42  51   0.781   0.0   0.0  878
 3.600  880.0  90  42  51   0.781   0.0   0.0  885
 3.600 1090.0  90  42  51   0.781   0.0   0.0 1092
 3.600  440.0 -90  42  54   0.781   0.0   0.0  447
 3.600  442.5 -90  42  60   0.781   0.0   0.0  443
 3.600  445.0 -90  42  60   0.781   0.0   0.0  448
 3.600  447.5 -90  42  57   0.781   0.0   0.0  456
 3.600  842.5 -90  42  51   0.781 330.0  30.0  845
 3.600  852.5 -90  42  51   0.781 270.0  30.0  855
 3.600  865.0 -90  42  51   0.781  90.0  30.0  873
 3.600  867.5 -90  42  51   0.781 330.0  30.0  874
 3.600  870.0 -90  42  51   0.781 330.0  30.0  872
 3.600  872.5 -90  42  57   0.781   0.0   0.0  878
 3.600  875.0 -90  42  51   0.781  30.0  30.0  879
 3.600  877.5 -90  42  54   0.781   0.0   0.0  882
 3.600  880.0 -90  42  54   0.781   0.0   0.0  885
 3.600  882.5 -90  42  54   0.781 270.0  30.0  886
 3.600  885.0 -90  42  54   0.781   0.0   0.0  889
 3.600  887.5 -90  42  54   0.781   0.0   0.0  890
 3.600  890.0 -90  42  54   0.781   0.0   0.0  894
 3.600  895.0 -90  42  57   0.781   0.0   0.0  898
 3.600  897.5 -90  42  60   0.781   0.0   0.0  902
 3.600  900.0 -90  42  57   0.781   0.0   0.0  904
 3.600  902.5 -90  42  51   0.781   0.0   0.0  905
 3.600  905.0 -90  42  51   0.781   0.0   0.0  909
 3.650  447.5 -90  42  51   0.781   0.0   0.0  455
 3.650  450.0 -90  42  57   0.781   0.0   0.0  453
 3.650  452.5 -90  42  60   0.781   0.0   0.0  455
 3.650  455.0 -90  42  60   0.781   0.0   0.0  459
 3.650  457.5 -90  42  57   0.781   0.0   0.0  462
 3.650  460.0 -90  42  54   0.781   0.0   0.0  464
 3.650  880.0 -90  42  51   0.781   0.0   0.0  885
 3.650  885.0 -90  42  51   0.781 330.0  30.0  890
 3.650  887.5 -90  42  51   0.781   0.0   0.0  889
 3.650  892.5 -90  42  51   0.781   0.0   0.0  896
 3.650  895.0 -90  42  51   0.781   0.0   0.0  899
 3.650  897.5 -90  42  57   0.781   0.0   0.0  901
 3.650  900.0 -90  42  51   0.781   0.0   0.0  902
 3.650  902.5 -90  42  54   0.781   0.0   0.0  908
 3.650  905.0 -90  42  54   0.781   0.0   0.0  910
 3.650  907.5 -90  42  54   0.781   0.0   0.0  910
 3.650  910.0 -90  42  60   0.781   0.0   0.0  914
 3.650  912.5 -90  42  60   0.781   0.0   0.0  916
 3.650  917.5 -90  42  51   0.781   0.0   0.0  922
 3.650  922.5 -90  42  54   0.781   0.0   0.0  925
 3.650  935.0 -90  42  51   0.781   0.0   0.0  939
 3.700  460.0 -90  39  51   0.781   0.0   0.0  464
 3.700  462.5 -90  39  57   0.781   0.0   0.0  467
 3.700  465.0 -90  39  57   0.781   0.0   0.0  468
 3.700  467.5 -90  39  60   0.781   0.0   0.0  472
 3.700  470.0 -90  39  57   0.781   0.0   0.0  474
 3.700  472.5 -90  39  57   0.781   0.0   0.0  476
 3.700  475.0 -90  39  54   0.781   0.0   0.0  479
 3.700  477.5 -90  39  48   0.781   0.0   0.0  481
 3.700  890.0 -90  39  48   0.781   0.0   0.0  893
 3.700  902.5 -90  39  51   0.781   0.0   0.0  906
 3.700  905.0 -90  39  48   0.781 330.0  30.0  906
 3.700  907.5 -90  39  51   0.781   0.0   0.0  910
 3.700  910.0 -90  39  54   0.781   0.0   0.0  914
 3.700  912.5 -90  39  51   0.781   0.0   0.0  916
 3.700  915.0 -90  39  54   0.781   0.0   0.0  918
 3.700  917.5 -90  39  57   0.781   0.0   0.0  922
 3.700  920.0 -90  39  57   0.781   0.0   0.0  924
 3.700  922.5 -90  39  51   0.781   0.0   0.0  927
 3.700  927.5 -90  39  48   0.781   0.0   0.0  932
 3.700  930.0 -90  39  51   0.781   0.0   0.0  933
 3.700  932.5 -90  39  48   0.781   0.0   0.0  938
 3.700  937.5 -90  39  51   0.781   0.0   0.0  940
 3.700  940.0 -90  39  51   0.781   0.0   0.0  944
 3.700  942.5 -90  39  51   0.781   0.0   0.0  946
 3.700  957.5 -90  39  48   0.781  90.0  30.0  960
 3.750  457.5 -90  45  54   0.781   0.0   0.0  469
 3.750  470.0 -90  45  54   0.781   0.0   0.0  481
 3.750  475.0 -90  45  54   0.781   0.0   0.0  476
 3.750  477.5 -90  45  57   0.781   0.0   0.0  483
 3.750  480.0 -90  45  57   0.781   0.0   0.0  489
 3.750  482.5 -90  45  60   0.781   0.0   0.0  481
 3.750  485.0 -90  45  57  -0.781   0.0   0.0  488
 3.750  487.5 -90  45  60   0.781   0.0   0.0  496
 3.750  490.0 -90  45  60   0.781   0.0   0.0  491
 3.750  492.5 -90  45  54   0.781   0.0   0.0  496
 3.750  497.5 -90  45  54   0.781   0.0   0.0  498
 3.750  500.0 -90  45  54   0.781   0.0   0.0  502
 3.750  932.5 -90  45  54   0.781   0.0   0.0  937
 3.750  937.5 -90  45  54   0.781   0.0   0.0  941
 3.750  955.0 -90  45  54   0.781   0.0   0.0  959
 3.750  957.5 -90  45  57   0.781   0.0   0.0  962
 3.750  960.0 -90  45  57   0.781   0.0   0.0  963
 3.750  977.5 -90  45  54   0.781   0.0   0.0  981
 3.800  490.0 -90  42  51   0.781   0.0   0.0  495
 3.800  492.5 -90  42  51   0.781   0.0   0.0  499
 3.800  495.0 -90  42  51   0.781   0.0   0.0  497
 3.800  497.5 -90  42  57   0.781   0.0   0.0  500
 3.800  500.0 -90  42  54   0.781   0.0   0.0  511
 3.800  505.0 -90  42  54   0.781   0.0   0.0  498
 3.800  507.5 -90  42  51   0.781   0.0   0.0  513
 3.800  510.0 -90  42  54   0.781   0.0   0.0  519
 3.800  512.5 -90  42  57   0.781   0.0   0.0  514
 3.800  515.0 -90  42  54   0.781   0.0   0.0  514
 3.800  520.0 -90  42  51  -0.781   0.0   0.0  512
 3.800  522.5 -90  42  51   0.781   0.0   0.0  527
 3.800  952.5 -90  42  51   0.781   0.0   0.0  957
 3.800  970.0 -90  42  51   0.781   0.0   0.0  975
 3.800  972.5 -90  42  54   0.781   0.0   0.0  975
 3.800  975.0 -90  42  54   0.781   0.0   0.0  979
 3.800  982.5 -90  42  51   0.781   0.0   0.0  986
 3.800  987.5 -90  42  54   0.781   0.0   0.0  991
 3.800  997.5 -90  42  54   0.781   0.0   0.0 1000
 3.800 1017.5 -90  42  51   0.781   0.0   0.0 1021
 3.850  525.0 -90  48  57   0.781   0.0   0.0  526
 3.850  527.5 -90  48  60   0.781   0.0   0.0  531
 3.850  530.0 -90  48  60   0.781   0.0   0.0  535
 3.850  532.5 -90  48  60   0.781   0.0   0.0  537
 3.850  537.5 -90  48  57   0.781   0.0   0.0  541
 3.850  540.0 -90  48  60   0.781   0.0   0.0  545
 3.850  542.5 -90  48  57   0.781   0.0   0.0  548
 3.850  545.0 -90  48  57   0.781   0.0   0.0  545
 3.850  547.5 -90  48  57   0.781   0.0   0.0  547
 3.850  555.0 -90  48  57   0.781   0.0   0.0  559
 3.850  557.5 -90  48  57   0.781   0.0   0.0  561
 3.900  560.0 -90  45  54   0.781   0.0   0.0  565
 3.900  575.0 -90  45  57   0.781   0.0   0.0  579
 3.900  577.5 -90  45  57   0.781   0.0   0.0  581
 3.900  580.0 -90  45  57   0.781   0.0   0.0  584
 3.900  582.5 -90  45  57   0.781   0.0   0.0  587
 3.900  585.0 -90  45  57   0.781   0.0   0.0  588
 3.900  587.5 -90  45  54   0.781   0.0   0.0  592
 3.900  590.0 -90  45  54   0.781   0.0   0.0  594
 3.900  605.0 -90  45  54   0.781   0.0   0.0  611
 3.900  615.0 -90  45  54   0.781   0.0   0.0  619
 3.900  627.5 -90  45  54   0.781   0.0   0.0  630
 3.900  630.0 -90  45  54   0.781   0.0   0.0  634
 3.900  637.5 -90  45  54   0.781   0.0   0.0  641
 3.900  665.0 -90  45  54   0.781   0.0   0.0  668
 3.900  667.5 -90  45  54   0.781   0.0   0.0  672
 3.900  670.0 -90  45  54   0.781   0.0   0.0  673
 3.900  672.5 -90  45  54   0.781   0.0   0.0  676
 3.900  677.5 -90  45  54   0.781   0.0   0.0  681
 3.900  680.0 -90  45  57   0.781   0.0   0.0  683
 3.900  692.5 -90  45  54   0.781   0.0   0.0  696
 3.900  695.0 -90  45  57   0.781   0.0   0.0  699
 3.900  697.5 -90  45  54   0.781   0.0   0.0  702
 3.900  700.0 -90  45  54   0.781   0.0   0.0  704
 3.900  710.0 -90  45  54   0.781   0.0   0.0  713
 3.900  712.5 -90  45  54   0.781   0.0   0.0  718
 4.000  590.0 -90  42  54   0.781  30.0  30.0  594
 4.000  592.5 -90  42  51   0.781  30.0  30.0  596
 4.000  595.0 -90  42  51   0.781  30.0  30.0  597
 4.000  607.5 -90  42  51   0.781  30.0  30.0  612
 4.000  610.0 -90  42  54   0.781  30.0  30.0  614
 4.000  612.5 -90  42  51   0.781  90.0  30.0  615
 4.050  667.5 -90  45  54   0.781  30.0  30.0  670
 4.050  670.0 -90  45  54   0.781  30.0  30.0  674
 4.050  682.5 -90  45  54   0.781  30.0  30.0  687
 4.050  685.0 -90  45  54   0.781  30.0  30.0  688
 4.250  230.0 -90  45  54  -2.344  30.0  30.0  231
 4.600  847.5 -90  42  51   3.906  30.0  30.0  837
 4.600 1000.0 -90  42  51   2.344  30.0  30.0 1009
 4.700   85.0  90  39  48   3.906  30.0  30.0   82
 4.700  125.0  90  39  48   0.781 330.0  30.0  138
 4.700  145.0  90  39  48  -0.781 330.0  30.0  141
 4.700  150.0  90  39  48   5.469 210.0  30.0  144
 4.700  157.5  90  39  48   0.781  30.0  30.0  149
 4.700  202.5  90  39  48  -5.469   0.0   0.0  208
 4.950  180.0  90  45  54   0.781 330.0  30.0  191
 5.350 1052.5 -90  45  54  -5.469   0.0   0.0 1054
 5.450  210.0 -90  42  51   5.469   0.0   0.0  216
 6.450  110.0  90  39  48   0.781 270.0  30.0  108
 6.550  430.0  90  39  48   3.906  30.0  30.0  429
 9.500   80.0  90  45  54   2.344 270.0  30.0   94
 9.500  100.0  90  45  54   0.781 330.0  30.0  104
 9.800  162.5  90  60  69   0.781   0.0   0.0  177
 9.800  165.0  90  60  69   0.781   0.0   0.0  151
