2024.06.28 (180) 00:00:00.000
Station name: Wake
URSI code: WA619
Ionosonde model: DPS-4D
  Freq  Range Pol MPA Amp Doppler    Az    Zn  PGH
 2.600   97.5  90  15  24  -1.563 210.0  30.0   99
 2.700   97.5  90  15  24  -1.563   0.0   0.0  103
 2.725   97.5  90  12  21   1.563   0.0   0.0  103
 3.650  105.0  90  33  45  -1.563   0.0   0.0  110
 3.650  107.5  90  33  42  -1.563   0.0   0.0  109
 3.675  105.0  90  33  42   1.563   0.0   0.0  110
 3.675  882.5 -90  33  42   4.688 210.0  30.0  880
 4.050  107.5  90  33  45  -1.563   0.0   0.0  112
 4.075  107.5  90  30  45  -1.563   0.0   0.0  112
 4.100  107.5  90  33  48   1.563   0.0   0.0  111
 4.125  105.0  90  33  42  -1.563   0.0   0.0  111
 4.125  107.5  90  33  45  -1.563   0.0   0.0  111
 4.150  105.0  90  33  42  -1.563   0.0   0.0  111
 4.150  107.5  90  33  45   1.563   0.0   0.0  111
 4.175  105.0  90  33  45   1.563   0.0   0.0  111
 4.175  107.5  90  33  45   1.563   0.0   0.0  111
 4.200  105.0  90  33  45  -1.563   0.0   0.0  111
 4.200  107.5  90  33  48  -1.563   0.0   0.0  111
 4.225  105.0  90  30  45   1.563   0.0   0.0  110
 4.225  107.5  90  30  45  -1.563   0.0   0.0  110
 4.250   80.0  90  33  48   4.688 270.0  30.0   77
 4.250   82.5  90  33  48   1.563 270.0  30.0   87
 4.250   85.0  90  33  42  -1.563 270.0  30.0   92
 4.250  105.0  90  33  45  -1.563   0.0   0.0  109
 4.250  107.5  90  33  42  -1.563   0.0   0.0  111
 4.250   80.0 -90  33  48   4.688  30.0  30.0   83
 4.250   82.5 -90  33  45   1.563  30.0  30.0   87
 4.250   85.0 -90  33  42   1.563 330.0  30.0   79
 4.275   80.0  90  33  42   4.688 210.0  30.0   81
 4.275   82.5  90  33  42  -1.563 210.0  30.0   97
 4.275  105.0  90  33  45   1.563   0.0   0.0  110
 4.275  107.5  90  33  45  -1.563   0.0   0.0  108
 4.275   80.0 -90  33  42   4.688  30.0  30.0   72
 4.275   85.0 -90  33  42  -1.563 150.0  30.0   97
 4.300   80.0  90  33  45  -1.563  90.0  30.0   93
 4.300   82.5  90  33  42   4.688  30.0  30.0   90
 4.300   85.0  90  33  42   4.688  90.0  30.0   88
 4.300  105.0  90  33  42   1.563   0.0   0.0  110
 4.300   80.0 -90  33  42  -4.688 150.0  30.0   93
 4.300   82.5 -90  33  45   1.563   0.0   0.0   92
 4.300   85.0 -90  33  42   4.688  30.0  30.0   92
 4.325   80.0  90  33  48  -4.688 210.0  30.0   94
 4.325   80.0 -90  33  42   4.688 150.0  30.0   94
 4.325   82.5 -90  33  42  -4.688 330.0  30.0   71
 4.325   85.0 -90  33  42  -4.688  30.0  30.0   93
 4.350   80.0  90  33  54   4.688 210.0  30.0   74
 4.350   82.5  90  33  54  -1.563 210.0  30.0   91
 4.350   85.0  90  33  48   1.563 270.0  30.0   89
 4.350   87.5  90  33  42  -1.563  30.0  30.0   90
 4.350  105.0  90  33  45   1.563   0.0   0.0  109
 4.350   80.0 -90  33  57   4.688  30.0  30.0   94
 4.350   82.5 -90  33  57   1.563  30.0  30.0   86
 4.350   85.0 -90  33  51   1.563 150.0  30.0   87
 4.350   87.5 -90  33  48  -1.563 210.0  30.0  100
 4.375   80.0  90  33  54  -1.563   0.0   0.0   82
 4.375   82.5  90  33  51  -4.688   0.0   0.0   74
 4.375   85.0  90  33  45   4.688   0.0   0.0   73
 4.375  105.0  90  33  48   1.563   0.0   0.0  108
 4.375   80.0 -90  33  54  -4.688  30.0  30.0   80
 4.375   82.5 -90  33  48  -4.688 150.0  30.0   74
 4.375   85.0 -90  33  42   4.688 210.0  30.0   96
 4.400  105.0  90  33  45   1.563   0.0   0.0  109
 4.400   80.0 -90  33  48  -1.563 150.0  30.0   84
 4.400   82.5 -90  33  42   1.563 150.0  30.0   88
 4.425   80.0  90  33  54  -4.688   0.0   0.0   88
 4.425   82.5  90  33  48   1.563   0.0   0.0   95
 4.425   85.0  90  33  42  -1.563 270.0  30.0   95
 4.425  102.5  90  33  42  -1.563   0.0   0.0  107
 4.425  105.0  90  33  42   1.563   0.0   0.0  108
 4.425   80.0 -90  33  51   4.688  30.0  30.0   88
 4.425   82.5 -90  33  45  -1.563 330.0  30.0   85
 4.450  102.5  90  30  39  -1.563 210.0  30.0  109
 4.450  105.0  90  30  39  -1.563   0.0   0.0  108
 4.475  105.0  90  33  42   1.563   0.0   0.0  107
 4.500  105.0  90  33  42   1.563   0.0   0.0  105
 4.525  102.5  90  33  42  -1.563   0.0   0.0  108
 4.550  102.5  90  33  42  -1.563   0.0   0.0  108
 4.550  105.0  90  33  42   1.563   0.0   0.0  110
 4.600  102.5  90  33  42  -1.563   0.0   0.0  109
 4.625  102.5  90  33  45  -1.563   0.0   0.0  108
 4.650  102.5  90  30  45  -1.563   0.0   0.0  106
 4.675  102.5  90  33  45   1.563   0.0   0.0  107
 4.700  102.5  90  33  45   1.563   0.0   0.0  107
 4.725  102.5  90  33  48  -1.563   0.0   0.0  107
 4.725  105.0  90  33  42   1.563   0.0   0.0  108
 4.750  102.5  90  33  45  -1.563   0.0   0.0  107
 4.800  105.0 -90  33  45  -1.563   0.0   0.0  110
 4.800  107.5 -90  33  42   1.563   0.0   0.0  110
 4.825  102.5  90  33  42   1.563   0.0   0.0  107
 4.825  105.0 -90  33  45   1.563   0.0   0.0  110
 4.825  107.5 -90  33  42   1.563   0.0   0.0  109
 4.850  105.0 -90  33  45   1.563   0.0   0.0  110
 4.850  107.5 -90  33  42   1.563   0.0   0.0  110
 4.875  102.5  90  33  42   1.563   0.0   0.0  108
 4.900  102.5  90  33  42   1.563   0.0   0.0  107
 4.900  107.5 -90  33  42  -1.563   0.0   0.0  111
 4.925  102.5  90  33  42   1.563   0.0   0.0  105
 4.925  105.0 -90  33  48   1.563   0.0   0.0  109
 4.925  107.5 -90  33  42  -1.563   0.0   0.0  108
 4.950  102.5  90  36  45  -1.563   0.0   0.0  106
 4.950  105.0 -90  36  51  -1.563   0.0   0.0  109
 4.975  102.5  90  36  45   1.563   0.0   0.0  109
 4.975  105.0 -90  36  51  -1.563   0.0   0.0  118
 5.025  102.5  90  36  45   1.563   0.0   0.0  106
 5.050  102.5  90  36  45   1.563   0.0   0.0  105
 5.075  102.5  90  33  45  -1.563   0.0   0.0  104
 5.075  102.5 -90  33  42  -1.563   0.0   0.0  106
 5.075  105.0 -90  33  42   1.563   0.0   0.0  106
 5.100  102.5  90  36  48   1.563   0.0   0.0  106
 5.125  102.5  90  36  48   1.563   0.0   0.0  108
 5.125  105.0 -90  36  45  -1.563 330.0  30.0  111
 5.175  102.5  90  36  45   1.563   0.0   0.0  107
 5.200  102.5 -90  36  45   1.563   0.0   0.0  106
 5.225  102.5  90  36  45   1.563   0.0   0.0  103
 5.250  102.5  90  36  45  -1.563   0.0   0.0  105
 5.325  102.5  90  36  45  -1.563   0.0   0.0  107
 5.375  102.5 -90  36  45   1.563   0.0   0.0  106
 5.550  102.5 -90  33  42   1.563   0.0   0.0  107
 5.625  102.5 -90  24  36  -1.563   0.0   0.0  109
 5.650  102.5 -90  27  36  -1.563   0.0   0.0  105
 5.825  410.0  90  21  30   1.563   0.0   0.0  414
 5.825  412.5  90  21  36   1.563   0.0   0.0  416
 5.850  410.0  90  21  33   1.563   0.0   0.0  414
 5.850  412.5  90  21  45   1.563   0.0   0.0  417
 5.850  415.0  90  21  42   1.563   0.0   0.0  418
 5.850  417.5  90  21  33   1.563   0.0   0.0  419
 5.875  412.5  90  18  42   1.563   0.0   0.0  417
 5.875  415.0  90  18  48   1.563   0.0   0.0  419
 5.875  417.5  90  18  42   1.563   0.0   0.0  420
 5.875  420.0  90  18  27   1.563   0.0   0.0  422
 5.875  102.5 -90  18  27   1.563   0.0   0.0  104
 5.900  412.5  90  21  30  -1.563   0.0   0.0  417
 5.900  415.0  90  21  42   1.563   0.0   0.0  419
 5.900  417.5  90  21  42   1.563   0.0   0.0  422
 5.900  420.0  90  21  39   1.563   0.0   0.0  423
 5.925  420.0  90  21  42   1.563   0.0   0.0  424
 5.925  422.5  90  21  30  -1.563   0.0   0.0  425
 5.950  417.5  90  21  30   1.563   0.0   0.0  424
 5.950  420.0  90  21  42   1.563   0.0   0.0  424
 5.950  422.5  90  21  42   1.563   0.0   0.0  425
 5.975  420.0  90  18  36   1.563   0.0   0.0  425
 5.975  422.5  90  18  42   1.563   0.0   0.0  426
 5.975  425.0  90  18  30   1.563   0.0   0.0  426
 6.000  422.5  90  18  36   1.563   0.0   0.0  427
 6.000  425.0  90  18  33   1.563   0.0   0.0  427
 6.025  422.5  90  18  30   1.563   0.0   0.0  428
 6.025  425.0  90  18  36   1.563   0.0   0.0  428
 6.050  425.0  90  18  36   1.563   0.0   0.0  429
 6.050  427.5  90  18  27  -1.563   0.0   0.0  429
 6.075  422.5  90  15  24   1.563   0.0   0.0  427
 6.075  425.0  90  15  33   1.563   0.0   0.0  430
 6.075  427.5  90  15  30   1.563   0.0   0.0  430
 6.100  425.0  90  15  27   1.563   0.0   0.0  431
 6.100  427.5  90  15  30   1.563   0.0   0.0  430
 6.125  427.5  90  15  24   1.563   0.0   0.0  431
 6.200  430.0  90  12  21   1.563   0.0   0.0  433
 6.225  430.0  90  12  24   1.563   0.0   0.0  433
 6.250  430.0  90  15  27   1.563   0.0   0.0  434
 6.275  430.0  90  15  30   1.563   0.0   0.0  434
 6.300  430.0  90  15  30   1.563   0.0   0.0  434
 6.300  432.5  90  15  24   1.563   0.0   0.0  435
 6.325  430.0  90  15  27   1.563   0.0   0.0  434
 6.325  432.5  90  15  27   1.563   0.0   0.0  435
 6.350  430.0  90  12  27   1.563   0.0   0.0  435
 6.350  432.5  90  12  27   1.563   0.0   0.0  435
 6.375  430.0  90  12  30   1.563   0.0   0.0  435
 6.375  432.5  90  12  27   1.563   0.0   0.0  435
 6.375  440.0 -90  12  21  -1.563   0.0   0.0  444
 6.375  442.5 -90  12  24   1.563   0.0   0.0  447
 6.400  430.0  90  12  30   1.563   0.0   0.0  433
 6.400  432.5  90  12  24   1.563   0.0   0.0  434
 6.400  442.5 -90  12  24   1.563   0.0   0.0  447
 6.400  445.0 -90  12  24  -1.563   0.0   0.0  448
 6.425  430.0  90  12  30   1.563   0.0   0.0  435
 6.425  432.5  90  12  24   1.563   0.0   0.0  433
 6.425  445.0 -90  12  21   1.563   0.0   0.0  451
 6.425  447.5 -90  12  24  -1.563   0.0   0.0  450
 6.450  430.0  90  12  27   1.563   0.0   0.0  435
 6.450  432.5  90  12  21   1.563   0.0   0.0  433
 6.450  450.0 -90  12  24   1.563   0.0   0.0  454
 6.475  430.0  90  12  27   1.563   0.0   0.0  435
 6.475  432.5  90  12  21  -1.563   0.0   0.0  434
 6.475  452.5 -90  12  21   1.563   0.0   0.0  457
 6.500  430.0  90  12  27   1.563   0.0   0.0  434
 6.500  452.5 -90  12  21   1.563   0.0   0.0  457
 6.500  455.0 -90  12  21   1.563   0.0   0.0  456
 6.525  430.0  90  12  24   1.563   0.0   0.0  435
 6.525  432.5  90  12  21  -1.563   0.0   0.0  435
 6.525  455.0 -90  12  21   1.563   0.0   0.0  459
 6.550  430.0  90  12  21   1.563   0.0   0.0  434
 6.550  432.5  90  12  21   1.563   0.0   0.0  434
 6.575  430.0  90  12  21  -1.563   0.0   0.0  435
 6.575  432.5  90  12  21  -1.563   0.0   0.0  434
 6.600  430.0  90  12  21   1.563   0.0   0.0  435
 6.600  432.5  90  12  24   1.563   0.0   0.0  435
 6.625  432.5  90  12  21   1.563   0.0   0.0  434
 6.675  432.5  90  12  21   1.563   0.0   0.0  436
 6.700  432.5  90  12  21   1.563   0.0   0.0  436
 6.725  432.5  90  12  21   1.563   0.0   0.0  435
 6.750  432.5  90   9  21   1.563   0.0   0.0  437
 6.775  432.5  90   9  24   1.563   0.0   0.0  437
 6.800  432.5  90  12  24   1.563   0.0   0.0  437
 6.825  432.5  90  12  24   1.563   0.0   0.0  437
 6.825  435.0  90  12  21   1.563   0.0   0.0  437
 6.850  432.5  90   9  24   1.563   0.0   0.0  437
 6.850  435.0  90   9  27   1.563   0.0   0.0  438
 6.875  432.5  90   9  21  -1.563   0.0   0.0  438
 6.875  435.0  90   9  27   1.563   0.0   0.0  439
 6.900  432.5  90   9  21   1.563   0.0   0.0  439
 6.900  435.0  90   9  30   1.563   0.0   0.0  439
 6.925  435.0  90   9  30   1.563   0.0   0.0  439
 6.925  437.5  90   9  21  -1.563   0.0   0.0  439
 6.950  435.0  90  12  30   1.563   0.0   0.0  439
 6.950  437.5  90  12  21   1.563   0.0   0.0  441
 6.975  435.0  90   9  27   1.563   0.0   0.0  440
 6.975  437.5  90   9  24   1.563   0.0   0.0  440
 7.000  435.0  90   9  27   1.563   0.0   0.0  441
 7.000  437.5  90   9  27   1.563   0.0   0.0  440
 7.025  435.0  90  39  60   1.563   0.0   0.0  442
 7.025  437.5  90  39  66   1.563   0.0   0.0  442
 7.025  455.0 -90  36  48  -1.563   0.0   0.0  462
 7.025  457.5 -90  36  51  -1.563   0.0   0.0  462
 7.050  435.0  90  36  57   1.563   0.0   0.0  441
 7.050  437.5  90  36  69   1.563   0.0   0.0  441
 7.050  440.0  90  36  54   1.563   0.0   0.0  441
 7.050  880.0  90  36  45   1.563   0.0   0.0  883
 7.050  455.0 -90  36  48   1.563   0.0   0.0  461
 7.050  457.5 -90  36  54   1.563   0.0   0.0  461
 7.075  435.0  90  36  54   1.563   0.0   0.0  440
 7.075  437.5  90  36  69   1.563   0.0   0.0  441
 7.075  440.0  90  36  60   1.563   0.0   0.0  442
 7.075  455.0 -90  36  51   1.563   0.0   0.0  460
 7.075  457.5 -90  36  54   1.563   0.0   0.0  460
 7.100  435.0  90  36  45   1.563   0.0   0.0  441
 7.100  437.5  90  36  69   1.563   0.0   0.0  442
 7.100  440.0  90  36  63   1.563   0.0   0.0  443
 7.100  455.0 -90  36  54   1.563   0.0   0.0  460
 7.100  457.5 -90  36  51   1.563   0.0   0.0  460
 7.125  437.5  90  36  66   1.563   0.0   0.0  443
 7.125  440.0  90  36  69   1.563   0.0   0.0  443
 7.125  442.5  90  36  45  -1.563   0.0   0.0  444
 7.125  455.0 -90  36  54   1.563   0.0   0.0  459
 7.125  457.5 -90  36  48   1.563   0.0   0.0  459
 7.150  437.5  90  36  63   1.563   0.0   0.0  443
 7.150  440.0  90  36  69   1.563   0.0   0.0  444
 7.150  442.5  90  36  54   1.563   0.0   0.0  444
 7.150  885.0  90  36  45   1.563   0.0   0.0  888
 7.150  455.0 -90  36  54   1.563   0.0   0.0  460
 7.150  457.5 -90  36  45   1.563   0.0   0.0  460
 7.175  437.5  90  36  57   1.563   0.0   0.0  443
 7.175  440.0  90  36  69   1.563   0.0   0.0  444
 7.175  442.5  90  36  63   1.563   0.0   0.0  444
 7.175  455.0 -90  36  54   1.563   0.0   0.0  458
 7.200  437.5  90  39  51  -1.563   0.0   0.0  443
 7.200  440.0  90  39  69   1.563   0.0   0.0  445
 7.200  442.5  90  39  69   1.563   0.0   0.0  445
 7.200  452.5 -90  36  45  -1.563   0.0   0.0  458
 7.200  455.0 -90  36  54  -1.563   0.0   0.0  459
 7.225  440.0  90  39  66   1.563   0.0   0.0  446
 7.225  442.5  90  39  69   1.563   0.0   0.0  446
 7.225  445.0  90  39  51   1.563   0.0   0.0  447
 7.225  455.0 -90  39  54   1.563   0.0   0.0  458
 7.250  440.0  90  36  60   1.563   0.0   0.0  447
 7.250  442.5  90  36  72   1.563   0.0   0.0  447
 7.250  445.0  90  36  60   1.563   0.0   0.0  447
 7.250  452.5 -90  36  45  -1.563   0.0   0.0  460
 7.250  455.0 -90  36  51  -1.563   0.0   0.0  458
 7.275  440.0  90  36  51   1.563   0.0   0.0  447
 7.275  442.5  90  36  69   1.563   0.0   0.0  447
 7.275  445.0  90  36  66   1.563   0.0   0.0  448
 7.275  452.5 -90  36  48  -1.563   0.0   0.0  457
 7.275  455.0 -90  36  54   1.563   0.0   0.0  458
 7.300  440.0  90  36  45  -1.563   0.0   0.0  446
 7.300  442.5  90  36  66   1.563   0.0   0.0  448
 7.300  445.0  90  36  69   1.563   0.0   0.0  448
 7.300  447.5  90  36  54   1.563   0.0   0.0  449
 7.300  895.0  90  36  45   1.563   0.0   0.0  899
 7.300  452.5 -90  36  48  -1.563   0.0   0.0  458
 7.300  455.0 -90  36  54  -1.563   0.0   0.0  458
 7.325  442.5  90  36  60   1.563   0.0   0.0  450
 7.325  445.0  90  36  72   1.563   0.0   0.0  450
 7.325  447.5  90  36  60   1.563   0.0   0.0  451
 7.325  895.0  90  36  48  -1.563   0.0   0.0  898
 7.325  452.5 -90  36  45   1.563   0.0   0.0  461
 7.325  455.0 -90  36  54   1.563   0.0   0.0  460
 7.350  442.5  90  36  51   1.563   0.0   0.0  448
 7.350  445.0  90  36  69   1.563   0.0   0.0  450
 7.350  447.5  90  36  66   1.563   0.0   0.0  450
 7.350  450.0  90  36  45  -1.563   0.0   0.0  451
 7.350  897.5  90  36  48   1.563   0.0   0.0  901
 7.350  452.5 -90  36  45  -1.563   0.0   0.0  458
 7.350  455.0 -90  36  57   1.563   0.0   0.0  459
 7.375  445.0  90  36  66   1.563   0.0   0.0  450
 7.375  447.5  90  36  72   1.563   0.0   0.0  451
 7.375  450.0  90  36  54  -1.563   0.0   0.0  451
 7.375  897.5  90  36  45  -1.563   0.0   0.0  903
 7.375  900.0  90  36  45  -1.563   0.0   0.0  904
 7.375  452.5 -90  36  45  -1.563   0.0   0.0  461
 7.375  455.0 -90  36  57   1.563   0.0   0.0  459
 7.375  457.5 -90  36  48   1.563   0.0   0.0  460
 7.400  445.0  90  36  57   1.563   0.0   0.0  451
 7.400  447.5  90  36  72   1.563   0.0   0.0  452
 7.400  450.0  90  36  63   1.563   0.0   0.0  452
 7.400  900.0  90  36  45   1.563   0.0   0.0  903
 7.400  455.0 -90  36  57  -1.563   0.0   0.0  460
 7.400  457.5 -90  36  51   1.563   0.0   0.0  460
 7.425  445.0  90  36  48   1.563   0.0   0.0  451
 7.425  447.5  90  36  69   1.563   0.0   0.0  453
 7.425  450.0  90  36  69   1.563   0.0   0.0  453
 7.425  452.5  90  36  51   1.563   0.0   0.0  453
 7.425  455.0 -90  36  57   1.563   0.0   0.0  460
 7.425  457.5 -90  36  57  -1.563   0.0   0.0  460
 7.450  447.5  90  36  63   1.563   0.0   0.0  454
 7.450  450.0  90  36  72   1.563   0.0   0.0  454
 7.450  452.5  90  36  60   1.563   0.0   0.0  455
 7.450  455.0 -90  36  57   1.563   0.0   0.0  460
 7.450  457.5 -90  36  57  -1.563   0.0   0.0  460
 7.475  447.5  90  36  54   1.563   0.0   0.0  455
 7.475  450.0  90  36  72   1.563   0.0   0.0  455
 7.475  452.5  90  36  69   1.563   0.0   0.0  456
 7.475  455.0  90  36  51   1.563   0.0   0.0  457
 7.475  455.0 -90  36  54   1.563   0.0   0.0  461
 7.475  457.5 -90  36  60   1.563   0.0   0.0  461
 7.500  450.0  90  36  66   1.563   0.0   0.0  456
 7.500  452.5  90  36  72   1.563   0.0   0.0  456
 7.500  455.0  90  36  60   1.563   0.0   0.0  457
 7.500  455.0 -90  36  54  -1.563   0.0   0.0  461
 7.500  457.5 -90  36  63   1.563   0.0   0.0  461
 7.500  460.0 -90  36  48   1.563   0.0   0.0  461
 7.525  450.0  90  36  57  -1.563   0.0   0.0  456
 7.525  452.5  90  36  72   1.563   0.0   0.0  457
 7.525  455.0  90  36  69   1.563   0.0   0.0  458
 7.525  457.5  90  36  45   1.563   0.0   0.0  458
 7.525  455.0 -90  36  48   1.563   0.0   0.0  460
 7.525  457.5 -90  36  63   1.563   0.0   0.0  462
 7.525  460.0 -90  36  54   1.563   0.0   0.0  462
 7.525  917.5 -90  36  45   1.563   0.0   0.0  923
 7.550  450.0  90  36  48   1.563   0.0   0.0  459
 7.550  452.5  90  36  69   1.563   0.0   0.0  458
 7.550  455.0  90  36  72   1.563   0.0   0.0  458
 7.550  457.5  90  36  54   1.563   0.0   0.0  459
 7.550  457.5 -90  36  63   1.563   0.0   0.0  462
 7.550  460.0 -90  36  60   1.563   0.0   0.0  463
 7.575  452.5  90  36  60   1.563   0.0   0.0  459
 7.575  455.0  90  36  72   1.563   0.0   0.0  459
 7.575  457.5  90  36  63   1.563   0.0   0.0  460
 7.575  457.5 -90  36  63   1.563   0.0   0.0  462
 7.575  460.0 -90  36  63   1.563   0.0   0.0  463
 7.600  452.5  90  36  48   1.563   0.0   0.0  460
 7.600  455.0  90  36  69   1.563   0.0   0.0  460
 7.600  457.5  90  36  69   1.563   0.0   0.0  461
 7.600  460.0  90  36  48  -1.563   0.0   0.0  462
 7.600  917.5  90  36  45  -1.563   0.0   0.0  922
 7.600  457.5 -90  36  60   1.563   0.0   0.0  463
 7.600  460.0 -90  36  63   1.563   0.0   0.0  463
 7.600  462.5 -90  36  45   1.563   0.0   0.0  464
 7.625  455.0  90  36  63   1.563   0.0   0.0  461
 7.625  457.5  90  36  72   1.563   0.0   0.0  462
 7.625  460.0  90  36  60   1.563   0.0   0.0  463
 7.625  457.5 -90  36  54   1.563   0.0   0.0  465
 7.625  460.0 -90  36  66   1.563   0.0   0.0  464
 7.625  462.5 -90  36  51  -1.563   0.0   0.0  465
 7.650  455.0  90  36  54   1.563   0.0   0.0  461
 7.650  457.5  90  36  69   1.563   0.0   0.0  462
 7.650  460.0  90  36  66   1.563   0.0   0.0  463
 7.650  462.5  90  36  45   1.563   0.0   0.0  463
 7.650  922.5  90  36  45   1.563   0.0   0.0  927
 7.650  457.5 -90  36  48  -1.563   0.0   0.0  463
 7.650  460.0 -90  36  66   1.563   0.0   0.0  464
 7.650  462.5 -90  36  57   1.563   0.0   0.0  465
 7.675  457.5  90  36  66   1.563   0.0   0.0  463
 7.675  460.0  90  36  72   1.563   0.0   0.0  463
 7.675  462.5  90  36  54   1.563   0.0   0.0  464
 7.675  925.0  90  36  48  -1.563   0.0   0.0  929
 7.675  460.0 -90  36  63   1.563   0.0   0.0  465
 7.675  462.5 -90  36  63   1.563   0.0   0.0  465
 7.700  457.5  90  36  57   1.563   0.0   0.0  464
 7.700  460.0  90  36  72   1.563   0.0   0.0  465
 7.700  462.5  90  36  66   1.563   0.0   0.0  465
 7.700  465.0  90  36  45   1.563   0.0   0.0  466
 7.700  927.5  90  36  45  -1.563   0.0   0.0  932
 7.700  460.0 -90  36  60   1.563   0.0   0.0  466
 7.700  462.5 -90  36  66   1.563   0.0   0.0  466
 7.700  465.0 -90  36  51  -1.563   0.0   0.0  467
 7.725  457.5  90  36  48  -1.563   0.0   0.0  463
 7.725  460.0  90  36  66   1.563   0.0   0.0  465
 7.725  462.5  90  36  72   1.563   0.0   0.0  466
 7.725  465.0  90  36  57  -1.563   0.0   0.0  467
 7.725  927.5  90  36  45  -1.563   0.0   0.0  933
 7.725  460.0 -90  36  54   1.563   0.0   0.0  465
 7.725  462.5 -90  36  66   1.563   0.0   0.0  467
 7.725  465.0 -90  36  57   1.563   0.0   0.0  467
 7.750  460.0  90  36  57   1.563   0.0   0.0  466
 7.750  462.5  90  36  72   1.563   0.0   0.0  467
 7.750  465.0  90  36  66   1.563   0.0   0.0  468
 7.750  467.5  90  36  45   1.563   0.0   0.0  468
 7.750  460.0 -90  36  45   1.563   0.0   0.0  467
 7.750  462.5 -90  36  66   1.563   0.0   0.0  467
 7.750  465.0 -90  36  63   1.563   0.0   0.0  468
 7.775  460.0  90  36  45  -1.563   0.0   0.0  468
 7.775  462.5  90  36  66   1.563   0.0   0.0  469
 7.775  465.0  90  36  72   1.563   0.0   0.0  469
 7.775  467.5  90  36  57   1.563   0.0   0.0  470
 7.775  935.0  90  36  45   1.563   0.0   0.0  940
 7.775  462.5 -90  36  63   1.563   0.0   0.0  469
 7.775  465.0 -90  36  66   1.563   0.0   0.0  469
 7.775  467.5 -90  36  45  -1.563   0.0   0.0  469
 7.800  462.5  90  36  57   1.563   0.0   0.0  469
 7.800  465.0  90  36  72   1.563   0.0   0.0  470
 7.800  467.5  90  36  66   1.563   0.0   0.0  470
 7.800  470.0  90  36  48  -1.563   0.0   0.0  472
 7.800  462.5 -90  36  57  -1.563   0.0   0.0  469
 7.800  465.0 -90  36  69   1.563   0.0   0.0  469
 7.800  467.5 -90  36  57  -1.563   0.0   0.0  469
 7.825  462.5  90  36  48   1.563   0.0   0.0  468
 7.825  465.0  90  36  66  -1.563   0.0   0.0  470
 7.825  467.5  90  36  72   1.563   0.0   0.0  471
 7.825  470.0  90  36  60   1.563   0.0   0.0  471
 7.825  940.0  90  36  45  -1.563   0.0   0.0  946
 7.825  462.5 -90  36  51   1.563   0.0   0.0  470
 7.825  465.0 -90  36  69   1.563   0.0   0.0  470
 7.825  467.5 -90  36  66   1.563   0.0   0.0  470
 7.850  465.0  90  36  57  -1.563   0.0   0.0  472
 7.850  467.5  90  36  72   1.563   0.0   0.0  472
 7.850  470.0  90  36  69   1.563   0.0   0.0  473
 7.850  472.5  90  36  51  -1.563   0.0   0.0  475
 7.850  942.5  90  36  45  -1.563   0.0   0.0  949
 7.850  462.5 -90  36  45   1.563   0.0   0.0  471
 7.850  465.0 -90  36  66   1.563   0.0   0.0  470
 7.850  467.5 -90  36  69   1.563   0.0   0.0  471
 7.850  470.0 -90  36  45   1.563   0.0   0.0  472
 7.850  472.5 -90  36  45  -1.563   0.0   0.0  478
 7.850  475.0 -90  36  45  -1.563   0.0   0.0  479
 7.875  465.0  90  36  45  -1.563   0.0   0.0  473
 7.875  467.5  90  36  66  -1.563   0.0   0.0  473
 7.875  470.0  90  36  72   1.563   0.0   0.0  474
 7.875  472.5  90  36  63   1.563   0.0   0.0  475
 7.875  947.5  90  36  45   1.563   0.0   0.0  953
 7.875  465.0 -90  36  63  -1.563   0.0   0.0  472
 7.875  467.5 -90  36  72   1.563   0.0   0.0  472
 7.875  470.0 -90  36  57  -1.563   0.0   0.0  472
 7.900  467.5  90  36  57  -1.563   0.0   0.0  474
 7.900  470.0  90  36  72   1.563   0.0   0.0  475
 7.900  472.5  90  36  69   1.563   0.0   0.0  476
 7.900  475.0  90  36  51   1.563   0.0   0.0  476
 7.900  465.0 -90  36  54  -1.563   0.0   0.0  471
 7.900  467.5 -90  36  72   1.563   0.0   0.0  472
 7.900  470.0 -90  36  66   1.563   0.0   0.0  473
 7.925  470.0  90  36  63   1.563   0.0   0.0  476
 7.925  472.5  90  36  72   1.563   0.0   0.0  476
 7.925  475.0  90  36  63   1.563   0.0   0.0  477
 7.925  465.0 -90  36  45   1.563   0.0   0.0  472
 7.925  467.5 -90  36  69   1.563   0.0   0.0  473
 7.925  470.0 -90  36  72   1.563   0.0   0.0  473
 7.925  472.5 -90  36  54   1.563   0.0   0.0  474
 7.925  942.5 -90  36  45   1.563   0.0   0.0  946
 7.950  470.0  90  36  54   1.563   0.0   0.0  476
 7.950  472.5  90  36  69   1.563   0.0   0.0  478
 7.950  475.0  90  36  72   1.563   0.0   0.0  478
 7.950  477.5  90  36  54   1.563   0.0   0.0  479
 7.950  467.5 -90  36  60  -1.563   0.0   0.0  474
 7.950  470.0 -90  36  72   1.563   0.0   0.0  474
 7.950  472.5 -90  36  63   1.563   0.0   0.0  475
 7.950  942.5 -90  36  45   1.563   0.0   0.0  947
 7.950  945.0 -90  36  48  -1.563   0.0   0.0  949
 7.975  472.5  90  36  60   1.563   0.0   0.0  479
 7.975  475.0  90  36  72   1.563   0.0   0.0  479
 7.975  477.5  90  36  66  -1.563   0.0   0.0  480
 7.975  480.0  90  36  48   1.563   0.0   0.0  482
 7.975  467.5 -90  36  51  -1.563   0.0   0.0  474
 7.975  470.0 -90  36  69   1.563   0.0   0.0  475
 7.975  472.5 -90  36  69   1.563   0.0   0.0  476
 7.975  475.0 -90  36  54   1.563   0.0   0.0  477
 7.975  945.0 -90  36  48  -1.563   0.0   0.0  950
 7.975  947.5 -90  36  48   1.563   0.0   0.0  951
 8.000  472.5  90  36  48  -1.563   0.0   0.0  479
 8.000  475.0  90  36  69   1.563   0.0   0.0  480
 8.000  477.5  90  36  72   1.563   0.0   0.0  481
 8.000  480.0  90  36  60   1.563   0.0   0.0  482
 8.000  960.0  90  36  45  -1.563   0.0   0.0  966
 8.000  470.0 -90  36  63   1.563   0.0   0.0  476
 8.000  472.5 -90  36  72   1.563   0.0   0.0  477
 8.000  475.0 -90  36  63   1.563   0.0   0.0  477
 8.000  477.5 -90  36  45  -1.563   0.0   0.0  480
 8.000  947.5 -90  36  48  -1.563   0.0   0.0  953
 8.000  950.0 -90  36  48  -1.563   0.0   0.0  953
 8.025  475.0  90  36  57  -1.563   0.0   0.0  482
 8.025  477.5  90  36  72   1.563   0.0   0.0  482
 8.025  480.0  90  36  69   1.563   0.0   0.0  483
 8.025  482.5  90  36  51  -1.563   0.0   0.0  485
 8.025  470.0 -90  36  51   1.563   0.0   0.0  478
 8.025  472.5 -90  36  69   1.563   0.0   0.0  478
 8.025  475.0 -90  36  72   1.563   0.0   0.0  478
 8.025  477.5 -90  36  54   1.563   0.0   0.0  479
 8.025  950.0 -90  36  48  -1.563   0.0   0.0  954
 8.025  952.5 -90  36  45  -1.563   0.0   0.0  955
 8.050  477.5  90  36  66   1.563   0.0   0.0  483
 8.050  480.0  90  36  72   1.563   0.0   0.0  484
 8.050  482.5  90  36  63   1.563   0.0   0.0  485
 8.050  472.5 -90  36  63   1.563   0.0   0.0  479
 8.050  475.0 -90  36  72   1.563   0.0   0.0  479
 8.050  477.5 -90  36  63   1.563   0.0   0.0  480
 8.050  952.5 -90  36  48  -1.563   0.0   0.0  956
 8.050  955.0 -90  36  48   1.563   0.0   0.0  959
 8.075  477.5  90  36  54  -1.563   0.0   0.0  485
 8.075  480.0  90  36  69   1.563   0.0   0.0  485
 8.075  482.5  90  36  69   1.563   0.0   0.0  486
 8.075  485.0  90  36  54  -1.563   0.0   0.0  487
 8.075  472.5 -90  36  51  -1.563   0.0   0.0  480
 8.075  475.0 -90  36  69   1.563   0.0   0.0  480
 8.075  477.5 -90  36  69   1.563   0.0   0.0  481
 8.075  480.0 -90  36  54   1.563   0.0   0.0  482
 8.075  955.0 -90  36  45   1.563   0.0   0.0  960
 8.075  957.5 -90  36  48  -1.563   0.0   0.0  961
 8.100  480.0  90  36  60   1.563   0.0   0.0  486
 8.100  482.5  90  36  72  -1.563   0.0   0.0  487
 8.100  485.0  90  36  66   1.563   0.0   0.0  488
 8.100  487.5  90  36  48   1.563   0.0   0.0  490
 8.100  475.0 -90  36  60  -1.563   0.0   0.0  481
 8.100  477.5 -90  36  72   1.563   0.0   0.0  482
 8.100  480.0 -90  36  63  -1.563   0.0   0.0  483
 8.100  482.5 -90  36  45   1.563   0.0   0.0  483
 8.100  957.5 -90  36  45  -1.563   0.0   0.0  963
 8.100  960.0 -90  36  45  -1.563   0.0   0.0  965
 8.125  480.0  90  36  48   1.563   0.0   0.0  487
 8.125  482.5  90  36  66  -1.563   0.0   0.0  488
 8.125  485.0  90  36  72  -1.563   0.0   0.0  489
 8.125  487.5  90  36  60   1.563   0.0   0.0  490
 8.125  475.0 -90  36  48   1.563   0.0   0.0  482
 8.125  477.5 -90  36  66   1.563   0.0   0.0  483
 8.125  480.0 -90  36  72   1.563   0.0   0.0  484
 8.125  482.5 -90  36  57   1.563   0.0   0.0  485
 8.125  960.0 -90  36  45   1.563   0.0   0.0  965
 8.125  962.5 -90  36  45   1.563   0.0   0.0  966
 8.150  482.5  90  36  57  -1.563   0.0   0.0  488
 8.150  485.0  90  36  69   1.563   0.0   0.0  490
 8.150  487.5  90  36  69  -1.563   0.0   0.0  491
 8.150  490.0  90  36  51   1.563   0.0   0.0  492
 8.150  477.5 -90  36  57   1.563   0.0   0.0  484
 8.150  480.0 -90  36  72   1.563   0.0   0.0  485
 8.150  482.5 -90  36  66  -1.563   0.0   0.0  485
 8.150  485.0 -90  36  48  -1.563   0.0   0.0  486
 8.150  962.5 -90  36  45  -1.563   0.0   0.0  965
 8.150  965.0 -90  36  45   1.563   0.0   0.0  968
 8.175  485.0  90  36  60   1.563   0.0   0.0  491
 8.175  487.5  90  36  69  -1.563   0.0   0.0  492
 8.175  490.0  90  36  63  -1.563   0.0   0.0  493
 8.175  980.0  90  36  45   1.563   0.0   0.0  984
 8.175  982.5  90  36  45  -1.563   0.0   0.0  987
 8.175  477.5 -90  36  48  -1.563   0.0   0.0  484
 8.175  480.0 -90  36  66   1.563   0.0   0.0  486
 8.175  482.5 -90  36  72   1.563   0.0   0.0  486
 8.175  485.0 -90  36  60   1.563   0.0   0.0  487
 8.175  967.5 -90  36  48  -1.563   0.0   0.0  973
 8.175  970.0 -90  36  45  -1.563   0.0   0.0  973
 8.200  485.0  90  36  51  -1.563   0.0   0.0  492
 8.200  487.5  90  36  66  -1.563   0.0   0.0  493
 8.200  490.0  90  36  69   1.563   0.0   0.0  494
 8.200  492.5  90  36  54   1.563   0.0   0.0  495
 8.200  982.5  90  36  45   1.563   0.0   0.0  987
 8.200  985.0  90  36  48  -1.563   0.0   0.0  990
 8.200  480.0 -90  36  54  -1.563   0.0   0.0  486
 8.200  482.5 -90  36  69   1.563   0.0   0.0  488
 8.200  485.0 -90  36  69   1.563   0.0   0.0  488
 8.200  487.5 -90  36  51  -1.563   0.0   0.0  490
 8.200  970.0 -90  36  48   1.563   0.0   0.0  974
 8.200  972.5 -90  36  48   1.563   0.0   0.0  976
 8.225   80.0  90  36  45   1.563 210.0  30.0   84
 8.225  487.5  90  36  54   1.563   0.0   0.0  494
 8.225  490.0  90  36  69   1.563   0.0   0.0  495
 8.225  492.5  90  36  66  -1.563   0.0   0.0  495
 8.225  495.0  90  36  48   1.563   0.0   0.0  497
 8.225  985.0  90  36  45   1.563   0.0   0.0  990
 8.225  987.5  90  36  48   1.563   0.0   0.0  991
 8.225   80.0 -90  36  45  -4.688 150.0  30.0   89
 8.225  482.5 -90  36  60  -1.563   0.0   0.0  488
 8.225  485.0 -90  36  72   1.563   0.0   0.0  489
 8.225  487.5 -90  36  63   1.563   0.0   0.0  490
 8.225  490.0 -90  36  48  -1.563   0.0   0.0  492
 8.225  972.5 -90  36  45   1.563   0.0   0.0  977
 8.225  975.0 -90  36  48  -1.563   0.0   0.0  978
 8.250   80.0  90  36  57  -4.688 210.0  30.0   71
 8.250   82.5  90  36  51   1.563 210.0  30.0   94
 8.250  487.5  90  36  45  -1.563   0.0   0.0  496
 8.250  490.0  90  36  63   1.563   0.0   0.0  496
 8.250  492.5  90  36  69   1.563   0.0   0.0  497
 8.250  495.0  90  36  60   1.563   0.0   0.0  497
 8.250  987.5  90  36  45   1.563   0.0   0.0  993
 8.250  990.0  90  36  48  -1.563   0.0   0.0  996
 8.250  992.5  90  36  48   1.563   0.0   0.0  996
 8.250   80.0 -90  36  54   4.688 150.0  30.0   68
 8.250   82.5 -90  36  45  -4.688 150.0  30.0   95
 8.250  482.5 -90  36  48   1.563   0.0   0.0  490
 8.250  485.0 -90  36  66  -1.563   0.0   0.0  490
 8.250  487.5 -90  36  69  -1.563   0.0   0.0  491
 8.250  490.0 -90  36  57   1.563   0.0   0.0  492
 8.250  975.0 -90  36  45  -1.563   0.0   0.0  980
 8.250  977.5 -90  36  48  -1.563   0.0   0.0  982
 8.275   80.0  90  36  54   1.563 210.0  30.0   82
 8.275   82.5  90  36  51  -1.563 210.0  30.0   85
 8.275  490.0  90  36  51   1.563   0.0   0.0  496
 8.275  492.5  90  36  66   1.563   0.0   0.0  498
 8.275  495.0  90  36  66  -1.563   0.0   0.0  498
 8.275  497.5  90  36  51   1.563   0.0   0.0  500
 8.275  992.5  90  36  51   1.563   0.0   0.0  998
 8.275  995.0  90  36  48  -1.563   0.0   0.0 1000
 8.275  997.5  90  36  48  -1.563   0.0   0.0 1001
 8.275   80.0 -90  36  54  -1.563 150.0  30.0   87
 8.275   82.5 -90  36  48  -1.563 150.0  30.0   91
 8.275  485.0 -90  36  57  -1.563   0.0   0.0  492
 8.275  487.5 -90  36  69  -1.563   0.0   0.0  492
 8.275  490.0 -90  36  69  -1.563   0.0   0.0  493
 8.275  492.5 -90  36  51  -1.563   0.0   0.0  494
 8.275  980.0 -90  36  48  -1.563   0.0   0.0  984
 8.300   80.0  90  36  48   4.688 210.0  30.0   93
 8.300  492.5  90  36  57  -1.563   0.0   0.0  499
 8.300  495.0  90  36  69   1.563   0.0   0.0  500
 8.300  497.5  90  36  63   1.563   0.0   0.0  501
 8.300  995.0  90  36  51  -1.563   0.0   0.0 1001
 8.300  997.5  90  36  48   1.563   0.0   0.0 1001
 8.300   80.0 -90  36  57   1.563 150.0  30.0   90
 8.300   82.5 -90  36  48  -1.563 150.0  30.0   74
 8.300  487.5 -90  36  63   1.563   0.0   0.0  493
 8.300  490.0 -90  36  72  -1.563   0.0   0.0  494
 8.300  492.5 -90  36  63   1.563   0.0   0.0  495
 8.300  982.5 -90  36  45   1.563   0.0   0.0  987
 8.300  985.0 -90  36  45  -1.563   0.0   0.0  988
 8.325   80.0  90  36  45  -1.563 150.0  30.0   82
 8.325   82.5  90  36  45   1.563  30.0  30.0   69
 8.325  492.5  90  36  45  -1.563   0.0   0.0  498
 8.325  495.0  90  36  63   1.563   0.0   0.0  500
 8.325  497.5  90  36  69  -1.563   0.0   0.0  501
 8.325  500.0  90  36  54   1.563   0.0   0.0  502
 8.325  997.5  90  36  48  -1.563   0.0   0.0 1003
 8.325 1000.0  90  36  48   1.563   0.0   0.0 1004
 8.325 1002.5  90  36  48  -1.563   0.0   0.0 1007
 8.325 1005.0  90  36  45  -1.563   0.0   0.0 1008
 8.325   80.0 -90  36  54  -1.563  30.0  30.0   73
 8.325   82.5 -90  36  45  -1.563 150.0  30.0   81
 8.325  487.5 -90  36  51   1.563   0.0   0.0  494
 8.325  490.0 -90  36  66   1.563   0.0   0.0  495
 8.325  492.5 -90  36  72  -1.563   0.0   0.0  496
 8.325  495.0 -90  36  57   1.563   0.0   0.0  497
 8.325  987.5 -90  36  48  -1.563   0.0   0.0  991
 8.350   80.0  90  36  45  -4.688  90.0  30.0   90
 8.350  495.0  90  36  54  -1.563   0.0   0.0  501
 8.350  497.5  90  36  66  -1.563   0.0   0.0  502
 8.350  500.0  90  36  63  -1.563   0.0   0.0  503
 8.350  502.5  90  36  45  -1.563   0.0   0.0  501
 8.350 1000.0  90  36  45  -1.563   0.0   0.0 1005
 8.350 1002.5  90  36  48  -1.563   0.0   0.0 1005
 8.350 1005.0  90  36  48   1.563   0.0   0.0 1010
 8.350 1007.5  90  36  48  -1.563   0.0   0.0 1011
 8.350   80.0 -90  36  54  -1.563 210.0  30.0   83
 8.350   82.5 -90  36  48  -1.563 210.0  30.0   85
 8.350  490.0 -90  36  57  -1.563   0.0   0.0  497
 8.350  492.5 -90  36  72   1.563   0.0   0.0  497
 8.350  495.0 -90  36  66  -1.563   0.0   0.0  498
 8.350  497.5 -90  36  51   1.563   0.0   0.0  500
 8.350  990.0 -90  36  48   1.563   0.0   0.0  995
 8.350  992.5 -90  36  45   1.563   0.0   0.0  997
 8.375  497.5  90  36  60   1.563   0.0   0.0  504
 8.375  500.0  90  36  66   1.563   0.0   0.0  504
 8.375  502.5  90  36  57  -1.563   0.0   0.0  505
 8.375 1005.0  90  36  48  -1.563   0.0   0.0 1010
 8.375 1007.5  90  36  48  -1.563   0.0   0.0 1011
 8.375  490.0 -90  36  45   1.563   0.0   0.0  497
 8.375  492.5 -90  36  63  -1.563   0.0   0.0  498
 8.375  495.0 -90  36  69  -1.563   0.0   0.0  499
 8.375  497.5 -90  36  60   1.563   0.0   0.0  500
 8.375  992.5 -90  36  45   1.563   0.0   0.0  998
 8.375  995.0 -90  36  45  -1.563   0.0   0.0 1000
 8.400  497.5  90  36  48  -1.563   0.0   0.0  504
 8.400  500.0  90  36  63  -1.563   0.0   0.0  505
 8.400  502.5  90  36  63  -1.563   0.0   0.0  506
 8.400  505.0  90  36  48   1.563   0.0   0.0  507
 8.400 1007.5  90  36  45  -1.563   0.0   0.0 1013
 8.400  492.5 -90  36  51   1.563   0.0   0.0  499
 8.400  495.0 -90  36  69  -1.563   0.0   0.0  500
 8.400  497.5 -90  36  66  -1.563   0.0   0.0  501
 8.400  500.0 -90  36  48   1.563   0.0   0.0  502
 8.400  995.0 -90  36  48  -1.563   0.0   0.0  998
 8.400  997.5 -90  36  48  -1.563   0.0   0.0 1001
 8.425  500.0  90  36  54  -1.563   0.0   0.0  507
 8.425  502.5  90  36  66  -1.563   0.0   0.0  508
 8.425  505.0  90  36  57  -1.563   0.0   0.0  508
 8.425  495.0 -90  36  60  -1.563   0.0   0.0  502
 8.425  497.5 -90  36  69  -1.563   0.0   0.0  502
 8.425  500.0 -90  36  60  -1.563   0.0   0.0  503
 8.425  997.5 -90  36  45   1.563   0.0   0.0 1004
 8.425 1000.0 -90  36  51  -1.563   0.0   0.0 1005
 8.425 1002.5 -90  36  45   1.563   0.0   0.0 1006
 8.450  500.0  90  36  45   1.563   0.0   0.0  509
 8.450  502.5  90  36  60  -1.563   0.0   0.0  508
 8.450  505.0  90  36  63  -1.563   0.0   0.0  509
 8.450  507.5  90  36  48  -1.563   0.0   0.0  510
 8.450 1015.0  90  36  45  -1.563   0.0   0.0 1019
 8.450  495.0 -90  36  51   1.563   0.0   0.0  502
 8.450  497.5 -90  36  66  -1.563   0.0   0.0  503
 8.450  500.0 -90  36  69  -1.563   0.0   0.0  503
 8.450  502.5 -90  36  51  -1.563   0.0   0.0  504
 8.450 1000.0 -90  36  48   1.563   0.0   0.0 1004
 8.450 1002.5 -90  36  51  -1.563   0.0   0.0 1007
 8.450 1005.0 -90  36  45  -1.563   0.0   0.0 1008
 8.475  502.5  90  36  51  -1.563   0.0   0.0  509
 8.475  505.0  90  36  63   1.563   0.0   0.0  510
 8.475  507.5  90  36  60  -1.563   0.0   0.0  510
 8.475 1015.0  90  36  45   1.563   0.0   0.0 1020
 8.475  497.5 -90  36  60  -1.563   0.0   0.0  504
 8.475  500.0 -90  36  69  -1.563   0.0   0.0  505
 8.475  502.5 -90  36  63  -1.563   0.0   0.0  505
 8.475  505.0 -90  36  45  -1.563   0.0   0.0  506
 8.475 1002.5 -90  36  45   1.563   0.0   0.0 1009
 8.475 1005.0 -90  36  48   1.563   0.0   0.0 1009
 8.500  505.0  90  36  57   1.563   0.0   0.0  511
 8.500  507.5  90  36  63  -1.563   0.0   0.0  511
 8.500  510.0  90  36  54   1.563   0.0   0.0  513
 8.500  497.5 -90  36  45   1.563   0.0   0.0  505
 8.500  500.0 -90  36  63  -1.563   0.0   0.0  505
 8.500  502.5 -90  36  69  -1.563   0.0   0.0  507
 8.500  505.0 -90  36  60  -1.563   0.0   0.0  508
 8.500 1005.0 -90  36  45  -1.563   0.0   0.0 1010
 8.500 1007.5 -90  36  48   1.563   0.0   0.0 1012
 8.500 1010.0 -90  36  48   1.563   0.0   0.0 1014
 8.525  505.0  90  36  48   1.563   0.0   0.0  513
 8.525  507.5  90  36  63  -1.563   0.0   0.0  513
 8.525  510.0  90  36  63  -1.563   0.0   0.0  514
 8.525  512.5  90  36  48   1.563   0.0   0.0  515
 8.525  500.0 -90  36  54  -1.563   0.0   0.0  507
 8.525  502.5 -90  36  69  -1.563   0.0   0.0  508
 8.525  505.0 -90  36  69  -1.563   0.0   0.0  509
 8.525  507.5 -90  36  54   1.563   0.0   0.0  510
 8.525 1010.0 -90  36  48  -1.563   0.0   0.0 1015
 8.525 1012.5 -90  36  48  -1.563   0.0   0.0 1017
 8.525 1015.0 -90  36  45  -1.563   0.0   0.0 1019
 8.550  507.5  90  36  51   1.563   0.0   0.0  513
 8.550  510.0  90  36  63  -1.563   0.0   0.0  515
 8.550  512.5  90  36  57  -1.563   0.0   0.0  516
 8.550  502.5 -90  36  57   1.563   0.0   0.0  508
 8.550  505.0 -90  36  69  -1.563   0.0   0.0  510
 8.550  507.5 -90  36  66  -1.563   0.0   0.0  510
 8.550  510.0 -90  36  48  -1.563   0.0   0.0  512
 8.550 1012.5 -90  36  45   1.563   0.0   0.0 1018
 8.550 1015.0 -90  36  48   1.563   0.0   0.0 1020
 8.575  510.0  90  36  54  -1.563   0.0   0.0  515
 8.575  512.5  90  36  63  -1.563   0.0   0.0  517
 8.575  515.0  90  36  54  -1.563   0.0   0.0  518
 8.575  502.5 -90  36  48  -1.563   0.0   0.0  509
 8.575  505.0 -90  36  63  -1.563   0.0   0.0  511
 8.575  507.5 -90  36  69  -1.563   0.0   0.0  512
 8.575  510.0 -90  36  57  -1.563   0.0   0.0  513
 8.575 1017.5 -90  36  45  -1.563   0.0   0.0 1022
 8.575 1020.0 -90  36  51  -1.563   0.0   0.0 1024
 8.575 1022.5 -90  36  45  -1.563   0.0   0.0 1024
 8.600  512.5  90  36  60   1.563   0.0   0.0  518
 8.600  515.0  90  36  60  -1.563   0.0   0.0  519
 8.600  517.5  90  36  45   1.563   0.0   0.0  519
 8.600  505.0 -90  36  51  -1.563   0.0   0.0  511
 8.600  507.5 -90  36  66  -1.563   0.0   0.0  512
 8.600  510.0 -90  36  66  -1.563   0.0   0.0  513
 8.600  512.5 -90  36  51  -1.563   0.0   0.0  514
 8.600 1020.0 -90  36  48  -1.563   0.0   0.0 1025
 8.600 1022.5 -90  36  48  -1.563   0.0   0.0 1027
 8.625  512.5  90  36  48  -1.563   0.0   0.0  519
 8.625  515.0  90  36  60  -1.563   0.0   0.0  520
 8.625  517.5  90  36  54  -1.563   0.0   0.0  521
 8.625  507.5 -90  36  57  -1.563   0.0   0.0  513
 8.625  510.0 -90  36  66  -1.563   0.0   0.0  515
 8.625  512.5 -90  36  63  -1.563   0.0   0.0  516
 8.625  515.0 -90  36  45  -1.563   0.0   0.0  516
 8.625 1025.0 -90  36  45   1.563   0.0   0.0 1029
 8.625 1027.5 -90  36  45  -1.563   0.0   0.0 1032
 8.650  515.0  90  36  54  -1.563   0.0   0.0  520
 8.650  517.5  90  36  60  -1.563   0.0   0.0  522
 8.650  520.0  90  36  48  -1.563   0.0   0.0  523
 8.650  507.5 -90  36  45   1.563   0.0   0.0  516
 8.650  510.0 -90  36  60  -1.563   0.0   0.0  516
 8.650  512.5 -90  36  66  -1.563   0.0   0.0  517
 8.650  515.0 -90  36  57  -1.563   0.0   0.0  518
 8.650 1027.5 -90  36  45  -1.563   0.0   0.0 1032
 8.650 1030.0 -90  36  48  -1.563   0.0   0.0 1036
 8.675  517.5  90  36  57  -1.563   0.0   0.0  522
 8.675  520.0  90  36  57  -1.563   0.0   0.0  523
 8.675  510.0 -90  36  48  -1.563   0.0   0.0  515
 8.675  512.5 -90  36  63  -1.563   0.0   0.0  517
 8.675  515.0 -90  36  63  -1.563   0.0   0.0  518
 8.675  517.5 -90  36  48  -1.563   0.0   0.0  519
 8.675 1030.0 -90  36  45  -1.563   0.0   0.0 1036
 8.675 1032.5 -90  36  45  -1.563   0.0   0.0 1037
 8.700  517.5  90  36  51  -1.563   0.0   0.0  525
 8.700  520.0  90  36  60  -1.563   0.0   0.0  524
 8.700  522.5  90  36  51  -1.563   0.0   0.0  525
 8.700  512.5 -90  36  54  -1.563   0.0   0.0  518
 8.700  515.0 -90  36  66  -1.563   0.0   0.0  520
 8.700  517.5 -90  36  60  -1.563   0.0   0.0  520
 8.700 1035.0 -90  36  48  -1.563   0.0   0.0 1040
 8.700 1037.5 -90  36  45   1.563   0.0   0.0 1041
 8.725  520.0  90  36  57   1.563   0.0   0.0  525
 8.725  522.5  90  36  57   1.563   0.0   0.0  526
 8.725  515.0 -90  36  57  -1.563   0.0   0.0  520
 8.725  517.5 -90  36  63  -1.563   0.0   0.0  522
 8.725  520.0 -90  36  54  -1.563   0.0   0.0  524
 8.725 1037.5 -90  36  45  -1.563   0.0   0.0 1041
 8.750  520.0  90  36  48   1.563   0.0   0.0  526
 8.750  522.5  90  36  60  -1.563   0.0   0.0  527
 8.750  525.0  90  36  54  -1.563   0.0   0.0  528
 8.750  515.0 -90  36  45  -1.563   0.0   0.0  521
 8.750  517.5 -90  36  60  -1.563   0.0   0.0  523
 8.750  520.0 -90  36  63  -1.563   0.0   0.0  524
 8.750  522.5 -90  36  51  -1.563   0.0   0.0  524
 8.750 1040.0 -90  36  45  -1.563   0.0   0.0 1045
 8.750 1045.0 -90  36  45  -1.563   0.0   0.0 1050
 8.775  522.5  90  36  54  -1.563   0.0   0.0  528
 8.775  525.0  90  36  57  -1.563   0.0   0.0  529
 8.775  527.5  90  36  45   1.563   0.0   0.0  531
 8.775  517.5 -90  36  51  -1.563   0.0   0.0  524
 8.775  520.0 -90  36  63  -1.563   0.0   0.0  525
 8.775  522.5 -90  36  60  -1.563   0.0   0.0  526
 8.775  525.0 -90  36  45  -1.563   0.0   0.0  528
 8.775 1045.0 -90  36  45  -1.563   0.0   0.0 1051
 8.800  522.5  90  36  45  -1.563   0.0   0.0  529
 8.800  525.0  90  36  57  -1.563   0.0   0.0  530
 8.800  527.5  90  36  54  -1.563   0.0   0.0  530
 8.800  520.0 -90  36  57  -1.563   0.0   0.0  525
 8.800  522.5 -90  36  66  -1.563   0.0   0.0  527
 8.800  525.0 -90  36  54  -1.563   0.0   0.0  528
 8.825  525.0  90  36  51  -1.563   0.0   0.0  531
 8.825  527.5  90  36  60  -1.563   0.0   0.0  532
 8.825  530.0  90  36  48  -1.563   0.0   0.0  533
 8.825  520.0 -90  36  48  -1.563   0.0   0.0  527
 8.825  522.5 -90  36  60  -1.563   0.0   0.0  527
 8.825  525.0 -90  36  63  -1.563   0.0   0.0  529
 8.825  527.5 -90  36  48   1.563   0.0   0.0  530
 8.850  525.0  90  36  45  -1.563   0.0   0.0  531
 8.850  527.5  90  36  60  -1.563   0.0   0.0  533
 8.850  530.0  90  36  57  -1.563   0.0   0.0  533
 8.850  522.5 -90  36  54  -1.563   0.0   0.0  529
 8.850  525.0 -90  36  63  -1.563   0.0   0.0  530
 8.850  527.5 -90  36  60  -1.563   0.0   0.0  531
 8.850  530.0 -90  36  45  -1.563   0.0   0.0  533
 8.875  527.5  90  36  54  -1.563   0.0   0.0  533
 8.875  530.0  90  36  60  -1.563   0.0   0.0  534
 8.875  532.5  90  36  45  -1.563   0.0   0.0  534
 8.875  525.0 -90  36  57  -1.563   0.0   0.0  530
 8.875  527.5 -90  36  63  -1.563   0.0   0.0  532
 8.875  530.0 -90  36  54   1.563   0.0   0.0  533
 8.900  527.5  90  36  45  -1.563   0.0   0.0  535
 8.900  530.0  90  36  60  -1.563   0.0   0.0  535
 8.900  532.5  90  36  54  -1.563   0.0   0.0  535
 8.900  525.0 -90  36  45   1.563   0.0   0.0  531
 8.900  527.5 -90  36  60  -1.563   0.0   0.0  533
 8.900  530.0 -90  36  63  -1.563   0.0   0.0  534
 8.900  532.5 -90  36  45   1.563   0.0   0.0  535
 8.925  530.0  90  36  54  -1.563   0.0   0.0  536
 8.925  532.5  90  36  57  -1.563   0.0   0.0  536
 8.925  535.0  90  36  45  -1.563   0.0   0.0  538
 8.925  527.5 -90  36  51  -1.563   0.0   0.0  534
 8.925  530.0 -90  36  63  -1.563   0.0   0.0  535
 8.925  532.5 -90  36  57  -1.563   0.0   0.0  536
 8.950  530.0  90  36  45  -1.563   0.0   0.0  535
 8.950  532.5  90  36  60  -1.563   0.0   0.0  537
 8.950  535.0  90  36  54   1.563   0.0   0.0  538
 8.950  530.0 -90  36  57  -1.563   0.0   0.0  536
 8.950  532.5 -90  36  63  -1.563   0.0   0.0  537
 8.950  535.0 -90  36  54  -1.563   0.0   0.0  537
 8.975  532.5  90  36  54  -1.563   0.0   0.0  538
 8.975  535.0  90  36  57  -1.563   0.0   0.0  539
 8.975  530.0 -90  36  45  -1.563   0.0   0.0  536
 8.975  532.5 -90  36  60  -1.563   0.0   0.0  538
 8.975  535.0 -90  36  60  -1.563   0.0   0.0  539
 8.975  537.5 -90  36  45  -1.563   0.0   0.0  539
 9.000  532.5  90  36  48  -1.563   0.0   0.0  539
 9.000  535.0  90  36  60   1.563   0.0   0.0  540
 9.000  537.5  90  36  51  -1.563   0.0   0.0  541
 9.000  532.5 -90  36  54   1.563   0.0   0.0  539
 9.000  535.0 -90  36  63  -1.563   0.0   0.0  540
 9.000  537.5 -90  36  54  -1.563   0.0   0.0  540
 9.025  535.0  90  36  54  -1.563   0.0   0.0  540
 9.025  537.5  90  36  57  -1.563   0.0   0.0  541
 9.025 1077.5  90  36  45  -1.563   0.0   0.0 1082
 9.025  535.0 -90  36  60  -1.563   0.0   0.0  541
 9.025  537.5 -90  36  60  -1.563   0.0   0.0  541
 9.025  540.0 -90  36  45  -1.563   0.0   0.0  542
 9.050  535.0  90  36  48  -1.563   0.0   0.0  541
 9.050  537.5  90  36  60  -1.563   0.0   0.0  542
 9.050  540.0  90  36  51  -1.563   0.0   0.0  543
 9.050 1080.0  90  36  48  -1.563   0.0   0.0 1085
 9.050  535.0 -90  36  51   1.563   0.0   0.0  542
 9.050  537.5 -90  36  63  -1.563   0.0   0.0  542
 9.050  540.0 -90  36  57  -1.563   0.0   0.0  543
 9.075  537.5  90  36  57  -1.563   0.0   0.0  543
 9.075  540.0  90  36  57  -1.563   0.0   0.0  543
 9.075  535.0 -90  36  45  -1.563   0.0   0.0  539
 9.075  537.5 -90  36  60  -1.563   0.0   0.0  543
 9.075  540.0 -90  36  60  -1.563   0.0   0.0  543
 9.075  542.5 -90  36  45  -1.563   0.0   0.0  544
 9.100  537.5  90  36  48  -1.563   0.0   0.0  544
 9.100  540.0  90  36  60  -1.563   0.0   0.0  544
 9.100  542.5  90  36  51  -1.563   0.0   0.0  545
 9.100  537.5 -90  36  51   1.563   0.0   0.0  543
 9.100  540.0 -90  36  63  -1.563   0.0   0.0  545
 9.100  542.5 -90  36  54  -1.563   0.0   0.0  546
 9.125  540.0  90  36  57  -1.563   0.0   0.0  546
 9.125  542.5  90  36  57  -1.563   0.0   0.0  546
 9.125  540.0 -90  36  57  -1.563   0.0   0.0  546
 9.125  542.5 -90  36  60  -1.563   0.0   0.0  547
 9.125  545.0 -90  36  45  -1.563   0.0   0.0  547
 9.150  540.0  90  36  48   1.563   0.0   0.0  546
 9.150  542.5  90  36  60  -1.563   0.0   0.0  547
 9.150  545.0  90  36  51   1.563   0.0   0.0  547
 9.150  540.0 -90  36  48   1.563   0.0   0.0  547
 9.150  542.5 -90  36  60  -1.563   0.0   0.0  547
 9.150  545.0 -90  36  54  -1.563   0.0   0.0  548
 9.175  542.5  90  36  57   1.563   0.0   0.0  548
 9.175  545.0  90  36  57  -1.563   0.0   0.0  548
 9.175  542.5 -90  36  57  -1.563   0.0   0.0  548
 9.175  545.0 -90  36  60  -1.563   0.0   0.0  549
 9.175  547.5 -90  36  45   1.563   0.0   0.0  549
 9.200  542.5  90  36  48  -1.563   0.0   0.0  549
 9.200  545.0  90  36  60  -1.563   0.0   0.0  550
 9.200  547.5  90  36  51  -1.563   0.0   0.0  550
 9.200  542.5 -90  36  51  -1.563   0.0   0.0  549
 9.200  545.0 -90  36  60  -1.563   0.0   0.0  550
 9.200  547.5 -90  36  51  -1.563   0.0   0.0  550
 9.225  545.0  90  36  57  -1.563   0.0   0.0  551
 9.225  547.5  90  36  57  -1.563   0.0   0.0  551
 9.225  545.0 -90  36  57  -1.563   0.0   0.0  551
 9.225  547.5 -90  36  60  -1.563   0.0   0.0  552
 9.250  545.0  90  36  48  -1.563   0.0   0.0  552
 9.250  547.5  90  36  60  -1.563   0.0   0.0  552
 9.250  550.0  90  36  48  -1.563   0.0   0.0  552
 9.250  545.0 -90  36  51  -1.563   0.0   0.0  552
 9.250  547.5 -90  36  60  -1.563   0.0   0.0  552
 9.250  550.0 -90  36  54  -1.563   0.0   0.0  552
 9.275  547.5  90  36  54  -1.563   0.0   0.0  552
 9.275  550.0  90  36  57  -1.563   0.0   0.0  553
 9.275  547.5 -90  36  57  -1.563   0.0   0.0  553
 9.275  550.0 -90  36  60  -1.563   0.0   0.0  553
 9.275  552.5 -90  36  45  -1.563   0.0   0.0  554
 9.300  547.5  90  36  48  -1.563   0.0   0.0  553
 9.300  550.0  90  36  57  -1.563   0.0   0.0  555
 9.300  552.5  90  36  48  -1.563   0.0   0.0  555
 9.300  547.5 -90  36  45  -1.563   0.0   0.0  554
 9.300  550.0 -90  36  60  -1.563   0.0   0.0  555
 9.300  552.5 -90  36  57  -1.563   0.0   0.0  556
 9.325  550.0  90  36  54  -1.563   0.0   0.0  555
 9.325  552.5  90  36  54  -1.563   0.0   0.0  555
 9.325  550.0 -90  36  54  -1.563   0.0   0.0  556
 9.325  552.5 -90  36  60  -1.563   0.0   0.0  556
 9.325  555.0 -90  36  51   1.563   0.0   0.0  558
 9.350  550.0  90  36  48  -1.563   0.0   0.0  556
 9.350  552.5  90  36  57  -1.563   0.0   0.0  557
 9.350  555.0  90  36  45   1.563   0.0   0.0  558
 9.350  552.5 -90  36  60  -1.563   0.0   0.0  558
 9.350  555.0 -90  36  57  -1.563   0.0   0.0  558
 9.375  552.5  90  36  54  -1.563   0.0   0.0  557
 9.375  555.0  90  36  51  -1.563   0.0   0.0  558
 9.375  552.5 -90  36  51  -1.563   0.0   0.0  559
 9.375  555.0 -90  36  60  -1.563   0.0   0.0  560
 9.375  557.5 -90  36  51  -1.563   0.0   0.0  561
 9.400  552.5  90  36  48  -1.563   0.0   0.0  558
 9.400  555.0  90  36  54   1.563   0.0   0.0  559
 9.400  555.0 -90  36  57  -1.563   0.0   0.0  560
 9.400  557.5 -90  36  57  -1.563   0.0   0.0  561
 9.425  555.0  90  36  51  -1.563   0.0   0.0  560
 9.425  557.5  90  36  45   1.563   0.0   0.0  560
 9.425  555.0 -90  36  51  -1.563   0.0   0.0  562
 9.425  557.5 -90  36  60  -1.563   0.0   0.0  562
 9.425  560.0 -90  36  51  -1.563   0.0   0.0  562
 9.450  555.0  90  36  45  -1.563   0.0   0.0  562
 9.450  557.5  90  36  48  -1.563   0.0   0.0  560
 9.450  555.0 -90  36  45  -1.563   0.0   0.0  559
 9.450  557.5 -90  36  60  -1.563   0.0   0.0  563
 9.450  560.0 -90  36  57  -1.563   0.0   0.0  563
 9.475  557.5  90  36  45   1.563   0.0   0.0  562
 9.475  557.5 -90  36  54  -1.563   0.0   0.0  563
 9.475  560.0 -90  36  60  -1.563   0.0   0.0  564
 9.475  562.5 -90  36  45  -1.563   0.0   0.0  564
 9.500  560.0  90  36  45  -1.563   0.0   0.0  564
 9.500  557.5 -90  36  45  -1.563   0.0   0.0  566
 9.500  560.0 -90  36  57  -1.563   0.0   0.0  565
 9.500  562.5 -90  36  51  -1.563   0.0   0.0  565
 9.525  560.0  90  36  45  -1.563   0.0   0.0  564
 9.525  560.0 -90  33  51  -1.563   0.0   0.0  567
 9.525  562.5 -90  33  57  -1.563   0.0   0.0  567
 9.525  565.0 -90  33  42  -1.563   0.0   0.0  570
 9.550  562.5  90  33  48  -1.563   0.0   0.0  567
 9.550  560.0 -90  36  45  -1.563   0.0   0.0  567
 9.550  562.5 -90  36  57  -1.563   0.0   0.0  567
 9.550  565.0 -90  36  51  -1.563   0.0   0.0  567
 9.575  562.5  90  33  42  -1.563 270.0  30.0  565
 9.575  565.0  90  33  48  -1.563   0.0   0.0  568
 9.575  562.5 -90  33  54  -1.563   0.0   0.0  568
 9.575  565.0 -90  33  54  -1.563   0.0   0.0  567
 9.600  565.0  90  36  48  -1.563   0.0   0.0  571
 9.600  562.5 -90  36  48   1.563   0.0   0.0  568
 9.600  565.0 -90  36  57  -1.563   0.0   0.0  569
 9.600  567.5 -90  36  45   1.563   0.0   0.0  570
 9.625  567.5  90  36  45  -1.563   0.0   0.0  571
 9.625  565.0 -90  36  57  -1.563   0.0   0.0  570
 9.625  567.5 -90  36  51  -1.563   0.0   0.0  570
 9.650  567.5  90  36  45  -1.563   0.0   0.0  574
 9.650  570.0  90  36  45  -1.563   0.0   0.0  574
 9.650  565.0 -90  36  54  -1.563   0.0   0.0  570
 9.650  567.5 -90  36  54  -1.563   0.0   0.0  571
 9.675  570.0  90  33  45   1.563   0.0   0.0  575
 9.675  572.5  90  33  42   1.563   0.0   0.0  575
 9.675  565.0 -90  33  48   1.563   0.0   0.0  571
 9.675  567.5 -90  33  54   1.563   0.0   0.0  572
 9.675  570.0 -90  33  42  -1.563   0.0   0.0  573
 9.700  572.5  90  33  45  -1.563   0.0   0.0  577
 9.700  567.5 -90  33  54  -1.563   0.0   0.0  572
 9.700  570.0 -90  33  48   1.563   0.0   0.0  572
 9.725  575.0  90  33  42  -1.563   0.0   0.0  578
 9.725  567.5 -90  33  48  -1.563   0.0   0.0  572
 9.725  570.0 -90  33  51   1.563   0.0   0.0  573
 9.750  575.0  90  33  42  -1.563   0.0   0.0  582
 9.750  577.5  90  33  42   1.563   0.0   0.0  580
 9.750  570.0 -90  33  51  -1.563   0.0   0.0  575
 9.750  572.5 -90  33  45  -1.563   0.0   0.0  575
 9.775  577.5  90  33  42   1.563   0.0   0.0  582
 9.775  580.0  90  33  42   1.563   0.0   0.0  584
 9.775  570.0 -90  33  48  -1.563   0.0   0.0  576
 9.775  572.5 -90  33  51  -1.563   0.0   0.0  577
 9.800  580.0  90  33  45  -1.563   0.0   0.0  585
 9.800  570.0 -90  33  42   1.563   0.0   0.0  578
 9.800  572.5 -90  33  54  -1.563   0.0   0.0  577
 9.800  575.0 -90  33  45   1.563   0.0   0.0  578
 9.825  582.5  90  33  42   1.563   0.0   0.0  585
 9.825  572.5 -90  33  51   1.563   0.0   0.0  578
 9.825  575.0 -90  33  51   1.563   0.0   0.0  578
 9.850  585.0  90  33  42  -1.563   0.0   0.0  589
 9.850  572.5 -90  33  45  -1.563   0.0   0.0  578
 9.850  575.0 -90  33  54  -1.563   0.0   0.0  579
 9.850  577.5 -90  33  42   1.563   0.0   0.0  580
 9.875  587.5  90  33  42  -1.563   0.0   0.0  590
 9.875  575.0 -90  33  48  -1.563   0.0   0.0  580
 9.875  577.5 -90  33  51  -1.563   0.0   0.0  581
 9.900  587.5  90  33  42  -1.563 150.0  30.0  588
 9.900  575.0 -90  33  42  -1.563   0.0   0.0  581
 9.900  577.5 -90  33  51  -1.563   0.0   0.0  582
 9.900  580.0 -90  33  45  -1.563   0.0   0.0  584
 9.925  590.0  90  33  42  -1.563   0.0   0.0  596
 9.925  577.5 -90  33  45  -1.563   0.0   0.0  582
 9.925  580.0 -90  33  48  -1.563   0.0   0.0  584
 9.950  580.0 -90  33  48  -1.563   0.0   0.0  585
 9.950  582.5 -90  33  42   1.563   0.0   0.0  587
 9.975  580.0 -90  33  42  -1.563   0.0   0.0  573
 9.975  582.5 -90  33  45   1.563   0.0   0.0  587
10.025  585.0 -90  33  42  -1.563   0.0   0.0  590
10.050  585.0 -90  33  42   1.563   0.0   0.0  590
10.050  587.5 -90  33  45  -1.563   0.0   0.0  591
10.075  587.5 -90  33  45   1.563   0.0   0.0  591
10.100  590.0 -90  33  42  -1.563   0.0   0.0  594
10.125  592.5 -90  33  42  -1.563   0.0   0.0  597
10.300  607.5 -90  30  39   1.563   0.0   0.0  611
10.375  615.0 -90  33  42   1.563   0.0   0.0  620
10.375  617.5 -90  33  42   1.563   0.0   0.0  623
10.400  620.0 -90  33  42  -1.563   0.0   0.0  624
10.425  622.5 -90  33  42  -1.563   0.0   0.0  626
10.425  625.0 -90  33  42  -1.563   0.0   0.0  628
10.450  625.0 -90  33  42   1.563   0.0   0.0  630
10.625  662.5 -90  30  39  -1.563   0.0   0.0  668
13.275  262.5  90  15  24   1.563   0.0   0.0  267
13.600   82.5 -90  12  21   4.688 270.0  30.0   78
13.600  302.5 -90  12  21  -1.563   0.0   0.0  309
13.750  420.0  90  15  24   1.563 270.0  30.0  416
14.225 1067.5 -90   9  18   4.688 270.0  30.0 1071
15.675  242.5 -90  72  81  -1.563   0.0   0.0  239
15.675  830.0 -90  72  81   4.688   0.0   0.0  829
15.675  970.0 -90  72  81   1.563   0.0   0.0  965
15.725  132.5  90  72  81   1.563   0.0   0.0  125
15.725  692.5 -90  72  81  -4.688   0.0   0.0  683
15.800  210.0  90  69  78  -1.563   0.0   0.0  199
15.800  727.5  90  69  78   4.688   0.0   0.0  732
15.825 1252.5 -90  69  78  -4.688   0.0   0.0 1247
15.850  110.0  90  69  78  -1.563   0.0   0.0  102
15.850  977.5  90  69  78  -4.688   0.0   0.0  989
15.850  100.0 -90  69  78   1.563   0.0   0.0  107
15.850  767.5 -90  69  78   4.688   0.0   0.0  775
15.850  877.5 -90  69  78  -4.688   0.0   0.0  884
15.875  127.5  90  69  78  -4.688   0.0   0.0  131
15.875  237.5  90  69  78  -4.688   0.0   0.0  235
15.900  460.0  90  69  78   4.688   0.0   0.0  465
15.900  282.5 -90  69  78   1.563   0.0   0.0  296
15.975  597.5 -90  69  78  -1.563   0.0   0.0  589
16.000  380.0 -90  69  78   1.563   0.0   0.0  378
16.075  260.0  90  69  78  -1.563   0.0   0.0  264
16.175  110.0 -90  69  78  -4.688   0.0   0.0   99
16.275 1127.5  90  69  78   1.563   0.0   0.0 1116
16.325  377.5  90  69  78   1.563   0.0   0.0  364
16.475  260.0 -90  69  78   4.688   0.0   0.0  253
16.500  320.0  90  69  78  -4.688   0.0   0.0  321
16.500  112.5 -90  69  78   1.563   0.0   0.0  127
16.500  935.0 -90  69  78  -1.563   0.0   0.0  921
16.575 1262.5 -90  69  78  -4.688   0.0   0.0 1249
16.625 1210.0 -90  66  75  -4.688   0.0   0.0 1208
16.650  235.0  90  66  75  -4.688   0.0   0.0  245
16.700  197.5 -90  66  75   1.563   0.0   0.0  190
16.775 1200.0 -90  66  75   4.688   0.0   0.0 1202
16.850  232.5 -90  72  81   1.563 330.0  30.0  235
16.850  235.0 -90  72  81   1.563 330.0  30.0  238
16.850  237.5 -90  72  81   1.563 330.0  30.0  244
16.850  770.0 -90  72  81   1.563 330.0  30.0  778
16.850  780.0 -90  72  81   1.563 330.0  30.0  783
16.850  810.0 -90  72  81   1.563 330.0  30.0  825
16.850  830.0 -90  72  81   1.563 330.0  30.0  834
16.875  970.0 -90  75  84   1.563 330.0  30.0  983
16.900  270.0 -90  69  78   1.563 330.0  30.0  259
16.900  272.5 -90  69  78   1.563 330.0  30.0  264
16.900  275.0 -90  69  81   1.563 330.0  30.0  263
16.900  277.5 -90  69  78   1.563 330.0  30.0  263
16.900  280.0 -90  69  78   1.563 330.0  30.0  273
16.900  435.0 -90  69  78   1.563 330.0  30.0  430
16.900 1097.5 -90  69  78   1.563 330.0  30.0 1096
