2024.06.28 (180) 00:00:00.000
Station name: Eareckson
URSI code: EA653
Ionosonde model: DPS-4D
  Freq  Range Pol MPA Amp Doppler    Az    Zn  PGH
 2.000   92.5  90  39  51  -1.563   0.0   0.0   97
 2.100   95.0  90  39  48  -1.563   0.0   0.0  101
 2.125   92.5  90  39  48   1.563   0.0   0.0   98
 2.125   95.0  90  39  48  -1.563 150.0  30.0  100
 2.150   95.0  90  39  48  -1.563 210.0  30.0   99
 2.175   95.0  90  39  48  -1.563 210.0  30.0  101
 2.225   92.5  90  39  48  -1.563 210.0  30.0   96
 2.225   95.0  90  39  51   1.563   0.0   0.0   98
 2.250   92.5  90  39  51  -1.563   0.0   0.0   98
 2.250   95.0  90  39  51  -1.563   0.0   0.0   99
 2.275   95.0  90  39  51  -1.563 150.0  30.0   99
 2.300   95.0  90  39  48   1.563   0.0   0.0  100
 2.325  100.0  90  39  48  -1.563 210.0  30.0  103
 2.350   95.0  90  39  48   1.563 270.0  30.0  101
 2.350  100.0  90  39  48   1.563 150.0  30.0  103
 2.375   95.0  90  36  51   1.563   0.0   0.0   98
 2.375   97.5  90  36  48   1.563   0.0   0.0  100
 2.375  100.0  90  36  45  -1.563 150.0  30.0  103
 2.400   92.5  90  39  48  -1.563   0.0   0.0   99
 2.400   95.0  90  39  57   1.563   0.0   0.0   99
 2.400  100.0  90  39  51  -1.563   0.0   0.0  102
 2.425   92.5  90  39  48   1.563   0.0   0.0   98
 2.425   95.0  90  39  57   1.563   0.0   0.0   99
 2.425   97.5  90  39  54   1.563   0.0   0.0  100
 2.450   95.0  90  39  54  -1.563   0.0   0.0  100
 2.450   97.5  90  39  54   1.563   0.0   0.0  100
 2.475   95.0  90  39  51  -1.563   0.0   0.0   82
 2.475   97.5  90  39  57   1.563   0.0   0.0  102
 2.475  100.0  90  39  51  -1.563 150.0  30.0  113
 2.525   97.5  90  39  57   1.563   0.0   0.0  102
 2.550   97.5  90  39  57  -1.563   0.0   0.0  103
 2.550  100.0  90  39  51   1.563 270.0  30.0  102
 2.550  107.5  90  39  48   1.563   0.0   0.0  112
 2.575   97.5  90  39  54  -1.563   0.0   0.0  100
 2.600   97.5  90  39  48  -1.563 210.0  30.0  102
 2.625   97.5  90  39  51  -1.563 210.0  30.0  104
 2.625  102.5  90  39  48   1.563   0.0   0.0  107
 2.650   97.5  90  39  57  -1.563   0.0   0.0  102
 2.650  100.0  90  39  51  -1.563   0.0   0.0  104
 2.675   90.0  90  39  48   1.563   0.0   0.0   95
 2.675   92.5  90  39  48   1.563   0.0   0.0   98
 2.675   97.5  90  39  51  -1.563   0.0   0.0  101
 2.725   97.5  90  75  84  -1.563   0.0   0.0  103
 2.750   97.5  90  75  90   1.563   0.0   0.0  102
 2.750  100.0  90  75  84  -1.563   0.0   0.0  104
 2.775   97.5  90  39  57   1.563   0.0   0.0  101
 2.775  100.0  90  39  54   1.563   0.0   0.0  102
 2.800   97.5  90  39  57  -1.563   0.0   0.0  103
 2.800  100.0  90  39  54   1.563   0.0   0.0  103
 2.825   97.5  90  36  54  -1.563   0.0   0.0  103
 2.825  100.0  90  36  54   1.563   0.0   0.0  103
 2.850   97.5  90  36  51  -1.563   0.0   0.0  103
 2.850  100.0  90  36  54  -1.563   0.0   0.0  103
 2.850  102.5  90  36  45  -1.563 210.0  30.0  107
 2.875   97.5  90  36  45   1.563   0.0   0.0  104
 2.875  100.0  90  36  45  -1.563   0.0   0.0  101
 2.900   80.0  90  36  45   1.563  90.0  30.0   68
 2.925   97.5  90  39  48   1.563   0.0   0.0  102
 2.950   97.5  90  39  48   1.563   0.0   0.0  101
 3.025  100.0  90  39  48  -1.563   0.0   0.0  104
 3.050  100.0  90  39  54  -1.563   0.0   0.0  105
 3.075  100.0  90  39  48   1.563   0.0   0.0  104
 3.075  102.5  90  39  48  -1.563   0.0   0.0  105
 3.100  102.5  90  39  48  -1.563   0.0   0.0  103
 3.125  100.0  90  39  54   1.563   0.0   0.0  104
 3.125  102.5  90  39  48  -1.563   0.0   0.0  106
 3.125   80.0 -90  39  51  -1.563  30.0  30.0   91
 3.150   97.5  90  39  48   1.563 330.0  30.0  103
 3.150  100.0  90  39  54   1.563   0.0   0.0  104
 3.175  100.0  90  39  57   1.563   0.0   0.0  105
 3.175  102.5  90  39  54   1.563   0.0   0.0  105
 3.200  100.0  90  39  54  -1.563   0.0   0.0  105
 3.200  102.5  90  39  57  -1.563   0.0   0.0  107
 3.225  100.0  90  39  51   1.563   0.0   0.0  107
 3.225  102.5  90  39  54   1.563   0.0   0.0  106
 3.250  102.5  90  39  54  -1.563   0.0   0.0  107
 3.275  102.5  90  75  90   1.563   0.0   0.0  107
 3.275  105.0  90  75  87  -1.563   0.0   0.0  108
 3.300  102.5  90  75  87  -1.563   0.0   0.0  108
 3.300  105.0  90  75  90   1.563   0.0   0.0  108
 3.325  102.5  90  39  48  -1.563 150.0  30.0  109
 3.325  105.0  90  39  54   1.563   0.0   0.0  109
 3.350  102.5  90  39  48   1.563 330.0  30.0  111
 3.350  105.0  90  39  54   1.563   0.0   0.0  109
 3.375  105.0  90  39  54   1.563   0.0   0.0  109
 3.400  105.0  90  39  54  -1.563   0.0   0.0  109
 3.425  105.0  90  39  57  -1.563   0.0   0.0  108
 3.425  107.5  90  39  51   1.563   0.0   0.0  109
 3.450  105.0  90  39  54   1.563   0.0   0.0  110
 3.450  107.5  90  39  48  -1.563   0.0   0.0  108
 3.475  105.0  90  39  51  -1.563   0.0   0.0  111
 3.475  107.5  90  39  51   1.563 150.0  30.0  111
 3.500  107.5  90  39  48   1.563   0.0   0.0  113
 3.525  107.5  90  39  51   1.563   0.0   0.0  114
 3.525  110.0  90  39  48   1.563   0.0   0.0  115
 3.550  107.5  90  39  48   1.563   0.0   0.0  112
 3.575  110.0  90  39  48  -1.563   0.0   0.0  113
 3.800  105.0  90  39  48   1.563   0.0   0.0  108
 3.825  102.5  90  75  84   1.563   0.0   0.0  107
 3.825  105.0  90  75  87  -1.563   0.0   0.0  106
 3.850  102.5  90  75  87  -1.563   0.0   0.0  107
 3.850  105.0  90  75  84  -1.563   0.0   0.0  107
 3.875  102.5  90  39  54   1.563   0.0   0.0  107
 3.900  100.0  90  39  51  -1.563   0.0   0.0  106
 3.900  102.5  90  39  57  -1.563   0.0   0.0  106
 3.925  100.0  90  75  90  -1.563   0.0   0.0  106
 3.925  102.5  90  75  96  -1.563   0.0   0.0  105
 3.950  100.0  90  75  96   1.563   0.0   0.0  105
 3.950  102.5  90  75  96  -1.563   0.0   0.0  106
 3.975  100.0  90  39  60  -1.563   0.0   0.0  106
 3.975  102.5  90  39  60  -1.563   0.0   0.0  106
 4.000  100.0  90  39  63  -1.563   0.0   0.0  105
 4.000  102.5  90  39  63  -1.563   0.0   0.0  105
 4.025  100.0  90  39  63   1.563   0.0   0.0  105
 4.025  102.5  90  39  60   1.563   0.0   0.0  106
 4.050  100.0  90  39  63  -1.563   0.0   0.0  105
 4.050  102.5  90  39  57  -1.563   0.0   0.0  105
 4.075  100.0  90  39  60   1.563   0.0   0.0  104
 4.075  102.5  90  39  54   1.563   0.0   0.0  105
 4.100  100.0  90  39  60   1.563   0.0   0.0  104
 4.125  100.0  90  39  60   1.563   0.0   0.0  105
 4.125  102.5  90  39  51  -1.563   0.0   0.0  105
 4.150   97.5  90  39  48   1.563   0.0   0.0  104
 4.150  100.0  90  39  63  -1.563   0.0   0.0  105
 4.150  102.5  90  39  54   1.563   0.0   0.0  105
 4.175   97.5  90  39  48   1.563   0.0   0.0  104
 4.175  100.0  90  39  63  -1.563   0.0   0.0  104
 4.175  102.5  90  39  51   1.563   0.0   0.0  104
 4.200   97.5  90  39  51  -1.563   0.0   0.0  104
 4.200  100.0  90  39  60  -1.563   0.0   0.0  104
 4.225   97.5  90  39  51  -1.563   0.0   0.0  103
 4.225  100.0  90  39  63   1.563   0.0   0.0  103
 4.225  102.5  90  39  51  -1.563   0.0   0.0  105
 4.250   97.5  90  39  54   1.563   0.0   0.0  104
 4.250  100.0  90  39  66   1.563   0.0   0.0  104
 4.250  102.5  90  39  54  -1.563   0.0   0.0  105
 4.275   97.5  90  39  54   1.563   0.0   0.0  105
 4.275  100.0  90  39  66  -1.563   0.0   0.0  105
 4.275  102.5  90  39  57  -1.563   0.0   0.0  106
 4.300   97.5  90  39  57   1.563   0.0   0.0  104
 4.300  100.0  90  39  66  -1.563   0.0   0.0  104
 4.300  102.5  90  39  51  -1.563   0.0   0.0  103
 4.325   80.0  90  39  51   1.563  30.0  30.0   67
 4.325   82.5  90  39  51  -1.563  90.0  30.0   73
 4.325   85.0  90  39  48   4.688  90.0  30.0   77
 4.325   87.5  90  39  48   4.688  30.0  30.0   84
 4.325   97.5  90  39  57   1.563   0.0   0.0  102
 4.325  100.0  90  39  66  -1.563   0.0   0.0  102
 4.325  102.5  90  39  48   1.563   0.0   0.0  104
 4.325   80.0 -90  39  51   4.688  30.0  30.0   93
 4.325   82.5 -90  39  48   4.688 330.0  30.0   78
 4.325   85.0 -90  39  51   4.688 270.0  30.0   86
 4.350   80.0  90  39  51   4.688  90.0  30.0   90
 4.350   82.5  90  39  54   4.688  90.0  30.0   94
 4.350   97.5  90  39  60  -1.563   0.0   0.0  104
 4.350  100.0  90  39  69   1.563   0.0   0.0  104
 4.350  102.5  90  39  57   1.563   0.0   0.0  105
 4.350   80.0 -90  39  57   1.563 270.0  30.0   94
 4.350   82.5 -90  39  60   1.563  30.0  30.0   96
 4.350   85.0 -90  39  54   4.688 270.0  30.0   97
 4.350   87.5 -90  39  51   1.563 270.0  30.0   96
 4.350   90.0 -90  39  48  -1.563 270.0  30.0   84
 4.375   80.0  90  39  48  -4.688  90.0  30.0   94
 4.375   97.5  90  39  60   1.563   0.0   0.0  105
 4.375  100.0  90  39  69   1.563   0.0   0.0  105
 4.375  102.5  90  39  57   1.563   0.0   0.0  106
 4.400   97.5  90  39  60  -1.563   0.0   0.0  103
 4.400  100.0  90  39  69  -1.563   0.0   0.0  104
 4.425   97.5  90  39  60   1.563   0.0   0.0  104
 4.425  100.0  90  39  66   1.563   0.0   0.0  105
 4.425  102.5  90  39  51   1.563   0.0   0.0  104
 4.450   97.5  90  39  57   1.563   0.0   0.0  104
 4.450  100.0  90  39  66  -1.563   0.0   0.0  104
 4.475   97.5  90  39  57  -1.563   0.0   0.0  102
 4.475  100.0  90  39  66  -1.563   0.0   0.0  102
 4.475  102.5  90  39  48  -1.563   0.0   0.0   99
 4.500   97.5  90  39  60  -1.563   0.0   0.0  104
 4.500  100.0  90  39  63  -1.563   0.0   0.0  104
 4.500  102.5  90  39  48   1.563   0.0   0.0  104
 4.525   97.5  90  39  57   1.563   0.0   0.0  104
 4.525  100.0  90  39  60  -1.563   0.0   0.0  104
 4.550   97.5  90  39  57  -1.563   0.0   0.0  103
 4.550  100.0  90  39  63  -1.563   0.0   0.0  103
 4.575   97.5  90  39  57   1.563   0.0   0.0  103
 4.575  100.0  90  39  63   1.563   0.0   0.0  104
 4.575  102.5  90  39  48   1.563   0.0   0.0  104
 4.600   97.5  90  39  60  -1.563   0.0   0.0  103
 4.600  100.0  90  39  63  -1.563   0.0   0.0  103
 4.625   97.5  90  39  60  -1.563   0.0   0.0  103
 4.625  100.0  90  39  63   1.563   0.0   0.0  103
 4.650   97.5  90  39  60   1.563   0.0   0.0  103
 4.650  100.0  90  39  63  -1.563   0.0   0.0  103
 4.675   80.0  90  39  60   1.563 150.0  30.0   90
 4.675   82.5  90  39  51   4.688 150.0  30.0   90
 4.675   97.5  90  39  60  -1.563   0.0   0.0  102
 4.675  100.0  90  39  63   1.563   0.0   0.0  101
 4.675   80.0 -90  39  51   1.563  90.0  30.0   85
 4.700   80.0  90  39  48  -1.563 150.0  30.0   93
 4.700   97.5  90  39  60  -1.563   0.0   0.0  103
 4.700  100.0  90  39  63  -1.563   0.0   0.0  103
 4.700   80.0 -90  39  51   1.563  90.0  30.0   86
 4.725   97.5  90  39  60  -1.563   0.0   0.0  105
 4.725  100.0  90  39  63  -1.563   0.0   0.0  105
 4.725  102.5  90  39  48   1.563   0.0   0.0  107
 4.750   97.5  90  39  60  -1.563   0.0   0.0  103
 4.750  100.0  90  39  66   1.563   0.0   0.0  103
 4.750  102.5  90  39  51   1.563   0.0   0.0  105
 4.775   97.5  90  39  63   1.563   0.0   0.0  103
 4.775  100.0  90  39  63  -1.563   0.0   0.0  103
 4.800   97.5  90  39  60  -1.563   0.0   0.0  103
 4.800  100.0  90  39  63  -1.563   0.0   0.0  103
 4.800  105.0 -90  39  48  -1.563   0.0   0.0  111
 4.825   97.5  90  39  63  -1.563   0.0   0.0  102
 4.825  100.0  90  39  66  -1.563   0.0   0.0  102
 4.825  105.0 -90  39  51   1.563   0.0   0.0  108
 4.850   97.5  90  39  63  -1.563   0.0   0.0  103
 4.850  100.0  90  39  66  -1.563   0.0   0.0  103
 4.875   97.5  90  39  60  -1.563   0.0   0.0  104
 4.875  100.0  90  39  66  -1.563   0.0   0.0  105
 4.875  102.5  90  39  48   1.563   0.0   0.0  107
 4.875  105.0 -90  39  48   1.563   0.0   0.0  109
 4.900   97.5  90  39  60  -1.563   0.0   0.0  103
 4.900  100.0  90  39  63   1.563   0.0   0.0  103
 4.900  105.0 -90  39  51  -1.563   0.0   0.0  110
 4.925   97.5  90  39  57  -1.563   0.0   0.0  100
 4.925  100.0  90  39  57   1.563   0.0   0.0  101
 4.925  105.0 -90  39  48  -1.563   0.0   0.0  107
 4.950   97.5  90  39  54   1.563   0.0   0.0  102
 4.975   97.5  90  39  54   1.563   0.0   0.0  109
 4.975  100.0  90  39  54  -1.563   0.0   0.0  109
 4.975  102.5 -90  39  48  -1.563   0.0   0.0  110
 5.025   97.5  90  39  60  -1.563   0.0   0.0  103
 5.025  100.0  90  39  63  -1.563   0.0   0.0  104
 5.050   97.5  90  39  63   1.563   0.0   0.0  103
 5.050  100.0  90  39  63  -1.563   0.0   0.0  103
 5.075   97.5  90  39  60   1.563   0.0   0.0  101
 5.075  100.0  90  39  63  -1.563   0.0   0.0  101
 5.100   97.5  90  39  60   1.563   0.0   0.0  103
 5.100  100.0  90  39  60  -1.563   0.0   0.0  103
 5.100  102.5 -90  39  48  -1.563   0.0   0.0  108
 5.125   97.5  90  39  63   1.563   0.0   0.0  104
 5.125  100.0  90  39  63  -1.563   0.0   0.0  104
 5.125  102.5 -90  39  54  -1.563   0.0   0.0  107
 5.125  105.0 -90  39  48   1.563 210.0  30.0  111
 5.150   97.5  90  39  63  -1.563   0.0   0.0  103
 5.150  100.0  90  39  66  -1.563   0.0   0.0  103
 5.150  102.5 -90  39  54  -1.563   0.0   0.0  107
 5.175   97.5  90  39  66  -1.563   0.0   0.0  103
 5.175  100.0  90  39  66  -1.563   0.0   0.0  104
 5.175  102.5 -90  39  57  -1.563   0.0   0.0  107
 5.175  105.0 -90  39  48  -1.563   0.0   0.0  109
 5.200   97.5  90  39  66   1.563   0.0   0.0  103
 5.200  100.0  90  39  66  -1.563   0.0   0.0  103
 5.200  100.0 -90  39  48   1.563   0.0   0.0  107
 5.200  102.5 -90  39  57   1.563   0.0   0.0  106
 5.225   97.5  90  39  66   1.563   0.0   0.0  103
 5.225  100.0  90  39  66   1.563   0.0   0.0  103
 5.225  100.0 -90  39  48   1.563   0.0   0.0  106
 5.225  102.5 -90  39  57  -1.563   0.0   0.0  106
 5.250   97.5  90  39  66  -1.563   0.0   0.0  103
 5.250  100.0  90  39  66  -1.563   0.0   0.0  103
 5.250  100.0 -90  39  51  -1.563   0.0   0.0  106
 5.250  102.5 -90  39  57  -1.563   0.0   0.0  107
 5.275   97.5  90  39  66   1.563   0.0   0.0  102
 5.275  100.0  90  39  66  -1.563   0.0   0.0  102
 5.275  100.0 -90  39  51  -1.563   0.0   0.0  106
 5.275  102.5 -90  39  60  -1.563   0.0   0.0  105
 5.275  105.0 -90  39  48  -1.563   0.0   0.0  107
 5.300   97.5  90  39  66  -1.563   0.0   0.0  103
 5.300  100.0  90  39  66  -1.563   0.0   0.0  103
 5.300  100.0 -90  39  51   1.563   0.0   0.0  105
 5.300  102.5 -90  39  57   1.563   0.0   0.0  106
 5.325   97.5  90  39  66  -1.563   0.0   0.0  103
 5.325  100.0  90  39  66  -1.563   0.0   0.0  103
 5.325  100.0 -90  39  51  -1.563   0.0   0.0  106
 5.325  102.5 -90  39  51   1.563   0.0   0.0  104
 5.350   97.5  90  39  66   1.563   0.0   0.0  103
 5.350  100.0  90  39  66  -1.563   0.0   0.0  103
 5.350  100.0 -90  39  51  -1.563   0.0   0.0  107
 5.350  102.5 -90  39  57   1.563   0.0   0.0  107
 5.375   97.5  90  39  66  -1.563   0.0   0.0  103
 5.375  100.0  90  39  66   1.563   0.0   0.0  103
 5.375  100.0 -90  39  51  -1.563   0.0   0.0  106
 5.375  102.5 -90  39  57   1.563   0.0   0.0  107
 5.400   97.5  90  39  66  -1.563   0.0   0.0  103
 5.400  100.0  90  39  66  -1.563   0.0   0.0  103
 5.400  100.0 -90  39  51   1.563   0.0   0.0  105
 5.400  102.5 -90  39  51   1.563   0.0   0.0  105
 5.425   97.5  90  39  69   1.563   0.0   0.0  101
 5.425  100.0  90  39  69   1.563   0.0   0.0  101
 5.425  100.0 -90  39  51   1.563   0.0   0.0  104
 5.425  102.5 -90  39  48  -1.563   0.0   0.0  103
 5.450   97.5  90  39  66   1.563   0.0   0.0  103
 5.450  100.0  90  39  66  -1.563   0.0   0.0  103
 5.450  100.0 -90  39  54   1.563   0.0   0.0  106
 5.450  102.5 -90  39  54  -1.563   0.0   0.0  106
 5.475   97.5  90  39  66   1.563   0.0   0.0  104
 5.475  100.0  90  39  69  -1.563   0.0   0.0  104
 5.475  100.0 -90  39  54   1.563   0.0   0.0  107
 5.475  102.5 -90  39  54  -1.563   0.0   0.0  106
 5.500   97.5  90  39  69  -1.563   0.0   0.0  103
 5.500  100.0  90  39  69  -1.563   0.0   0.0  103
 5.500  202.5  90  39  48   1.563   0.0   0.0  208
 5.500  477.5  90  39  48  -1.563   0.0   0.0  481
 5.500  480.0  90  39  51   1.563   0.0   0.0  484
 5.500  482.5  90  39  51   1.563   0.0   0.0  487
 5.500  485.0  90  39  51   1.563   0.0   0.0  489
 5.500  487.5  90  39  51   1.563   0.0   0.0  489
 5.500  100.0 -90  39  54  -1.563   0.0   0.0  106
 5.500  102.5 -90  39  51   1.563   0.0   0.0  104
 5.525   97.5  90  39  69  -1.563   0.0   0.0  104
 5.525  100.0  90  39  69  -1.563   0.0   0.0  104
 5.525  102.5  90  39  48   1.563   0.0   0.0  106
 5.525  202.5  90  39  48   1.563   0.0   0.0  204
 5.525  470.0  90  39  48   1.563   0.0   0.0  476
 5.525  472.5  90  39  54   1.563   0.0   0.0  478
 5.525  475.0  90  39  57   1.563   0.0   0.0  480
 5.525  477.5  90  39  57   1.563   0.0   0.0  482
 5.525  480.0  90  39  57   1.563   0.0   0.0  485
 5.525  482.5  90  39  54   1.563   0.0   0.0  488
 5.525  485.0  90  39  51   1.563   0.0   0.0  488
 5.525  487.5  90  39  48   1.563   0.0   0.0  490
 5.525  687.5  90  39  48  -1.563   0.0   0.0  692
 5.525  690.0  90  39  48   1.563   0.0   0.0  697
 5.525  692.5  90  39  48   1.563   0.0   0.0  697
 5.525  100.0 -90  39  57  -1.563   0.0   0.0  107
 5.525  102.5 -90  39  54  -1.563   0.0   0.0  106
 5.550   97.5  90  39  69  -1.563   0.0   0.0  103
 5.550  100.0  90  39  72  -1.563   0.0   0.0  103
 5.550  102.5  90  39  48   1.563   0.0   0.0  103
 5.550  202.5  90  39  48   1.563   0.0   0.0  206
 5.550  462.5  90  39  48  -1.563   0.0   0.0  467
 5.550  465.0  90  39  54   1.563   0.0   0.0  469
 5.550  467.5  90  39  54   1.563   0.0   0.0  471
 5.550  470.0  90  39  60   1.563   0.0   0.0  474
 5.550  472.5  90  39  60   1.563   0.0   0.0  476
 5.550  475.0  90  39  57   1.563   0.0   0.0  480
 5.550  477.5  90  39  54   1.563   0.0   0.0  482
 5.550  480.0  90  39  51   1.563   0.0   0.0  484
 5.550  100.0 -90  39  60   1.563   0.0   0.0  105
 5.550  102.5 -90  39  57  -1.563   0.0   0.0  106
 5.575   97.5  90  39  69  -1.563   0.0   0.0  101
 5.575  100.0  90  39  72  -1.563   0.0   0.0  101
 5.575  102.5  90  39  51  -1.563   0.0   0.0  101
 5.575  202.5  90  39  48  -1.563   0.0   0.0  205
 5.575  460.0  90  39  54   1.563   0.0   0.0  463
 5.575  462.5  90  39  57   1.563   0.0   0.0  465
 5.575  465.0  90  39  54  -1.563   0.0   0.0  466
 5.575  470.0  90  39  54  -1.563   0.0   0.0  471
 5.575  472.5  90  39  48   1.563   0.0   0.0  476
 5.575  100.0 -90  39  57   1.563   0.0   0.0  103
 5.575  102.5 -90  39  57   1.563   0.0   0.0  103
 5.600   97.5  90  39  66  -1.563   0.0   0.0  104
 5.600  100.0  90  39  72   1.563   0.0   0.0  104
 5.600  102.5  90  39  48   1.563   0.0   0.0  104
 5.600  452.5  90  39  48   1.563   0.0   0.0  457
 5.600  457.5  90  39  51   1.563   0.0   0.0  463
 5.600  460.0  90  39  54  -1.563   0.0   0.0  464
 5.600  462.5  90  39  54   1.563   0.0   0.0  466
 5.600  465.0  90  39  48   1.563   0.0   0.0  467
 5.600  912.5  90  39  48   1.563   0.0   0.0  917
 5.600  920.0  90  39  51  -1.563   0.0   0.0  924
 5.600  100.0 -90  36  60  -1.563   0.0   0.0  105
 5.600  102.5 -90  36  51  -1.563   0.0   0.0  105
 5.625   97.5  90  39  66   1.563   0.0   0.0  104
 5.625  100.0  90  39  72  -1.563   0.0   0.0  105
 5.625  102.5  90  39  54  -1.563   0.0   0.0  106
 5.625  445.0  90  39  48   1.563   0.0   0.0  454
 5.625  447.5  90  39  54  -1.563   0.0   0.0  453
 5.625  450.0  90  39  54   1.563   0.0   0.0  454
 5.625  452.5  90  39  48   1.563   0.0   0.0  457
 5.625  897.5  90  39  48  -1.563   0.0   0.0  901
 5.625  900.0  90  39  48   1.563   0.0   0.0  904
 5.625  902.5  90  39  48  -1.563   0.0   0.0  909
 5.625  905.0  90  39  51  -1.563   0.0   0.0  911
 5.625  910.0  90  39  51  -1.563   0.0   0.0  915
 5.625  912.5  90  39  54  -1.563   0.0   0.0  917
 5.625  915.0  90  39  48   1.563   0.0   0.0  920
 5.625  917.5  90  39  51   1.563   0.0   0.0  922
 5.625  920.0  90  39  51  -1.563   0.0   0.0  925
 5.625  100.0 -90  39  60   1.563   0.0   0.0  106
 5.625  102.5 -90  39  57   1.563   0.0   0.0  107
 5.650   97.5  90  39  60  -1.563   0.0   0.0  103
 5.650  100.0  90  39  66  -1.563   0.0   0.0  104
 5.650  102.5  90  39  54  -1.563   0.0   0.0  104
 5.650  442.5  90  39  54   1.563   0.0   0.0  448
 5.650  445.0  90  39  60   1.563   0.0   0.0  449
 5.650  447.5  90  39  60   1.563   0.0   0.0  451
 5.650  450.0  90  39  54  -1.563   0.0   0.0  453
 5.650  900.0  90  39  51  -1.563   0.0   0.0  902
 5.650  905.0  90  39  54  -1.563   0.0   0.0  909
 5.650  907.5  90  39  51   1.563   0.0   0.0  912
 5.650  910.0  90  39  48   1.563   0.0   0.0  915
 5.650  912.5  90  39  48   1.563   0.0   0.0  918
 5.650  100.0 -90  39  63  -1.563   0.0   0.0  105
 5.650  102.5 -90  39  57   1.563   0.0   0.0  105
 5.675   97.5  90  39  57   1.563   0.0   0.0  103
 5.675  100.0  90  39  63  -1.563   0.0   0.0  104
 5.675  440.0  90  39  54  -1.563   0.0   0.0  445
 5.675  442.5  90  39  63   1.563   0.0   0.0  446
 5.675  445.0  90  39  66   1.563   0.0   0.0  448
 5.675  447.5  90  39  54   1.563   0.0   0.0  449
 5.675  450.0  90  39  48   1.563   0.0   0.0  454
 5.675  902.5  90  39  54   1.563   0.0   0.0  907
 5.675  905.0  90  39  51   1.563   0.0   0.0  908
 5.675  100.0 -90  39  63  -1.563   0.0   0.0  104
 5.675  102.5 -90  39  60  -1.563   0.0   0.0  105
 5.700   97.5  90  36  48   1.563   0.0   0.0  102
 5.700  100.0  90  36  51   1.563   0.0   0.0  104
 5.700  102.5  90  36  45   1.563   0.0   0.0  109
 5.700  220.0  90  36  45   1.563  90.0  30.0  223
 5.700  435.0  90  36  45  -1.563   0.0   0.0  443
 5.700  437.5  90  36  57   1.563   0.0   0.0  443
 5.700  440.0  90  36  63   1.563   0.0   0.0  444
 5.700  442.5  90  36  60   1.563   0.0   0.0  446
 5.700  445.0  90  36  54   1.563   0.0   0.0  447
 5.700  447.5  90  36  51  -1.563   0.0   0.0  451
 5.700  877.5  90  36  45   1.563   0.0   0.0  882
 5.700  885.0  90  36  45  -1.563   0.0   0.0  889
 5.700  890.0  90  36  45   1.563   0.0   0.0  894
 5.700  892.5  90  36  45  -1.563   0.0   0.0  897
 5.700  897.5  90  36  45   1.563   0.0   0.0  902
 5.700  900.0  90  36  45  -1.563   0.0   0.0  901
 5.700  902.5  90  36  45   1.563   0.0   0.0  907
 5.700  100.0 -90  36  60  -1.563   0.0   0.0  105
 5.700  102.5 -90  36  54   1.563   0.0   0.0  105
 5.725  435.0  90  39  57  -1.563   0.0   0.0  441
 5.725  437.5  90  39  66   1.563   0.0   0.0  442
 5.725  440.0  90  39  63   1.563   0.0   0.0  444
 5.725  442.5  90  39  48  -1.563   0.0   0.0  444
 5.725  892.5  90  39  48   1.563   0.0   0.0  896
 5.725  100.0 -90  36  63   1.563   0.0   0.0  105
 5.725  102.5 -90  36  54  -1.563   0.0   0.0  104
 5.750  100.0  90  39  48   1.563   0.0   0.0  105
 5.750  432.5  90  39  60  -1.563   0.0   0.0  438
 5.750  435.0  90  39  66   1.563   0.0   0.0  439
 5.750  437.5  90  39  60  -1.563   0.0   0.0  441
 5.750  440.0  90  39  57  -1.563   0.0   0.0  444
 5.750  442.5  90  39  48  -1.563   0.0   0.0  449
 5.750  445.0  90  39  48   1.563   0.0   0.0  450
 5.750  447.5  90  39  48  -1.563   0.0   0.0  453
 5.750  875.0  90  39  48   1.563   0.0   0.0  879
 5.750  880.0  90  39  48   1.563   0.0   0.0  883
 5.750  882.5  90  39  48  -1.563   0.0   0.0  888
 5.750  885.0  90  39  48  -1.563   0.0   0.0  889
 5.750  887.5  90  39  48  -1.563   0.0   0.0  893
 5.750  100.0 -90  39  63  -1.563   0.0   0.0  104
 5.750  102.5 -90  39  57  -1.563   0.0   0.0  105
 5.775  100.0  90  39  51  -1.563   0.0   0.0  104
 5.775  430.0  90  39  57  -1.563   0.0   0.0  435
 5.775  432.5  90  39  69   1.563   0.0   0.0  436
 5.775  435.0  90  39  69   1.563   0.0   0.0  438
 5.775  437.5  90  39  51  -1.563   0.0   0.0  440
 5.775  440.0  90  39  48  -1.563   0.0   0.0  445
 5.775  442.5  90  39  54  -1.563   0.0   0.0  446
 5.775  445.0  90  39  54   1.563   0.0   0.0  449
 5.775  757.5  90  39  48  -1.563   0.0   0.0  761
 5.775  767.5  90  39  48   1.563   0.0   0.0  773
 5.775  867.5  90  39  48  -1.563   0.0   0.0  872
 5.775  870.0  90  39  51   1.563   0.0   0.0  875
 5.775  872.5  90  39  48   1.563   0.0   0.0  876
 5.775  875.0  90  39  48  -1.563   0.0   0.0  880
 5.775  877.5  90  39  51  -1.563   0.0   0.0  883
 5.775  885.0  90  39  54   1.563   0.0   0.0  890
 5.775  887.5  90  39  48   1.563   0.0   0.0  891
 5.775  100.0 -90  39  66  -1.563   0.0   0.0  104
 5.775  102.5 -90  39  57   1.563   0.0   0.0  104
 5.800  100.0  90  36  48   1.563   0.0   0.0  104
 5.800  427.5  90  36  45   1.563   0.0   0.0  433
 5.800  430.0  90  36  63   1.563   0.0   0.0  435
 5.800  432.5  90  36  66   1.563   0.0   0.0  435
 5.800  435.0  90  36  57   1.563   0.0   0.0  439
 5.800  437.5  90  36  45   1.563 210.0  30.0  431
 5.800  440.0  90  36  51  -1.563   0.0   0.0  445
 5.800  442.5  90  36  45   1.563   0.0   0.0  445
 5.800  755.0  90  36  48   1.563   0.0   0.0  760
 5.800  757.5  90  36  48  -1.563   0.0   0.0  762
 5.800  862.5  90  36  45  -1.563   0.0   0.0  868
 5.800  865.0  90  36  45  -1.563   0.0   0.0  866
 5.800  867.5  90  36  45  -1.563   0.0   0.0  872
 5.800  870.0  90  36  45   1.563   0.0   0.0  872
 5.800  872.5  90  36  45  -1.563   0.0   0.0  874
 5.800  880.0  90  36  45  -1.563   0.0   0.0  884
 5.800  882.5  90  36  48  -1.563   0.0   0.0  887
 5.800  885.0  90  36  45  -1.563   0.0   0.0  890
 5.800   97.5 -90  36  45  -1.563   0.0   0.0  103
 5.800  100.0 -90  36  63  -1.563   0.0   0.0  105
 5.800  102.5 -90  36  57  -1.563   0.0   0.0  105
 5.825  100.0  90  36  45   1.563   0.0   0.0  104
 5.825  427.5  90  36  51   1.563   0.0   0.0  434
 5.825  430.0  90  36  63   1.563   0.0   0.0  434
 5.825  432.5  90  36  60   1.563   0.0   0.0  437
 5.825  435.0  90  36  57  -1.563   0.0   0.0  439
 5.825  437.5  90  36  54   1.563   0.0   0.0  441
 5.825  440.0  90  36  48  -1.563   0.0   0.0  444
 5.825  752.5  90  36  45   1.563   0.0   0.0  756
 5.825  755.0  90  36  45  -1.563   0.0   0.0  759
 5.825  860.0  90  36  45  -1.563   0.0   0.0  864
 5.825  862.5  90  36  51   1.563   0.0   0.0  868
 5.825  865.0  90  36  48   1.563   0.0   0.0  870
 5.825  875.0  90  36  45   1.563   0.0   0.0  879
 5.825  877.5  90  36  45   1.563   0.0   0.0  882
 5.825  880.0  90  36  45  -1.563   0.0   0.0  886
 5.825   97.5 -90  36  45  -1.563   0.0   0.0  103
 5.825  100.0 -90  36  63  -1.563   0.0   0.0  105
 5.825  102.5 -90  36  54  -1.563   0.0   0.0  104
 5.850  425.0  90  39  51   1.563   0.0   0.0  430
 5.850  427.5  90  39  66   1.563   0.0   0.0  432
 5.850  430.0  90  39  66   1.563   0.0   0.0  434
 5.850  432.5  90  39  63  -1.563   0.0   0.0  437
 5.850  435.0  90  39  63  -1.563   0.0   0.0  439
 5.850  437.5  90  39  57  -1.563   0.0   0.0  440
 5.850  440.0  90  39  48   1.563   0.0   0.0  444
 5.850  860.0  90  39  48  -1.563   0.0   0.0  864
 5.850  862.5  90  39  48   1.563   0.0   0.0  867
 5.850  865.0  90  39  48   1.563   0.0   0.0  869
 5.850  872.5  90  39  54   1.563   0.0   0.0  878
 5.850  875.0  90  39  57  -1.563   0.0   0.0  879
 5.850  877.5  90  39  48  -1.563   0.0   0.0  880
 5.850  100.0 -90  39  63  -1.563   0.0   0.0  105
 5.850  102.5 -90  39  51   1.563   0.0   0.0  105
 5.875  425.0  90  39  57   1.563   0.0   0.0  431
 5.875  427.5  90  39  69   1.563   0.0   0.0  433
 5.875  430.0  90  39  57   1.563   0.0   0.0  430
 5.875  432.5  90  39  54  -1.563   0.0   0.0  436
 5.875  435.0  90  39  54  -1.563   0.0   0.0  440
 5.875  855.0  90  39  54   1.563   0.0   0.0  860
 5.875  870.0  90  39  51  -1.563   0.0   0.0  876
 5.875  872.5  90  39  57   1.563   0.0   0.0  878
 5.875  875.0  90  39  51   1.563   0.0   0.0  878
 5.875   97.5 -90  39  48   1.563   0.0   0.0  104
 5.875  100.0 -90  39  63   1.563   0.0   0.0  106
 5.875  102.5 -90  39  54  -1.563   0.0   0.0  106
 5.900  422.5  90  39  48   1.563   0.0   0.0  429
 5.900  425.0  90  39  57   1.563   0.0   0.0  430
 5.900  427.5  90  39  66   1.563   0.0   0.0  431
 5.900  430.0  90  39  57   1.563   0.0   0.0  433
 5.900  432.5  90  39  48  -1.563   0.0   0.0  436
 5.900  435.0  90  39  48  -1.563   0.0   0.0  437
 5.900  852.5  90  39  48   1.563   0.0   0.0  858
 5.900  855.0  90  39  57   1.563   0.0   0.0  859
 5.900  862.5  90  39  48  -1.563   0.0   0.0  865
 5.900  867.5  90  39  48  -1.563   0.0   0.0  872
 5.900  870.0  90  39  57  -1.563   0.0   0.0  875
 5.900  872.5  90  39  51  -1.563   0.0   0.0  877
 5.900   97.5 -90  39  48  -1.563   0.0   0.0  104
 5.900  100.0 -90  39  63   1.563   0.0   0.0  104
 5.900  102.5 -90  39  57   1.563   0.0   0.0  105
 5.925  422.5  90  39  51  -1.563   0.0   0.0  429
 5.925  425.0  90  39  66   1.563   0.0   0.0  430
 5.925  427.5  90  39  63   1.563   0.0   0.0  431
 5.925  430.0  90  39  48   1.563   0.0   0.0  435
 5.925  432.5  90  39  48   1.563   0.0   0.0  436
 5.925  852.5  90  39  51   1.563   0.0   0.0  857
 5.925  855.0  90  39  57   1.563   0.0   0.0  858
 5.925  857.5  90  39  54  -1.563   0.0   0.0  863
 5.925  860.0  90  39  57   1.563   0.0   0.0  864
 5.925  862.5  90  39  48   1.563   0.0   0.0  865
 5.925  867.5  90  39  54  -1.563   0.0   0.0  872
 5.925  870.0  90  39  51  -1.563   0.0   0.0  873
 5.925 1282.5  90  39  51  -1.563   0.0   0.0 1288
 5.925   97.5 -90  39  48  -1.563   0.0   0.0  105
 5.925  100.0 -90  39  66  -1.563   0.0   0.0  105
 5.925  102.5 -90  39  57   1.563   0.0   0.0  105
 5.950  422.5  90  39  54   1.563   0.0   0.0  429
 5.950  425.0  90  39  63   1.563   0.0   0.0  429
 5.950  427.5  90  39  51   1.563   0.0   0.0  432
 5.950  430.0  90  39  51  -1.563   0.0   0.0  434
 5.950  432.5  90  39  48  -1.563   0.0   0.0  435
 5.950  855.0  90  39  51   1.563   0.0   0.0  858
 5.950  857.5  90  39  48   1.563   0.0   0.0  864
 5.950  860.0  90  39  60  -1.563   0.0   0.0  864
 5.950  862.5  90  39  48   1.563   0.0   0.0  856
 5.950  865.0  90  39  54  -1.563   0.0   0.0  870
 5.950  867.5  90  39  51   1.563   0.0   0.0  869
 5.950 1282.5  90  39  48   1.563   0.0   0.0 1287
 5.950   97.5 -90  39  48   1.563   0.0   0.0  104
 5.950  100.0 -90  39  66   1.563   0.0   0.0  104
 5.950  102.5 -90  39  57   1.563   0.0   0.0  105
 5.975  422.5  90  36  51   1.563   0.0   0.0  425
 5.975  425.0  90  36  54  -1.563   0.0   0.0  428
 5.975  427.5  90  36  48  -1.563   0.0   0.0  430
 5.975  430.0  90  36  45  -1.563   0.0   0.0  437
 5.975  432.5  90  36  45   1.563   0.0   0.0  435
 5.975  855.0  90  36  48   1.563   0.0   0.0  857
 5.975  857.5  90  36  54  -1.563   0.0   0.0  861
 5.975  860.0  90  36  57   1.563   0.0   0.0  863
 5.975  862.5  90  36  51   1.563   0.0   0.0  866
 5.975  865.0  90  36  57   1.563   0.0   0.0  868
 5.975  867.5  90  36  45   1.563   0.0   0.0  868
 5.975   97.5 -90  36  48  -1.563   0.0   0.0  103
 5.975  100.0 -90  36  63  -1.563   0.0   0.0  103
 5.975  102.5 -90  36  54   1.563   0.0   0.0  103
 6.000  422.5  90  36  57   1.563   0.0   0.0  427
 6.000  425.0  90  36  60   1.563   0.0   0.0  428
 6.000  427.5  90  36  45   1.563   0.0   0.0  429
 6.000  430.0  90  36  45  -1.563   0.0   0.0  436
 6.000  857.5  90  36  57   1.563   0.0   0.0  862
 6.000  860.0  90  36  54   1.563   0.0   0.0  863
 6.000  862.5  90  36  48  -1.563   0.0   0.0  869
 6.000  865.0  90  36  57  -1.563   0.0   0.0  869
 6.000   97.5 -90  36  48  -1.563   0.0   0.0  105
 6.000  100.0 -90  36  63  -1.563   0.0   0.0  104
 6.000  102.5 -90  36  51   1.563   0.0   0.0  104
 6.025  422.5  90  36  63   1.563   0.0   0.0  427
 6.025  425.0  90  36  60   1.563   0.0   0.0  428
 6.025  855.0  90  36  48   1.563   0.0   0.0  860
 6.025  857.5  90  36  54   1.563   0.0   0.0  863
 6.025  860.0  90  36  51   1.563   0.0   0.0  863
 6.025  862.5  90  36  60  -1.563   0.0   0.0  867
 6.025  865.0  90  36  54  -1.563   0.0   0.0  868
 6.025   97.5 -90  36  48   1.563   0.0   0.0  105
 6.025  100.0 -90  36  63  -1.563   0.0   0.0  104
 6.025  102.5 -90  36  45  -1.563   0.0   0.0  103
 6.050  422.5  90  39  60   1.563   0.0   0.0  427
 6.050  425.0  90  39  54   1.563   0.0   0.0  428
 6.050  857.5  90  39  51   1.563   0.0   0.0  863
 6.050  860.0  90  39  63   1.563   0.0   0.0  865
 6.050  862.5  90  39  66  -1.563   0.0   0.0  866
 6.050  865.0  90  39  54  -1.563   0.0   0.0  868
 6.050   97.5 -90  36  51  -1.563   0.0   0.0  104
 6.050  100.0 -90  36  63  -1.563   0.0   0.0  104
 6.050  102.5 -90  36  54   1.563   0.0   0.0  105
 6.075  422.5  90  39  60   1.563   0.0   0.0  428
 6.075  425.0  90  39  54   1.563   0.0   0.0  428
 6.075  860.0  90  39  60  -1.563   0.0   0.0  866
 6.075  862.5  90  39  63  -1.563   0.0   0.0  867
 6.075   97.5 -90  36  51  -1.563   0.0   0.0  104
 6.075  100.0 -90  36  66  -1.563   0.0   0.0  105
 6.075  102.5 -90  36  57   1.563   0.0   0.0  106
 6.100  422.5  90  36  57   1.563   0.0   0.0  428
 6.100  425.0  90  36  57   1.563   0.0   0.0  428
 6.100  860.0  90  36  54   1.563   0.0   0.0  866
 6.100  862.5  90  36  54   1.563   0.0   0.0  866
 6.100  865.0  90  36  54   1.563   0.0   0.0  868
 6.100  867.5  90  36  45  -1.563   0.0   0.0  873
 6.100   97.5 -90  36  51  -1.563   0.0   0.0  105
 6.100  100.0 -90  36  66  -1.563   0.0   0.0  104
 6.100  102.5 -90  36  54   1.563   0.0   0.0  105
 6.125  422.5  90  36  48   1.563   0.0   0.0  427
 6.125  425.0  90  36  57   1.563   0.0   0.0  429
 6.125  427.5  90  36  51   1.563   0.0   0.0  431
 6.125  860.0  90  36  45  -1.563   0.0   0.0  864
 6.125  865.0  90  36  51  -1.563   0.0   0.0  869
 6.125  867.5  90  36  48   1.563   0.0   0.0  871
 6.125   97.5 -90  36  51   1.563   0.0   0.0  105
 6.125  100.0 -90  36  63  -1.563   0.0   0.0  104
 6.125  102.5 -90  36  51   1.563   0.0   0.0  104
 6.150  425.0  90  36  54  -1.563   0.0   0.0  430
 6.150  862.5  90  36  51   1.563   0.0   0.0  867
 6.150  865.0  90  36  54  -1.563   0.0   0.0  869
 6.150  867.5  90  36  51  -1.563   0.0   0.0  873
 6.150  870.0  90  36  45  -1.563   0.0   0.0  874
 6.150   97.5 -90  36  51   1.563   0.0   0.0  104
 6.150  100.0 -90  36  63  -1.563   0.0   0.0  104
 6.150  102.5 -90  36  51  -1.563   0.0   0.0  105
 6.175  425.0  90  36  54   1.563   0.0   0.0  428
 6.175  430.0  90  36  48   1.563   0.0   0.0  432
 6.175  862.5  90  36  45   1.563   0.0   0.0  866
 6.175  865.0  90  36  51  -1.563   0.0   0.0  869
 6.175  867.5  90  36  48  -1.563   0.0   0.0  871
 6.175  870.0  90  36  45   1.563   0.0   0.0  872
 6.175   97.5 -90  36  51  -1.563   0.0   0.0  104
 6.175  100.0 -90  36  60   1.563   0.0   0.0  103
 6.175  102.5 -90  36  48   1.563   0.0   0.0  103
 6.200  425.0  90  36  48   1.563   0.0   0.0  429
 6.200  427.5  90  36  48   1.563   0.0   0.0  431
 6.200  865.0  90  36  45  -1.563   0.0   0.0  871
 6.200  867.5  90  36  54   1.563   0.0   0.0  872
 6.200  870.0  90  36  51   1.563   0.0   0.0  874
 6.200  872.5  90  36  45  -1.563   0.0   0.0  876
 6.200   97.5 -90  33  48  -1.563   0.0   0.0  105
 6.200  100.0 -90  33  60  -1.563   0.0   0.0  104
 6.200  102.5 -90  33  45  -1.563   0.0   0.0  103
 6.225  425.0  90  33  48   1.563   0.0   0.0  431
 6.225  427.5  90  33  51   1.563   0.0   0.0  432
 6.225  430.0  90  33  42  -1.563   0.0   0.0  432
 6.225  432.5  90  33  42  -1.563   0.0   0.0  438
 6.225  867.5  90  33  48   1.563   0.0   0.0  874
 6.225  870.0  90  33  57   1.563   0.0   0.0  875
 6.225  872.5  90  33  54   1.563   0.0   0.0  877
 6.225  875.0  90  33  45   1.563   0.0   0.0  879
 6.225   97.5 -90  33  48   1.563   0.0   0.0  106
 6.225  100.0 -90  33  60  -1.563   0.0   0.0  105
 6.225  102.5 -90  33  48   1.563   0.0   0.0  105
 6.250  427.5  90  36  54   1.563   0.0   0.0  432
 6.250  430.0  90  36  54   1.563   0.0   0.0  433
 6.250  432.5  90  36  45  -1.563   0.0   0.0  436
 6.250  870.0  90  36  51   1.563   0.0   0.0  876
 6.250  872.5  90  36  57   1.563   0.0   0.0  877
 6.250  875.0  90  36  51   1.563   0.0   0.0  878
 6.250   97.5 -90  36  51  -1.563   0.0   0.0  104
 6.250  100.0 -90  36  63  -1.563   0.0   0.0  104
 6.250  102.5 -90  36  51   1.563   0.0   0.0  105
 6.275  427.5  90  36  48   1.563   0.0   0.0  432
 6.275  430.0  90  36  54   1.563   0.0   0.0  433
 6.275  435.0  90  36  45  -1.563   0.0   0.0  443
 6.275  872.5  90  36  48  -1.563   0.0   0.0  879
 6.275  875.0  90  36  57   1.563   0.0   0.0  880
 6.275  877.5  90  36  54  -1.563   0.0   0.0  882
 6.275  880.0  90  36  45  -1.563   0.0   0.0  884
 6.275   97.5 -90  36  51  -1.563   0.0   0.0  103
 6.275  100.0 -90  36  63  -1.563   0.0   0.0  105
 6.275  102.5 -90  36  51  -1.563   0.0   0.0  105
 6.300  430.0  90  36  51   1.563   0.0   0.0  435
 6.300  432.5  90  36  51   1.563   0.0   0.0  435
 6.300  875.0  90  36  51   1.563   0.0   0.0  880
 6.300  877.5  90  36  60  -1.563   0.0   0.0  882
 6.300  880.0  90  36  54  -1.563   0.0   0.0  884
 6.300  882.5  90  36  45  -1.563   0.0   0.0  885
 6.300   97.5 -90  36  48  -1.563   0.0   0.0  104
 6.300  100.0 -90  36  63  -1.563   0.0   0.0  104
 6.300  102.5 -90  36  51  -1.563   0.0   0.0  105
 6.325  430.0  90  36  45  -1.563   0.0   0.0  434
 6.325  432.5  90  36  54  -1.563   0.0   0.0  436
 6.325  435.0  90  36  48   1.563   0.0   0.0  437
 6.325  877.5  90  36  51   1.563   0.0   0.0  881
 6.325  880.0  90  36  54  -1.563   0.0   0.0  883
 6.325  882.5  90  36  51  -1.563   0.0   0.0  885
 6.325   97.5 -90  36  48  -1.563   0.0   0.0  103
 6.325  100.0 -90  36  63  -1.563   0.0   0.0  103
 6.325  102.5 -90  36  48  -1.563   0.0   0.0  104
 6.350  432.5  90  36  51   1.563   0.0   0.0  438
 6.350  435.0  90  36  54   1.563   0.0   0.0  439
 6.350  437.5  90  36  45   1.563   0.0   0.0  440
 6.350  882.5  90  36  45   1.563   0.0   0.0  887
 6.350  885.0  90  36  45   1.563   0.0   0.0  888
 6.350   97.5 -90  36  48  -1.563   0.0   0.0  103
 6.350  100.0 -90  36  60  -1.563   0.0   0.0  104
 6.350  102.5 -90  36  48  -1.563   0.0   0.0  104
 6.375  432.5  90  36  48   1.563   0.0   0.0  439
 6.375  435.0  90  36  57   1.563   0.0   0.0  441
 6.375  437.5  90  36  51   1.563   0.0   0.0  442
 6.375   97.5 -90  36  45   1.563   0.0   0.0  105
 6.375  100.0 -90  36  60  -1.563   0.0   0.0  105
 6.375  102.5 -90  36  48  -1.563   0.0   0.0  105
 6.400  435.0  90  36  51   1.563   0.0   0.0  440
 6.400  437.5  90  36  57   1.563   0.0   0.0  441
 6.400  440.0  90  36  54   1.563   0.0   0.0  443
 6.400  445.0  90  36  45   1.563   0.0   0.0  448
 6.400  890.0  90  36  45   1.563   0.0   0.0  891
 6.400   97.5 -90  36  45   1.563   0.0   0.0  105
 6.400  100.0 -90  36  57  -1.563   0.0   0.0  104
 6.400  102.5 -90  36  48   1.563   0.0   0.0  104
 6.400  507.5 -90  36  45  -1.563   0.0   0.0  513
 6.425  437.5  90  36  51   1.563   0.0   0.0  443
 6.425  440.0  90  36  60   1.563   0.0   0.0  443
 6.425  442.5  90  36  57   1.563   0.0   0.0  444
 6.425  897.5  90  36  45   1.563   0.0   0.0  899
 6.425  100.0 -90  36  54   1.563   0.0   0.0  104
 6.425  102.5 -90  36  45  -1.563   0.0   0.0  103
 6.425  502.5 -90  36  45   1.563   0.0   0.0  505
 6.450  440.0  90  36  54   1.563   0.0   0.0  445
 6.450  442.5  90  36  63   1.563   0.0   0.0  446
 6.450  445.0  90  36  57   1.563   0.0   0.0  448
 6.450  100.0 -90  33  45  -1.563   0.0   0.0  105
 6.450  102.5 -90  33  42  -1.563   0.0   0.0  106
 6.450  500.0 -90  33  42   1.563   0.0   0.0  505
 6.475  440.0  90  36  48  -1.563   0.0   0.0  448
 6.475  442.5  90  36  63   1.563   0.0   0.0  448
 6.475  445.0  90  36  63   1.563   0.0   0.0  450
 6.475  447.5  90  36  54   1.563   0.0   0.0  451
 6.475  450.0  90  36  45   1.563   0.0   0.0  453
 6.475  495.0 -90  33  42   1.563   0.0   0.0  500
 6.500  442.5  90  36  54   1.563   0.0   0.0  448
 6.500  445.0  90  36  63   1.563   0.0   0.0  449
 6.500  447.5  90  36  66   1.563   0.0   0.0  451
 6.500  450.0  90  36  57   1.563   0.0   0.0  452
 6.500  452.5  90  36  45   1.563   0.0   0.0  457
 6.500  492.5 -90  36  45   1.563   0.0   0.0  498
 6.500  495.0 -90  36  45   1.563   0.0   0.0  499
 6.525  445.0  90  36  51   1.563   0.0   0.0  450
 6.525  447.5  90  36  63   1.563   0.0   0.0  451
 6.525  450.0  90  36  63   1.563   0.0   0.0  453
 6.525  452.5  90  36  54   1.563   0.0   0.0  454
 6.525  490.0 -90  33  42   1.563   0.0   0.0  493
 6.525  492.5 -90  33  42  -1.563   0.0   0.0  497
 6.550  445.0  90  33  42  -1.563   0.0   0.0  452
 6.550  447.5  90  33  48   1.563   0.0   0.0  453
 6.550  450.0  90  33  57   1.563   0.0   0.0  454
 6.550  452.5  90  33  60   1.563   0.0   0.0  456
 6.550  455.0  90  33  54   1.563   0.0   0.0  458
 6.550  457.5  90  33  48  -1.563   0.0   0.0  459
 6.575  452.5  90  33  51   1.563   0.0   0.0  458
 6.575  455.0  90  33  57   1.563   0.0   0.0  460
 6.575  457.5  90  33  57   1.563   0.0   0.0  462
 6.575  460.0  90  33  48   1.563   0.0   0.0  463
 6.575  930.0  90  33  42  -1.563   0.0   0.0  937
 6.600  455.0  90  36  45   1.563   0.0   0.0  461
 6.600  457.5  90  36  57   1.563   0.0   0.0  462
 6.600  460.0  90  36  60   1.563   0.0   0.0  464
 6.600  462.5  90  36  57   1.563   0.0   0.0  466
 6.600  465.0  90  36  45   1.563   0.0   0.0  466
 6.600  932.5  90  36  45   1.563   0.0   0.0  936
 6.625  457.5  90  36  45   1.563   0.0   0.0  463
 6.625  460.0  90  36  57   1.563   0.0   0.0  465
 6.625  462.5  90  36  63   1.563   0.0   0.0  466
 6.625  465.0  90  36  60   1.563   0.0   0.0  468
 6.625  467.5  90  36  54   1.563   0.0   0.0  470
 6.650  460.0  90  33  42   1.563   0.0   0.0  465
 6.650  462.5  90  33  51   1.563   0.0   0.0  467
 6.650  465.0  90  33  60   1.563   0.0   0.0  469
 6.650  467.5  90  33  60   1.563   0.0   0.0  471
 6.650  470.0  90  33  54   1.563   0.0   0.0  474
 6.650  472.5  90  33  51   1.563   0.0   0.0  476
 6.675  465.0  90  33  45  -1.563   0.0   0.0  472
 6.675  467.5  90  33  54   1.563   0.0   0.0  472
 6.675  470.0  90  33  57   1.563   0.0   0.0  474
 6.675  472.5  90  33  54   1.563   0.0   0.0  476
 6.675  475.0  90  33  48   1.563   0.0   0.0  478
 6.700  472.5  90  36  48   1.563   0.0   0.0  476
 6.700  475.0  90  36  48   1.563   0.0   0.0  479
 6.700  477.5  90  36  51   1.563   0.0   0.0  482
 6.700  480.0  90  36  48   1.563   0.0   0.0  484
 6.725  477.5  90  36  51   1.563   0.0   0.0  482
 6.725  480.0  90  36  54   1.563   0.0   0.0  483
 6.725  482.5  90  36  54   1.563   0.0   0.0  485
 6.725  485.0  90  36  45   1.563   0.0   0.0  487
 6.725  487.5  90  36  51   1.563   0.0   0.0  492
 6.725  490.0  90  36  51   1.563   0.0   0.0  493
 6.750  480.0  90  36  45   1.563   0.0   0.0  482
 6.750  482.5  90  36  45  -1.563   0.0   0.0  490
 6.750  485.0  90  36  51   1.563   0.0   0.0  489
 6.750  487.5  90  36  57   1.563   0.0   0.0  491
 6.750  490.0  90  36  57   1.563   0.0   0.0  494
 6.750  492.5  90  36  51   1.563   0.0   0.0  495
 6.775  487.5  90  36  45   1.563   0.0   0.0  495
 6.775  490.0  90  36  51   1.563   0.0   0.0  495
 6.775  492.5  90  36  51   1.563   0.0   0.0  497
 6.775  495.0  90  36  51   1.563   0.0   0.0  500
 6.775  497.5  90  36  54   1.563   0.0   0.0  502
 6.775  500.0  90  36  54   1.563   0.0   0.0  505
 6.775  502.5  90  36  48   1.563   0.0   0.0  508
 6.775  505.0  90  36  45   1.563   0.0   0.0  510
 6.775  477.5 -90  33  48  -1.563   0.0   0.0  483
 6.800  495.0  90  36  48   1.563   0.0   0.0  499
 6.800  497.5  90  36  54   1.563   0.0   0.0  502
 6.800  500.0  90  36  57   1.563   0.0   0.0  503
 6.800  502.5  90  36  51   1.563   0.0   0.0  506
 6.800  505.0  90  36  48   1.563   0.0   0.0  512
 6.800  507.5  90  36  54   1.563   0.0   0.0  511
 6.800  510.0  90  36  51   1.563   0.0   0.0  514
 6.800  477.5 -90  36  45   1.563   0.0   0.0  482
 6.825  500.0  90  36  45   1.563   0.0   0.0  503
 6.825  502.5  90  36  45   1.563   0.0   0.0  506
 6.825  505.0  90  36  51   1.563   0.0   0.0  510
 6.825  507.5  90  36  57   1.563   0.0   0.0  511
 6.825  510.0  90  36  54   1.563   0.0   0.0  513
 6.825  512.5  90  36  48   1.563   0.0   0.0  516
 6.825  515.0  90  36  51   1.563   0.0   0.0  518
 6.825  517.5  90  36  48  -1.563   0.0   0.0  521
 6.825  520.0  90  36  45  -1.563   0.0   0.0  522
 6.850  512.5  90  36  45   1.563   0.0   0.0  518
 6.850  515.0  90  36  48   1.563   0.0   0.0  519
 6.850  517.5  90  36  51   1.563   0.0   0.0  522
 6.850  520.0  90  36  45   1.563   0.0   0.0  524
 6.850  522.5  90  36  51   1.563   0.0   0.0  527
 6.850  525.0  90  36  51   1.563   0.0   0.0  528
 6.850  527.5  90  36  51   1.563   0.0   0.0  531
 6.850  530.0  90  36  45   1.563   0.0   0.0  534
 6.850  475.0 -90  36  45   1.563   0.0   0.0  480
 6.875  522.5  90  36  48   1.563   0.0   0.0  529
 6.875  525.0  90  36  54   1.563   0.0   0.0  530
 6.875  527.5  90  36  54   1.563   0.0   0.0  532
 6.875  530.0  90  36  54   1.563   0.0   0.0  535
 6.875  532.5  90  36  51   1.563   0.0   0.0  537
 6.875  535.0  90  36  51   1.563   0.0   0.0  540
 6.875  537.5  90  36  51  -1.563   0.0   0.0  543
 6.875  540.0  90  36  48  -1.563   0.0   0.0  545
 6.875  545.0  90  36  45   1.563   0.0   0.0  550
 6.875  547.5  90  36  45   1.563   0.0   0.0  552
 6.875  475.0 -90  36  45   1.563   0.0   0.0  481
 6.875  477.5 -90  36  45  -1.563   0.0   0.0  482
 6.900  530.0  90  36  45   1.563   0.0   0.0  535
 6.900  532.5  90  36  45   1.563   0.0   0.0  537
 6.900  535.0  90  36  51   1.563   0.0   0.0  540
 6.900  537.5  90  36  51   1.563   0.0   0.0  542
 6.900  540.0  90  36  51   1.563   0.0   0.0  545
 6.900  542.5  90  36  54   1.563   0.0   0.0  547
 6.900  545.0  90  36  60   1.563   0.0   0.0  549
 6.900  547.5  90  36  60   1.563   0.0   0.0  551
 6.900  550.0  90  36  57   1.563   0.0   0.0  554
 6.900  552.5  90  36  54   1.563   0.0   0.0  557
 6.900  555.0  90  36  51   1.563   0.0   0.0  559
 6.900  557.5  90  36  45  -1.563   0.0   0.0  562
 6.900  560.0  90  36  45  -1.563   0.0   0.0  563
 6.900  477.5 -90  36  45   1.563   0.0   0.0  482
 6.925  545.0  90  39  54   1.563   0.0   0.0  551
 6.925  547.5  90  39  57   1.563   0.0   0.0  552
 6.925  550.0  90  39  60   1.563   0.0   0.0  555
 6.925  552.5  90  39  60   1.563   0.0   0.0  557
 6.925  555.0  90  39  60   1.563   0.0   0.0  559
 6.925  557.5  90  39  57   1.563   0.0   0.0  562
 6.925  560.0  90  39  54   1.563   0.0   0.0  564
 6.925  562.5  90  39  54   1.563   0.0   0.0  567
 6.925  565.0  90  39  51   1.563   0.0   0.0  571
 6.925  567.5  90  39  48   1.563   0.0   0.0  573
 6.925  570.0  90  39  51   1.563   0.0   0.0  575
 6.925  575.0  90  39  48   1.563   0.0   0.0  581
 6.950  555.0  90  39  48   1.563   0.0   0.0  558
 6.950  557.5  90  39  48   1.563   0.0   0.0  561
 6.950  567.5  90  39  51   1.563   0.0   0.0  572
 6.950  570.0  90  39  54   1.563   0.0   0.0  574
 6.950  572.5  90  39  54   1.563   0.0   0.0  576
 6.950  575.0  90  39  54   1.563   0.0   0.0  579
 6.950  577.5  90  39  51   1.563   0.0   0.0  581
 6.950  580.0  90  39  51   1.563   0.0   0.0  584
 6.950  582.5  90  39  51   1.563   0.0   0.0  586
 6.950  585.0  90  39  54   1.563   0.0   0.0  589
 6.950  587.5  90  39  51   1.563   0.0   0.0  591
 6.950  590.0  90  39  48   1.563   0.0   0.0  596
 6.950  592.5  90  39  48   1.563   0.0   0.0  596
 6.950  595.0  90  39  48   1.563   0.0   0.0  599
 6.950  597.5  90  39  48   1.563   0.0   0.0  602
 6.950 1155.0  90  39  48   1.563   0.0   0.0 1158
 6.950 1157.5  90  39  48  -1.563   0.0   0.0 1162
 6.950 1160.0  90  39  48  -1.563   0.0   0.0 1165
 6.950 1162.5  90  39  48  -1.563   0.0   0.0 1167
 6.950  475.0 -90  39  51   1.563   0.0   0.0  480
 6.975  582.5  90  39  48   1.563   0.0   0.0  587
 6.975  585.0  90  39  51   1.563   0.0   0.0  589
 6.975  587.5  90  39  54   1.563   0.0   0.0  592
 6.975  590.0  90  39  48   1.563   0.0   0.0  595
 6.975  592.5  90  39  51   1.563   0.0   0.0  597
 6.975  595.0  90  39  54   1.563   0.0   0.0  599
 6.975  597.5  90  39  54   1.563   0.0   0.0  602
 6.975  600.0  90  39  57   1.563   0.0   0.0  605
 6.975  602.5  90  39  57   1.563   0.0   0.0  607
 6.975  605.0  90  39  54   1.563   0.0   0.0  609
 6.975  607.5  90  39  51   1.563   0.0   0.0  612
 6.975  610.0  90  39  51  -1.563   0.0   0.0  614
 6.975  612.5  90  39  51   1.563   0.0   0.0  617
 6.975  615.0  90  39  51   1.563   0.0   0.0  619
 6.975  617.5  90  39  48  -1.563   0.0   0.0  622
 6.975  620.0  90  39  51  -1.563   0.0   0.0  624
 6.975  622.5  90  39  51  -1.563   0.0   0.0  626
 6.975  625.0  90  39  48  -1.563   0.0   0.0  629
 6.975  627.5  90  39  48   1.563   0.0   0.0  632
 6.975 1157.5  90  39  48   1.563   0.0   0.0 1162
 6.975 1160.0  90  39  48   1.563   0.0   0.0 1165
 6.975 1162.5  90  39  48  -1.563   0.0   0.0 1167
 6.975  475.0 -90  36  48   1.563   0.0   0.0  482
 6.975  477.5 -90  36  54  -1.563   0.0   0.0  483
 6.975  480.0 -90  36  45  -1.563   0.0   0.0  484
 7.000  597.5  90  39  48  -1.563   0.0   0.0  601
 7.000  600.0  90  39  51   1.563   0.0   0.0  606
 7.000  602.5  90  39  51   1.563   0.0   0.0  607
 7.000  605.0  90  39  51   1.563   0.0   0.0  607
 7.000  607.5  90  39  51  -1.563   0.0   0.0  610
 7.000  612.5  90  39  54  -1.563   0.0   0.0  617
 7.000  615.0  90  39  54  -1.563   0.0   0.0  619
 7.000  617.5  90  39  54   1.563   0.0   0.0  622
 7.000  620.0  90  39  54   1.563   0.0   0.0  624
 7.000  622.5  90  39  54   1.563   0.0   0.0  627
 7.000  625.0  90  39  57   1.563   0.0   0.0  629
 7.000  627.5  90  39  57  -1.563   0.0   0.0  632
 7.000  630.0  90  39  54   1.563   0.0   0.0  634
 7.000  632.5  90  39  54   1.563   0.0   0.0  636
 7.000  635.0  90  39  57   1.563   0.0   0.0  639
 7.000  637.5  90  39  57   1.563   0.0   0.0  641
 7.000  640.0  90  39  54   1.563   0.0   0.0  643
 7.000  642.5  90  39  51   1.563   0.0   0.0  645
 7.000  645.0  90  39  51   1.563   0.0   0.0  649
 7.000  647.5  90  39  51  -1.563   0.0   0.0  652
 7.000  650.0  90  39  51  -1.563   0.0   0.0  654
 7.000  652.5  90  39  48  -1.563   0.0   0.0  656
 7.000  655.0  90  39  48   1.563   0.0   0.0  658
 7.000  477.5 -90  39  51  -1.563   0.0   0.0  484
 7.000  480.0 -90  39  51  -1.563   0.0   0.0  484
 7.025  622.5  90  42  51  -1.563 210.0  30.0  619
 7.025  625.0  90  42  51   1.563  30.0  30.0  634
 7.025  627.5  90  42  54  -1.563   0.0   0.0  635
 7.025  632.5  90  42  54  -1.563 210.0  30.0  637
 7.025  635.0  90  42  57   1.563 210.0  30.0  640
 7.025  637.5  90  42  57   1.563 210.0  30.0  641
 7.025  640.0  90  42  54   1.563 210.0  30.0  641
 7.025  642.5  90  42  54   1.563 210.0  30.0  648
 7.025  645.0  90  42  54   1.563 210.0  30.0  650
 7.025  647.5  90  42  57   1.563 210.0  30.0  651
 7.025  650.0  90  42  54  -1.563 210.0  30.0  655
 7.025  652.5  90  42  54  -1.563 210.0  30.0  659
 7.025  655.0  90  42  54   1.563  30.0  30.0  656
 7.025  657.5  90  42  54   1.563 210.0  30.0  667
 7.025  660.0  90  42  54   1.563 210.0  30.0  664
 7.025  662.5  90  42  54   1.563 210.0  30.0  667
 7.025  670.0  90  42  51   1.563 210.0  30.0  679
 7.025  672.5  90  42  51   1.563 210.0  30.0  677
 7.025  675.0  90  42  54   1.563 210.0  30.0  682
 7.025  677.5  90  42  54   1.563 210.0  30.0  685
 7.025  680.0  90  42  54   1.563 210.0  30.0  684
 7.025  682.5  90  42  51   1.563 210.0  30.0  686
 7.025  685.0  90  42  51   1.563 210.0  30.0  691
 7.025  687.5  90  42  51   1.563 210.0  30.0  692
 7.025  477.5 -90  42  54  -1.563   0.0   0.0  486
 7.025  480.0 -90  42  57   1.563   0.0   0.0  488
 7.050  675.0  90  39  51  -1.563   0.0   0.0  680
 7.050  677.5  90  39  51  -1.563   0.0   0.0  681
 7.050  710.0  90  39  48  -1.563   0.0   0.0  717
 7.050  725.0  90  39  48   1.563   0.0   0.0  729
 7.050  742.5  90  39  48   1.563   0.0   0.0  748
 7.050  760.0  90  39  48   1.563   0.0   0.0  765
 7.050  482.5 -90  39  51   1.563   0.0   0.0  487
 7.075  760.0  90  39  48   1.563   0.0   0.0  764
 7.075  762.5  90  39  48   1.563   0.0   0.0  768
 7.075  770.0  90  39  48  -1.563   0.0   0.0  775
 7.075  772.5  90  39  48   1.563   0.0   0.0  777
 7.075  777.5  90  39  48  -1.563   0.0   0.0  780
 7.075  782.5  90  39  48  -1.563   0.0   0.0  784
 7.075  785.0  90  39  51   1.563   0.0   0.0  790
 7.075  787.5  90  39  51   1.563   0.0   0.0  790
 7.075  790.0  90  39  51   1.563   0.0   0.0  794
 7.075  792.5  90  39  51  -1.563   0.0   0.0  795
 7.075  795.0  90  39  51  -1.563   0.0   0.0  799
 7.075  800.0  90  39  48   1.563   0.0   0.0  803
 7.075  820.0  90  39  48   1.563   0.0   0.0  821
 7.075  830.0  90  39  48   1.563   0.0   0.0  835
 7.075  842.5  90  39  48   1.563   0.0   0.0  844
 7.075  862.5  90  39  51  -1.563   0.0   0.0  865
 7.075  877.5  90  39  48   1.563   0.0   0.0  882
 7.075  880.0  90  39  51   1.563   0.0   0.0  882
 7.075  882.5  90  39  48  -1.563   0.0   0.0  887
 7.075  892.5  90  39  51   1.563   0.0   0.0  896
 7.075  895.0  90  39  51   1.563   0.0   0.0  898
 7.075  900.0  90  39  48  -1.563   0.0   0.0  903
 7.075  905.0  90  39  48   1.563   0.0   0.0  911
 7.075  907.5  90  39  48  -1.563   0.0   0.0  911
 7.075  930.0  90  39  48   1.563   0.0   0.0  934
 7.075  932.5  90  39  51   1.563   0.0   0.0  937
 7.075  942.5  90  39  48  -1.563   0.0   0.0  946
 7.075  945.0  90  39  51   1.563   0.0   0.0  949
 7.075  947.5  90  39  51   1.563   0.0   0.0  950
 7.075  955.0  90  39  48  -1.563   0.0   0.0  959
 7.075  482.5 -90  39  51  -1.563   0.0   0.0  488
 7.075  485.0 -90  39  48  -1.563   0.0   0.0  487
 7.100  772.5  90  42  51   1.563   0.0   0.0  776
 7.100  775.0  90  42  51   1.563   0.0   0.0  779
 7.100  777.5  90  42  51   1.563   0.0   0.0  781
 7.100  785.0  90  42  51   1.563   0.0   0.0  789
 7.100  787.5  90  42  54   1.563   0.0   0.0  791
 7.100  790.0  90  42  54   1.563   0.0   0.0  794
 7.100  792.5  90  42  54   1.563   0.0   0.0  797
 7.100  795.0  90  42  54   1.563   0.0   0.0  799
 7.100  797.5  90  42  51   1.563   0.0   0.0  800
 7.100  812.5  90  42  51   1.563   0.0   0.0  817
 7.100  877.5  90  42  51   1.563   0.0   0.0  882
 7.100  880.0  90  42  54   1.563   0.0   0.0  883
 7.100  882.5  90  42  51   1.563   0.0   0.0  886
 7.100  890.0  90  42  51   1.563   0.0   0.0  894
 7.100  892.5  90  42  54   1.563   0.0   0.0  897
 7.100  895.0  90  42  54   1.563   0.0   0.0  899
 7.100  897.5  90  42  51   1.563   0.0   0.0  900
 7.100  907.5  90  42  54   1.563   0.0   0.0  911
 7.100  910.0  90  42  51  -1.563   0.0   0.0  913
 7.100  912.5  90  42  51  -1.563   0.0   0.0  917
 7.100  932.5  90  42  51   1.563   0.0   0.0  936
 7.100  945.0  90  42  51  -1.563   0.0   0.0  950
 7.100  947.5  90  42  51   1.563   0.0   0.0  951
 7.100  955.0  90  42  51  -1.563   0.0   0.0  958
 7.100  962.5  90  42  51   1.563   0.0   0.0  967
 7.100  965.0  90  42  51   1.563   0.0   0.0  970
 7.100  967.5  90  42  51  -1.563   0.0   0.0  972
 7.100  482.5 -90  39  57   1.563   0.0   0.0  488
 7.100  485.0 -90  39  57  -1.563   0.0   0.0  489
 7.125  482.5 -90  39  54  -1.563   0.0   0.0  487
 7.125  485.0 -90  39  60  -1.563   0.0   0.0  489
 7.125  487.5 -90  39  51  -1.563   0.0   0.0  490
 7.150  487.5 -90  39  57   1.563   0.0   0.0  492
 7.175  487.5 -90  39  63  -1.563   0.0   0.0  492
 7.175  490.0 -90  39  60  -1.563   0.0   0.0  493
 7.175  492.5 -90  39  48   1.563   0.0   0.0  494
 7.200  485.0 -90  39  51  -1.563   0.0   0.0  492
 7.200  487.5 -90  39  60   1.563   0.0   0.0  492
 7.200  490.0 -90  39  66  -1.563   0.0   0.0  495
 7.200  492.5 -90  39  60  -1.563   0.0   0.0  496
 7.225  487.5 -90  39  51  -1.563   0.0   0.0  491
 7.225  490.0 -90  39  60  -1.563   0.0   0.0  495
 7.225  492.5 -90  39  66  -1.563   0.0   0.0  497
 7.225  495.0 -90  39  60  -1.563   0.0   0.0  498
 7.250  480.0 -90  39  48  -1.563   0.0   0.0  486
 7.250  490.0 -90  39  51  -1.563   0.0   0.0  497
 7.250  492.5 -90  39  63  -1.563   0.0   0.0  498
 7.250  495.0 -90  39  69  -1.563   0.0   0.0  499
 7.250  497.5 -90  39  63  -1.563   0.0   0.0  501
 7.250  500.0 -90  39  51  -1.563   0.0   0.0  503
 7.275  492.5 -90  39  54   1.563   0.0   0.0  498
 7.275  495.0 -90  39  60  -1.563   0.0   0.0  501
 7.275  497.5 -90  39  66  -1.563   0.0   0.0  502
 7.275  500.0 -90  39  63  -1.563   0.0   0.0  504
 7.275  502.5 -90  39  51   1.563   0.0   0.0  505
 7.300  490.0 -90  39  48   1.563   0.0   0.0  495
 7.300  495.0 -90  39  51  -1.563   0.0   0.0  501
 7.300  497.5 -90  39  60   1.563   0.0   0.0  504
 7.300  500.0 -90  39  69  -1.563   0.0   0.0  505
 7.300  502.5 -90  39  66  -1.563   0.0   0.0  506
 7.300  505.0 -90  39  57  -1.563   0.0   0.0  508
 7.325  490.0 -90  39  48   1.563   0.0   0.0  496
 7.325  492.5 -90  39  48  -1.563   0.0   0.0  498
 7.325  497.5 -90  39  51  -1.563   0.0   0.0  504
 7.325  500.0 -90  39  60  -1.563   0.0   0.0  507
 7.325  502.5 -90  39  66  -1.563   0.0   0.0  508
 7.325  505.0 -90  39  66  -1.563   0.0   0.0  510
 7.325  507.5 -90  39  60  -1.563   0.0   0.0  512
 7.325  510.0 -90  39  48   1.563   0.0   0.0  513
 7.350  495.0 -90  39  51   1.563   0.0   0.0  498
 7.350  500.0 -90  39  48  -1.563   0.0   0.0  505
 7.350  502.5 -90  39  48   1.563   0.0   0.0  502
 7.350  505.0 -90  39  63  -1.563   0.0   0.0  510
 7.350  507.5 -90  39  66  -1.563   0.0   0.0  512
 7.350  510.0 -90  39  63   1.563   0.0   0.0  514
 7.350  512.5 -90  39  54  -1.563   0.0   0.0  516
 7.375  495.0 -90  39  48   1.563   0.0   0.0  499
 7.375  502.5 -90  39  51  -1.563   0.0   0.0  506
 7.375  505.0 -90  39  51   1.563   0.0   0.0  508
 7.375  507.5 -90  39  54  -1.563   0.0   0.0  513
 7.375  510.0 -90  39  60  -1.563   0.0   0.0  515
 7.375  512.5 -90  39  60   1.563   0.0   0.0  517
 7.375  515.0 -90  39  57  -1.563   0.0   0.0  518
 7.375  517.5 -90  39  54  -1.563   0.0   0.0  520
 7.400  505.0 -90  39  51   1.563   0.0   0.0  509
 7.400  507.5 -90  39  48  -1.563   0.0   0.0  509
 7.400  512.5 -90  39  57  -1.563   0.0   0.0  517
 7.400  515.0 -90  39  60  -1.563   0.0   0.0  520
 7.400  517.5 -90  39  60  -1.563   0.0   0.0  522
 7.400  520.0 -90  39  51  -1.563   0.0   0.0  524
 7.425  502.5 -90  39  48   1.563   0.0   0.0  505
 7.425  510.0 -90  39  48   1.563   0.0   0.0  512
 7.425  515.0 -90  39  48  -1.563   0.0   0.0  522
 7.425  517.5 -90  39  51  -1.563   0.0   0.0  523
 7.425  520.0 -90  39  60   1.563   0.0   0.0  525
 7.425  522.5 -90  39  60   1.563   0.0   0.0  526
 7.425  525.0 -90  39  57   1.563   0.0   0.0  528
 7.425  527.5 -90  39  48   1.563   0.0   0.0  530
 7.450  512.5 -90  39  48  -1.563   0.0   0.0  516
 7.450  520.0 -90  39  57  -1.563   0.0   0.0  526
 7.450  522.5 -90  39  60   1.563   0.0   0.0  526
 7.450  525.0 -90  39  54   1.563   0.0   0.0  529
 7.450  530.0 -90  39  48  -1.563   0.0   0.0  534
 7.450  532.5 -90  39  51   1.563   0.0   0.0  538
 7.475  520.0 -90  39  48  -1.563   0.0   0.0  523
 7.475  522.5 -90  39  51   1.563   0.0   0.0  525
 7.475  525.0 -90  39  48   1.563   0.0   0.0  530
 7.475  527.5 -90  39  51   1.563   0.0   0.0  533
 7.475  530.0 -90  39  57   1.563   0.0   0.0  534
 7.475  532.5 -90  39  54  -1.563   0.0   0.0  535
 7.475  535.0 -90  39  57   1.563   0.0   0.0  539
 7.475  537.5 -90  39  57   1.563   0.0   0.0  541
 7.475  540.0 -90  39  51   1.563   0.0   0.0  543
 7.475  542.5 -90  39  48   1.563   0.0   0.0  545
 7.500  527.5 -90  39  51   1.563   0.0   0.0  533
 7.500  530.0 -90  39  54   1.563   0.0   0.0  534
 7.500  532.5 -90  39  57  -1.563   0.0   0.0  536
 7.500  535.0 -90  39  63   1.563   0.0   0.0  540
 7.500  537.5 -90  39  66   1.563   0.0   0.0  542
 7.500  540.0 -90  39  66   1.563   0.0   0.0  544
 7.500  542.5 -90  39  60   1.563   0.0   0.0  546
 7.500  545.0 -90  39  57   1.563   0.0   0.0  549
 7.500  547.5 -90  39  54  -1.563   0.0   0.0  551
 7.525  532.5 -90  39  48   1.563   0.0   0.0  540
 7.525  535.0 -90  39  51   1.563   0.0   0.0  536
 7.525  537.5 -90  39  54  -1.563   0.0   0.0  544
 7.525  540.0 -90  39  60   1.563   0.0   0.0  545
 7.525  542.5 -90  39  60  -1.563   0.0   0.0  546
 7.525  545.0 -90  39  63  -1.563   0.0   0.0  550
 7.525  547.5 -90  39  66   1.563   0.0   0.0  552
 7.525  550.0 -90  39  63  -1.563   0.0   0.0  554
 7.525  552.5 -90  39  60   1.563   0.0   0.0  556
 7.525  555.0 -90  39  57  -1.563   0.0   0.0  559
 7.525  557.5 -90  39  51  -1.563   0.0   0.0  561
 7.525  560.0 -90  39  48   1.563   0.0   0.0  564
 7.550  545.0 -90  39  54   1.563   0.0   0.0  549
 7.550  547.5 -90  39  57  -1.563   0.0   0.0  553
 7.550  550.0 -90  39  60  -1.563   0.0   0.0  554
 7.550  552.5 -90  39  63   1.563   0.0   0.0  556
 7.550  555.0 -90  39  63   1.563   0.0   0.0  559
 7.550  557.5 -90  39  60  -1.563   0.0   0.0  562
 7.550  560.0 -90  39  57  -1.563   0.0   0.0  564
 7.550  562.5 -90  39  57   1.563   0.0   0.0  566
 7.550  565.0 -90  39  57   1.563   0.0   0.0  569
 7.550  567.5 -90  39  54  -1.563   0.0   0.0  570
 7.550 1130.0 -90  39  48   1.563   0.0   0.0 1132
 7.575  552.5 -90  39  48  -1.563   0.0   0.0  565
 7.575  555.0 -90  39  54  -1.563   0.0   0.0  559
 7.575  557.5 -90  39  51   1.563   0.0   0.0  559
 7.575  560.0 -90  39  60  -1.563   0.0   0.0  565
 7.575  562.5 -90  39  66   1.563   0.0   0.0  567
 7.575  565.0 -90  39  66   1.563   0.0   0.0  569
 7.575  567.5 -90  39  63   1.563   0.0   0.0  571
 7.575  570.0 -90  39  60  -1.563   0.0   0.0  574
 7.575  572.5 -90  39  60   1.563   0.0   0.0  576
 7.575  575.0 -90  39  54  -1.563   0.0   0.0  578
 7.575  577.5 -90  39  54   1.563   0.0   0.0  582
 7.575  580.0 -90  39  60   1.563   0.0   0.0  584
 7.575  582.5 -90  39  60  -1.563   0.0   0.0  586
 7.575  585.0 -90  39  54   1.563   0.0   0.0  588
 7.575  587.5 -90  39  48  -1.563   0.0   0.0  592
 7.575 1127.5 -90  39  48   1.563   0.0   0.0 1130
 7.600  560.0 -90  39  51  -1.563   0.0   0.0  564
 7.600  562.5 -90  39  51   1.563   0.0   0.0  567
 7.600  565.0 -90  39  57   1.563   0.0   0.0  569
 7.600  567.5 -90  39  60   1.563   0.0   0.0  571
 7.600  570.0 -90  39  60   1.563   0.0   0.0  573
 7.600  572.5 -90  39  60   1.563   0.0   0.0  577
 7.600  575.0 -90  39  60  -1.563   0.0   0.0  579
 7.600  577.5 -90  39  63   1.563   0.0   0.0  582
 7.600  580.0 -90  39  66   1.563   0.0   0.0  584
 7.600  582.5 -90  39  69   1.563   0.0   0.0  587
 7.600  585.0 -90  39  66   1.563   0.0   0.0  589
 7.600  587.5 -90  39  57  -1.563   0.0   0.0  591
 7.600  590.0 -90  39  51   1.563   0.0   0.0  594
 7.600  592.5 -90  39  54   1.563   0.0   0.0  597
 7.600  595.0 -90  39  54   1.563   0.0   0.0  599
 7.600  597.5 -90  39  57  -1.563   0.0   0.0  603
 7.600  600.0 -90  39  60   1.563   0.0   0.0  604
 7.600  602.5 -90  39  48   1.563   0.0   0.0  605
 7.600 1137.5 -90  39  48   1.563   0.0   0.0 1139
 7.600 1140.0 -90  39  48   1.563   0.0   0.0 1146
 7.600 1142.5 -90  39  51   1.563   0.0   0.0 1148
 7.600 1145.0 -90  39  48   1.563   0.0   0.0 1150
 7.600 1157.5 -90  39  48  -1.563   0.0   0.0 1161
 7.625  577.5 -90  39  54   1.563   0.0   0.0  582
 7.625  580.0 -90  39  57  -1.563   0.0   0.0  586
 7.625  582.5 -90  39  60   1.563   0.0   0.0  587
 7.625  585.0 -90  39  60   1.563   0.0   0.0  589
 7.625  587.5 -90  39  60   1.563   0.0   0.0  591
 7.625  590.0 -90  39  57   1.563   0.0   0.0  595
 7.625  592.5 -90  39  60   1.563   0.0   0.0  597
 7.625  595.0 -90  39  63   1.563   0.0   0.0  600
 7.625  597.5 -90  39  66   1.563   0.0   0.0  602
 7.625  600.0 -90  39  69   1.563   0.0   0.0  604
 7.625  602.5 -90  39  66   1.563   0.0   0.0  607
 7.625  605.0 -90  39  63   1.563   0.0   0.0  610
 7.625  607.5 -90  39  66   1.563   0.0   0.0  612
 7.625  610.0 -90  39  66   1.563   0.0   0.0  614
 7.625  612.5 -90  39  60   1.563   0.0   0.0  617
 7.625  615.0 -90  39  57   1.563   0.0   0.0  619
 7.625  617.5 -90  39  51  -1.563   0.0   0.0  621
 7.625  630.0 -90  39  48  -1.563   0.0   0.0  634
 7.650  595.0 -90  42  51  -1.563   0.0   0.0  604
 7.650  597.5 -90  42  57   1.563   0.0   0.0  603
 7.650  600.0 -90  42  63   1.563   0.0   0.0  604
 7.650  602.5 -90  42  63   1.563   0.0   0.0  607
 7.650  605.0 -90  42  66   1.563   0.0   0.0  609
 7.650  607.5 -90  42  66   1.563   0.0   0.0  612
 7.650  610.0 -90  42  69   1.563   0.0   0.0  614
 7.650  612.5 -90  42  66   1.563   0.0   0.0  617
 7.650  615.0 -90  42  66   1.563   0.0   0.0  619
 7.650  617.5 -90  42  63   1.563   0.0   0.0  621
 7.650  620.0 -90  42  60   1.563   0.0   0.0  623
 7.650  622.5 -90  42  51   1.563   0.0   0.0  625
 7.650  625.0 -90  42  54  -1.563   0.0   0.0  630
 7.650  627.5 -90  42  57  -1.563   0.0   0.0  632
 7.650  630.0 -90  42  60   1.563   0.0   0.0  635
 7.650  632.5 -90  42  60   1.563   0.0   0.0  637
 7.650  635.0 -90  42  57   1.563   0.0   0.0  638
 7.650  637.5 -90  42  51   1.563   0.0   0.0  641
 7.675  607.5 -90  39  48  -1.563   0.0   0.0  618
 7.675  610.0 -90  39  48  -1.563   0.0   0.0  614
 7.675  612.5 -90  39  51  -1.563   0.0   0.0  615
 7.675  615.0 -90  39  54   1.563   0.0   0.0  620
 7.675  617.5 -90  39  54   1.563   0.0   0.0  622
 7.675  620.0 -90  39  54  -1.563   0.0   0.0  624
 7.675  622.5 -90  39  54  -1.563   0.0   0.0  625
 7.675  625.0 -90  39  54  -1.563   0.0   0.0  628
 7.675  627.5 -90  39  57   1.563   0.0   0.0  631
 7.675  630.0 -90  39  60   1.563   0.0   0.0  634
 7.675  632.5 -90  39  60   1.563   0.0   0.0  636
 7.675  635.0 -90  39  57  -1.563   0.0   0.0  638
 7.675  637.5 -90  39  57   1.563   0.0   0.0  642
 7.675  640.0 -90  39  57   1.563   0.0   0.0  644
 7.675  642.5 -90  39  54   1.563   0.0   0.0  646
 7.675  645.0 -90  39  48   1.563 270.0  30.0  650
 7.675  647.5 -90  39  51   1.563   0.0   0.0  652
 7.675  650.0 -90  39  54   1.563   0.0   0.0  653
 7.675  652.5 -90  39  51  -1.563   0.0   0.0  656
 7.675  657.5 -90  39  54  -1.563   0.0   0.0  663
 7.675  660.0 -90  39  57   1.563   0.0   0.0  664
 7.675  662.5 -90  39  57  -1.563   0.0   0.0  666
 7.675  665.0 -90  39  54  -1.563   0.0   0.0  670
 7.675  667.5 -90  39  54   1.563   0.0   0.0  671
 7.675  670.0 -90  39  54  -1.563   0.0   0.0  673
 7.675  672.5 -90  39  54   1.563   0.0   0.0  676
 7.675  675.0 -90  39  51   1.563   0.0   0.0  679
 7.675  677.5 -90  39  48  -1.563   0.0   0.0  680
 7.675  680.0 -90  39  48   1.563   0.0   0.0  685
 7.675  682.5 -90  39  51   1.563   0.0   0.0  687
 7.675  685.0 -90  39  48  -1.563   0.0   0.0  688
 7.675  687.5 -90  39  51   1.563   0.0   0.0  691
 7.675  690.0 -90  39  48   1.563   0.0   0.0  694
 7.675  692.5 -90  39  48   1.563   0.0   0.0  695
 7.675  702.5 -90  39  48   1.563   0.0   0.0  708
 7.675 1255.0 -90  39  48  -1.563   0.0   0.0 1263
 7.700  640.0 -90  39  48  -1.563   0.0   0.0  644
 7.700  642.5 -90  39  48  -1.563   0.0   0.0  648
 7.700  645.0 -90  39  48  -1.563   0.0   0.0  648
 7.700  647.5 -90  39  48  -1.563   0.0   0.0  651
 7.700  650.0 -90  39  51  -1.563   0.0   0.0  654
 7.700  657.5 -90  39  48   1.563   0.0   0.0  660
 7.700  660.0 -90  39  54   1.563   0.0   0.0  664
 7.700  662.5 -90  39  54   1.563   0.0   0.0  666
 7.700  665.0 -90  39  54   1.563   0.0   0.0  669
 7.700  667.5 -90  39  54   1.563   0.0   0.0  671
 7.700  670.0 -90  39  48   1.563   0.0   0.0  670
 7.700  672.5 -90  39  54   1.563   0.0   0.0  678
 7.700  675.0 -90  39  54   1.563   0.0   0.0  680
 7.700  677.5 -90  39  51   1.563   0.0   0.0  682
 7.700  680.0 -90  39  51   1.563   0.0   0.0  684
 7.700  682.5 -90  39  51   1.563   0.0   0.0  685
 7.700  687.5 -90  39  54  -1.563   0.0   0.0  692
 7.700  690.0 -90  39  57  -1.563   0.0   0.0  694
 7.700  692.5 -90  39  54  -1.563   0.0   0.0  696
 7.700  695.0 -90  39  51   1.563   0.0   0.0  698
 7.700  705.0 -90  39  48   1.563   0.0   0.0  707
 7.700  707.5 -90  39  51   1.563   0.0   0.0  712
 7.700  710.0 -90  39  51   1.563   0.0   0.0  713
 7.700  712.5 -90  39  51   1.563   0.0   0.0  716
 7.700  717.5 -90  39  48   1.563   0.0   0.0  722
 7.700  720.0 -90  39  51   1.563   0.0   0.0  723
 7.700  722.5 -90  39  48   1.563   0.0   0.0  726
 7.700  725.0 -90  39  48   1.563   0.0   0.0  729
 7.700  727.5 -90  39  48   1.563   0.0   0.0  733
 7.700  730.0 -90  39  48   1.563   0.0   0.0  733
 7.700  732.5 -90  39  48   1.563   0.0   0.0  739
 7.700  735.0 -90  39  51  -1.563   0.0   0.0  741
 7.700  737.5 -90  39  54  -1.563   0.0   0.0  742
 7.700  740.0 -90  39  54  -1.563   0.0   0.0  745
 7.700  742.5 -90  39  54  -1.563   0.0   0.0  746
 7.700  745.0 -90  39  51   1.563   0.0   0.0  749
 7.700  747.5 -90  39  51  -1.563   0.0   0.0  752
 7.700  750.0 -90  39  48   1.563   0.0   0.0  753
 7.700  752.5 -90  39  48  -1.563   0.0   0.0  755
 7.700  755.0 -90  39  48  -1.563   0.0   0.0  757
 7.700  775.0 -90  39  48   1.563   0.0   0.0  779
 7.700  780.0 -90  39  48  -1.563   0.0   0.0  784
 7.700  790.0 -90  39  48   1.563   0.0   0.0  794
 7.700  792.5 -90  39  48   1.563   0.0   0.0  797
 7.725  687.5 -90  39  48  -1.563   0.0   0.0  692
 7.725  690.0 -90  39  51   1.563   0.0   0.0  694
 7.725  692.5 -90  39  48  -1.563   0.0   0.0  699
 7.725  695.0 -90  39  48   1.563   0.0   0.0  697
 7.725  697.5 -90  39  48  -1.563   0.0   0.0  701
 7.725  710.0 -90  39  51  -1.563   0.0   0.0  715
 7.725  712.5 -90  39  51   1.563   0.0   0.0  715
 7.725  720.0 -90  39  48   1.563   0.0   0.0  723
 7.725  725.0 -90  39  51  -1.563   0.0   0.0  729
 7.725  727.5 -90  39  54  -1.563   0.0   0.0  731
 7.725  730.0 -90  39  51  -1.563   0.0   0.0  734
 7.725  735.0 -90  39  51   1.563   0.0   0.0  741
 7.725  737.5 -90  39  54   1.563   0.0   0.0  741
 7.725  740.0 -90  39  48  -1.563   0.0   0.0  745
 7.725  742.5 -90  39  57  -1.563   0.0   0.0  746
 7.725  745.0 -90  39  54   1.563   0.0   0.0  749
 7.725  747.5 -90  39  48   1.563   0.0   0.0  751
 7.725  750.0 -90  39  51  -1.563   0.0   0.0  753
 7.725  752.5 -90  39  54   1.563   0.0   0.0  757
 7.725  757.5 -90  39  48  -1.563   0.0   0.0  765
 7.725  760.0 -90  39  48  -1.563   0.0   0.0  766
 7.725  772.5 -90  39  48  -1.563   0.0   0.0  776
 7.725  777.5 -90  39  48   1.563   0.0   0.0  783
 7.725  780.0 -90  39  48   1.563   0.0   0.0  784
 7.725  782.5 -90  39  48   1.563   0.0   0.0  786
 7.725  787.5 -90  39  48   1.563   0.0   0.0  791
 7.725  790.0 -90  39  48   1.563   0.0   0.0  794
 7.725  792.5 -90  39  48   1.563   0.0   0.0  794
 7.725  812.5 -90  39  48  -1.563   0.0   0.0  815
10.425  690.0  90  33  42  -4.688 330.0  30.0  698
10.500   80.0 -90  33  42  -4.688 270.0  30.0   83
14.850  520.0 -90  24  33   4.688   0.0   0.0  522
