2024.06.28 (180) 00:00:00.000
Station name: Awase
URSI code: AW426
Ionosonde model: DPS-4D
  Freq  Range Pol MPA Amp Doppler    Az    Zn  PGH
 2.050   80.0  90  63  72   5.469  90.0  30.0   67
 2.300  100.0  90  63  72  -0.781   0.0   0.0  104
 2.400  100.0  90  63  78  -0.781   0.0   0.0  104
 2.450  100.0  90  63  81   0.781   0.0   0.0  105
 2.450  102.5  90  63  72   0.781   0.0   0.0  106
 2.550  100.0  90  63  81  -0.781   0.0   0.0  104
 2.550  102.5  90  63  75  -0.781   0.0   0.0  105
 2.600  100.0  90  63  81  -0.781   0.0   0.0  105
 2.600  102.5  90  63  78   0.781   0.0   0.0  106
 2.650  100.0  90  63  81  -0.781   0.0   0.0  105
 2.650  102.5  90  63  84   0.781   0.0   0.0  106
 2.700  100.0  90  63  81   0.781   0.0   0.0  106
 2.700  102.5  90  63  84  -0.781   0.0   0.0  106
 2.750  100.0  90  63  78  -0.781   0.0   0.0  106
 2.750  102.5  90  63  87  -0.781   0.0   0.0  106
 2.800  100.0  90  63  72   0.781   0.0   0.0  105
 2.800  102.5  90  63  84  -0.781   0.0   0.0  107
 2.800  105.0  90  63  75  -0.781   0.0   0.0  108
 2.850  102.5  90  63  72   0.781   0.0   0.0  107
 2.850  105.0  90  63  72   0.781   0.0   0.0  109
 2.900  102.5  90  75  93   0.781   0.0   0.0  108
 2.900  105.0  90  75  90   0.781   0.0   0.0  108
 2.950  102.5  90  63  81  -0.781   0.0   0.0  108
 2.950  105.0  90  63  78  -0.781   0.0   0.0  107
 3.000  102.5  90  63  78  -0.781   0.0   0.0  108
 3.000  105.0  90  63  78   0.781   0.0   0.0  108
 3.050  102.5  90  63  75   0.781   0.0   0.0  108
 3.050  105.0  90  63  78   0.781   0.0   0.0  108
 3.100  102.5  90  63  78   0.781   0.0   0.0  108
 3.100  105.0  90  63  87   0.781   0.0   0.0  109
 3.100  107.5  90  63  72  -0.781   0.0   0.0  111
 3.150  102.5  90  63  75   0.781   0.0   0.0  109
 3.150  105.0  90  63  87   0.781   0.0   0.0  109
 3.150  107.5  90  63  72   0.781 330.0  30.0  107
 3.200  105.0  90  63  84   0.781   0.0   0.0  110
 3.200  107.5  90  63  81   0.781   0.0   0.0  110
 3.250  105.0  90  63  84  -0.781   0.0   0.0  110
 3.250  107.5  90  63  87   0.781   0.0   0.0  111
 3.300  105.0  90  63  84   0.781   0.0   0.0  111
 3.300  107.5  90  63  87   0.781   0.0   0.0  111
 3.350  105.0  90  63  84   0.781   0.0   0.0  111
 3.350  107.5  90  63  90   0.781   0.0   0.0  111
 3.400  105.0  90  63  87   0.781   0.0   0.0  111
 3.400  107.5  90  63  90  -0.781   0.0   0.0  111
 3.400  110.0  90  63  72   0.781   0.0   0.0  113
 3.450  102.5  90  63  72  -0.781   0.0   0.0  109
 3.450  105.0  90  63  93   0.781   0.0   0.0  110
 3.450  107.5  90  63  90  -0.781   0.0   0.0  110
 3.500  102.5  90  63  81  -0.781   0.0   0.0  109
 3.500  105.0  90  63  96  -0.781   0.0   0.0  109
 3.500  107.5  90  63  87   0.781   0.0   0.0  109
 3.550   97.5  90  60  69  -0.781 210.0  30.0  104
 3.550  102.5  90  60  81   0.781   0.0   0.0  109
 3.550  105.0  90  60  93   0.781   0.0   0.0  109
 3.550  107.5  90  60  81  -0.781   0.0   0.0  109
 3.550  117.5  90  60  69   0.781 330.0  30.0  120
 3.600  102.5  90  63  87   0.781   0.0   0.0  108
 3.600  105.0  90  63  93   0.781   0.0   0.0  109
 3.600  107.5  90  63  72   0.781   0.0   0.0  110
 3.650  102.5  90  63  84   0.781   0.0   0.0  107
 3.650  105.0  90  63  78  -0.781   0.0   0.0  107
 3.700  102.5  90  60  87  -0.781   0.0   0.0  107
 3.700  105.0  90  60  78  -0.781   0.0   0.0  107
 3.750  100.0  90  60  72  -0.781   0.0   0.0  108
 3.750  102.5  90  60  87  -0.781   0.0   0.0  107
 3.750  105.0  90  60  78  -0.781   0.0   0.0  107
 3.800  100.0  90  60  72  -0.781   0.0   0.0  106
 3.800  102.5  90  60  87  -0.781   0.0   0.0  107
 3.800  105.0  90  60  81   0.781   0.0   0.0  107
 3.850  100.0  90  60  69  -0.781   0.0   0.0  106
 3.850  102.5  90  60  78   0.781   0.0   0.0  107
 3.850  105.0  90  60  69  -0.781   0.0   0.0  107
 3.850  142.5  90  60  69   0.781   0.0   0.0  147
 3.850  145.0  90  60  75   0.781   0.0   0.0  149
 3.850  147.5  90  60  69   0.781   0.0   0.0  150
 3.900  137.5  90  60  72  -0.781   0.0   0.0  144
 3.900  140.0  90  60  81   0.781   0.0   0.0  144
 3.900  142.5  90  60  78   0.781   0.0   0.0  145
 3.900  107.5 -90  60  69   0.781   0.0   0.0  112
 3.900  110.0 -90  60  69  -0.781   0.0   0.0  111
 3.950  135.0  90  57  72   0.781   0.0   0.0  141
 3.950  137.5  90  57  84   0.781   0.0   0.0  141
 3.950  140.0  90  57  75   0.781   0.0   0.0  142
 3.950  107.5 -90  57  69  -0.781   0.0   0.0  114
 3.950  110.0 -90  57  72  -0.781   0.0   0.0  113
 4.000  132.5  90  57  66   0.781   0.0   0.0  138
 4.000  135.0  90  57  81   0.781   0.0   0.0  139
 4.000  137.5  90  57  72   0.781   0.0   0.0  140
 4.000  110.0 -90  57  69   0.781   0.0   0.0  114
 4.050  132.5  90  57  69   0.781   0.0   0.0  139
 4.050  135.0  90  57  75  -0.781   0.0   0.0  138
 4.050  222.5  90  57  66   0.781   0.0   0.0  226
 4.050  107.5 -90  57  69   0.781   0.0   0.0  112
 4.050  110.0 -90  57  72   0.781   0.0   0.0  112
 4.100  132.5  90  57  69   0.781   0.0   0.0  137
 4.100  135.0  90  57  66   0.781   0.0   0.0  138
 4.100  215.0  90  57  69   0.781   0.0   0.0  220
 4.100  217.5  90  57  75   0.781   0.0   0.0  222
 4.100  220.0  90  57  66   0.781   0.0   0.0  224
 4.100  107.5 -90  57  75   0.781   0.0   0.0  112
 4.100  110.0 -90  57  69   0.781   0.0   0.0  112
 4.150  212.5  90  57  75   0.781   0.0   0.0  217
 4.150  215.0  90  57  78   0.781   0.0   0.0  218
 4.150  107.5 -90  57  78  -0.781   0.0   0.0  112
 4.200  210.0  90  57  75   0.781   0.0   0.0  216
 4.200  212.5  90  57  78   0.781   0.0   0.0  216
 4.200  105.0 -90  57  75  -0.781   0.0   0.0  111
 4.200  107.5 -90  57  78   0.781   0.0   0.0  111
 4.250  210.0  90  57  81   0.781   0.0   0.0  215
 4.250  212.5  90  57  78   0.781   0.0   0.0  215
 4.250  105.0 -90  57  78  -0.781   0.0   0.0  110
 4.250  107.5 -90  57  78   0.781   0.0   0.0  110
 4.300  210.0  90  63  84   0.781   0.0   0.0  215
 4.300  212.5  90  63  75  -0.781   0.0   0.0  215
 4.300   80.0 -90  63  75  -0.781 150.0  30.0   88
 4.300   82.5 -90  63  75  -2.344 150.0  30.0   79
 4.300  105.0 -90  63  81  -0.781   0.0   0.0  110
 4.300  107.5 -90  63  72  -0.781   0.0   0.0  110
 4.350  210.0  90  60  84   0.781   0.0   0.0  215
 4.350  212.5  90  60  81   0.781   0.0   0.0  215
 4.350  102.5 -90  60  75  -0.781   0.0   0.0  108
 4.350  105.0 -90  60  87  -0.781   0.0   0.0  109
 4.350  107.5 -90  60  72  -0.781   0.0   0.0  110
 4.400  210.0  90  57  78   0.781   0.0   0.0  216
 4.400  212.5  90  57  84   0.781   0.0   0.0  216
 4.400  215.0  90  57  69   0.781   0.0   0.0  216
 4.400  102.5 -90  57  78  -0.781   0.0   0.0  108
 4.400  105.0 -90  57  84  -0.781   0.0   0.0  109
 4.400  107.5 -90  57  69   0.781   0.0   0.0  108
 4.450  212.5  90  57  81   0.781   0.0   0.0  217
 4.450  215.0  90  57  78   0.781   0.0   0.0  218
 4.450  102.5 -90  57  72  -0.781   0.0   0.0  109
 4.450  105.0 -90  57  81  -0.781   0.0   0.0  109
 4.500   80.0  90  57  69   2.344 150.0  30.0   92
 4.500  212.5  90  57  72  -0.781   0.0   0.0  218
 4.500  215.0  90  57  84   0.781   0.0   0.0  220
 4.500  217.5  90  57  78   0.781   0.0   0.0  220
 4.500   80.0 -90  57  69   5.469 150.0  30.0   94
 4.500  102.5 -90  57  69  -0.781   0.0   0.0  107
 4.500  105.0 -90  57  66  -0.781   0.0   0.0  108
 4.500  150.0 -90  57  66  -0.781   0.0   0.0  155
 4.500  152.5 -90  57  66  -0.781   0.0   0.0  157
 4.550  215.0  90  57  69   0.781   0.0   0.0  220
 4.550  217.5  90  57  84   0.781   0.0   0.0  222
 4.550  220.0  90  57  78   0.781   0.0   0.0  223
 4.550  145.0 -90  57  66  -0.781   0.0   0.0  150
 4.550  147.5 -90  57  69   0.781   0.0   0.0  151
 4.600  217.5  90  57  69   0.781   0.0   0.0  224
 4.600  220.0  90  57  84   0.781   0.0   0.0  225
 4.600  222.5  90  57  81   0.781   0.0   0.0  226
 4.600  225.0  90  57  66  -0.781   0.0   0.0  227
 4.600  145.0 -90  57  69  -0.781   0.0   0.0  148
 4.650  220.0  90  57  66   0.781   0.0   0.0  226
 4.650  222.5  90  57  81   0.781   0.0   0.0  228
 4.650  225.0  90  57  84   0.781   0.0   0.0  228
 4.650  227.5  90  57  69   0.781   0.0   0.0  229
 4.700  225.0  90  60  81   0.781   0.0   0.0  230
 4.700  227.5  90  60  84   0.781   0.0   0.0  231
 4.700  230.0  90  60  75   0.781   0.0   0.0  233
 4.750  227.5  90  69  87   0.781   0.0   0.0  233
 4.750  230.0  90  69  96   0.781   0.0   0.0  234
 4.750  232.5  90  69  90   0.781   0.0   0.0  235
 4.750  230.0 -90  69  81   0.781   0.0   0.0  234
 4.800  230.0  90  57  69   0.781   0.0   0.0  236
 4.800  232.5  90  57  84   0.781   0.0   0.0  237
 4.800  235.0  90  57  81   0.781   0.0   0.0  238
 4.800  237.5  90  57  66   0.781   0.0   0.0  240
 4.800  227.5 -90  57  72   0.781   0.0   0.0  232
 4.800  230.0 -90  57  66   0.781   0.0   0.0  233
 4.850  235.0  90  60  81   0.781   0.0   0.0  240
 4.850  237.5  90  60  84   0.781   0.0   0.0  241
 4.850  240.0  90  60  69   0.781   0.0   0.0  242
 4.850  225.0 -90  60  69   0.781   0.0   0.0  230
 4.850  227.5 -90  60  78   0.781   0.0   0.0  231
 4.900  237.5  90  57  78   0.781   0.0   0.0  243
 4.900  240.0  90  57  84   0.781   0.0   0.0  244
 4.900  242.5  90  57  75   0.781   0.0   0.0  244
 4.900  225.0 -90  57  72   0.781   0.0   0.0  231
 4.900  227.5 -90  57  75   0.781   0.0   0.0  231
 4.950  240.0  90  72  90   0.781   0.0   0.0  245
 4.950  242.5  90  72  99   0.781   0.0   0.0  247
 4.950  245.0  90  72  93   0.781   0.0   0.0  248
 4.950  225.0 -90  72  87   0.781   0.0   0.0  230
 4.950  227.5 -90  72  96   0.781   0.0   0.0  231
 4.950  230.0 -90  72  81   0.781   0.0   0.0  234
 5.050  247.5  90  72  93   0.781   0.0   0.0  253
 5.050  250.0  90  72  99   0.781   0.0   0.0  254
 5.050  252.5  90  72  84   0.781   0.0   0.0  254
 5.050  227.5 -90  72  90   0.781   0.0   0.0  233
 5.050  230.0 -90  72  93   0.781   0.0   0.0  234
 5.100  250.0  90  75  93   0.781   0.0   0.0  255
 5.100  252.5  90  75 102   0.781   0.0   0.0  257
 5.100  255.0  90  75  93   0.781   0.0   0.0  258
 5.100  230.0 -90  72  96   0.781   0.0   0.0  235
 5.100  232.5 -90  72  93   0.781   0.0   0.0  235
 5.150  252.5  90  60  72  -0.781   0.0   0.0  260
 5.150  255.0  90  60  87   0.781   0.0   0.0  260
 5.150  257.5  90  60  84   0.781   0.0   0.0  261
 5.150  260.0  90  60  69   0.781   0.0   0.0  262
 5.150  230.0 -90  60  69  -0.781   0.0   0.0  236
 5.150  232.5 -90  60  81   0.781   0.0   0.0  237
 5.150  235.0 -90  60  78   0.781   0.0   0.0  238
 5.200  257.5  90  60  81   0.781   0.0   0.0  263
 5.200  260.0  90  60  84   0.781   0.0   0.0  263
 5.200  262.5  90  60  69  -0.781   0.0   0.0  264
 5.200  235.0 -90  60  81   0.781   0.0   0.0  240
 5.200  237.5 -90  60  78   0.781   0.0   0.0  241
 5.250  260.0  90  72  87   0.781   0.0   0.0  267
 5.250  262.5  90  72  96   0.781   0.0   0.0  267
 5.250  265.0  90  72  87   0.781   0.0   0.0  268
 5.250  237.5 -90  72  90   0.781   0.0   0.0  242
 5.250  240.0 -90  72  90  -0.781   0.0   0.0  243
 5.300  262.5  90  72  81   0.781   0.0   0.0  270
 5.300  265.0  90  72  96   0.781   0.0   0.0  270
 5.300  267.5  90  72  96   0.781   0.0   0.0  271
 5.300  240.0 -90  72  90   0.781   0.0   0.0  246
 5.300  242.5 -90  72  96   0.781   0.0   0.0  246
 5.300  245.0 -90  72  84   0.781   0.0   0.0  248
 5.350  267.5  90  60  78   0.781   0.0   0.0  273
 5.350  270.0  90  60  84   0.781   0.0   0.0  273
 5.350  272.5  90  60  75   0.781   0.0   0.0  275
 5.350 1207.5  90  60  69   5.469   0.0   0.0 1215
 5.350 1227.5  90  60  69   0.781   0.0   0.0 1235
 5.350 1230.0  90  60  72  -3.906   0.0   0.0 1245
 5.350 1257.5  90  60  69   5.469   0.0   0.0 1243
 5.350 1260.0  90  60  69  -3.906   0.0   0.0 1265
 5.350 1265.0  90  60  69  -3.906   0.0   0.0 1271
 5.350 1280.0  90  60  69  -3.906   0.0   0.0 1268
 5.350  147.5 -90  60  69  -3.906   0.0   0.0  136
 5.350  242.5 -90  60  75   0.781   0.0   0.0  248
 5.350  245.0 -90  60  84   0.781   0.0   0.0  249
 5.350  247.5 -90  60  75   0.781   0.0   0.0  251
 5.400  270.0  90  63  72   0.781   0.0   0.0  275
 5.400  272.5  90  63  87   0.781   0.0   0.0  277
 5.400  275.0  90  63  81   0.781   0.0   0.0  278
 5.400  247.5 -90  60  81   0.781   0.0   0.0  252
 5.400  250.0 -90  60  81   0.781   0.0   0.0  253
 5.450  275.0  90  78  96   0.781   0.0   0.0  281
 5.450  277.5  90  78  99   0.781   0.0   0.0  281
 5.450  280.0  90  78  87   0.781   0.0   0.0  282
 5.450  505.0  90  78  87   2.344   0.0   0.0  492
 5.450  525.0  90  78  87  -0.781   0.0   0.0  519
 5.450  580.0  90  78  87   3.906 330.0  30.0  579
 5.450  582.5  90  78  90  -3.906 330.0  30.0  596
 5.450  615.0  90  78  87  -2.344   0.0   0.0  607
 5.450  632.5  90  78  87   3.906 330.0  30.0  641
 5.450  847.5  90  78  90   2.344 330.0  30.0  856
 5.450  855.0  90  78  87  -2.344   0.0   0.0  869
 5.450  857.5  90  78  87   5.469 330.0  30.0  854
 5.450  875.0  90  78  90  -2.344 330.0  30.0  866
 5.450  877.5  90  78  87  -3.906 330.0  30.0  873
 5.450  895.0  90  78  87   5.469 330.0  30.0  886
 5.450  897.5  90  78  87   2.344   0.0   0.0  895
 5.450  900.0  90  78  90  -2.344 330.0  30.0  892
 5.450  902.5  90  78  87  -0.781 210.0  30.0  889
 5.450  907.5  90  78  90   5.469 330.0  30.0  907
 5.450  917.5  90  78  87  -0.781   0.0   0.0  916
 5.450  925.0  90  78  90   0.781 330.0  30.0  921
 5.450  927.5  90  78  90  -0.781   0.0   0.0  916
 5.450  932.5  90  78  87  -3.906   0.0   0.0  918
 5.450  935.0  90  78  87  -2.344 330.0  30.0  936
 5.450  937.5  90  78  87   2.344 330.0  30.0  942
 5.450  940.0  90  78  87   2.344   0.0   0.0  943
 5.450  945.0  90  78  87   3.906 330.0  30.0  953
 5.450  952.5  90  78  87   0.781 330.0  30.0  967
 5.450  955.0  90  78  87   0.781 330.0  30.0  955
 5.450  962.5  90  78  87  -5.469   0.0   0.0  954
 5.450  965.0  90  78  87  -2.344 330.0  30.0  959
 5.450  970.0  90  78  87  -5.469 330.0  30.0  966
 5.450  972.5  90  78  87  -5.469 330.0  30.0  961
 5.450  975.0  90  78  87  -0.781 330.0  30.0  961
 5.450  977.5  90  78  90  -0.781 330.0  30.0  969
 5.450  980.0  90  78  87   0.781 330.0  30.0  974
 5.450  987.5  90  78  90   3.906 210.0  30.0  992
 5.450  990.0  90  78  90   3.906 210.0  30.0  998
 5.450  995.0  90  78  90   3.906   0.0   0.0  993
 5.450  997.5  90  78  90   3.906 330.0  30.0  998
 5.450 1000.0  90  78  87   0.781 330.0  30.0  999
 5.450 1002.5  90  78  87   0.781 210.0  30.0 1011
 5.450 1005.0  90  78  87   0.781 330.0  30.0 1014
 5.450 1007.5  90  78  87   3.906   0.0   0.0 1006
 5.450 1010.0  90  78  87  -3.906 330.0  30.0 1020
 5.450 1012.5  90  78  87  -3.906 330.0  30.0 1022
 5.450 1017.5  90  78  87   3.906   0.0   0.0 1010
 5.450 1020.0  90  78  90   3.906 330.0  30.0 1024
 5.450 1022.5  90  78  90  -0.781 330.0  30.0 1032
 5.450 1025.0  90  78  87  -2.344 330.0  30.0 1019
 5.450 1027.5  90  78  87   2.344   0.0   0.0 1028
 5.450 1030.0  90  78  90   3.906 330.0  30.0 1042
 5.450 1032.5  90  78  87  -2.344   0.0   0.0 1043
 5.450 1035.0  90  78  87  -0.781 330.0  30.0 1020
 5.450 1045.0  90  78  87   3.906 210.0  30.0 1055
 5.450 1047.5  90  78  90   2.344 330.0  30.0 1037
 5.450 1050.0  90  78  87   3.906 330.0  30.0 1043
 5.450 1055.0  90  78  87  -5.469 330.0  30.0 1042
 5.450 1065.0  90  78  87   0.781   0.0   0.0 1066
 5.450 1067.5  90  78  90  -0.781   0.0   0.0 1077
 5.450 1070.0  90  78  87   0.781 330.0  30.0 1062
 5.450 1085.0  90  78  87   5.469 330.0  30.0 1096
 5.450 1087.5  90  78  87   3.906   0.0   0.0 1097
 5.450 1095.0  90  78  87  -2.344 330.0  30.0 1083
 5.450 1097.5  90  78  90   5.469   0.0   0.0 1110
 5.450 1100.0  90  78  87  -5.469   0.0   0.0 1086
 5.450 1105.0  90  78  87  -5.469 330.0  30.0 1110
 5.450 1125.0  90  78  87   2.344 330.0  30.0 1120
 5.450 1130.0  90  78  87  -3.906   0.0   0.0 1143
 5.450 1135.0  90  78  87  -3.906 330.0  30.0 1132
 5.450 1147.5  90  78  87   2.344   0.0   0.0 1157
 5.450 1217.5  90  78  87  -5.469 330.0  30.0 1206
 5.450 1270.0  90  78  87  -5.469 330.0  30.0 1283
 5.450  250.0 -90  78  93   0.781   0.0   0.0  255
 5.450  252.5 -90  78  99   0.781   0.0   0.0  256
 5.450  255.0 -90  78  87   0.781   0.0   0.0  257
 5.450  967.5 -90  78  87  -5.469 210.0  30.0  965
 5.450 1015.0 -90  78  87  -3.906   0.0   0.0 1016
 5.450 1045.0 -90  78  87  -2.344   0.0   0.0 1034
 5.450 1095.0 -90  78  87  -2.344 330.0  30.0 1097
 5.500  277.5  90  63  81   0.781   0.0   0.0  283
 5.500  280.0  90  63  87   0.781   0.0   0.0  284
 5.500  282.5  90  63  81   0.781   0.0   0.0  285
 5.500  252.5 -90  63  75  -0.781   0.0   0.0  259
 5.500  255.0 -90  63  84   0.781   0.0   0.0  260
 5.500  257.5 -90  63  78   0.781   0.0   0.0  260
 5.550  280.0  90  60  72  -0.781   0.0   0.0  286
 5.550  282.5  90  60  87   0.781   0.0   0.0  287
 5.550  285.0  90  60  84   0.781   0.0   0.0  288
 5.550  287.5  90  60  69  -0.781   0.0   0.0  290
 5.550  257.5 -90  60  81   0.781   0.0   0.0  262
 5.550  260.0 -90  60  81   0.781   0.0   0.0  263
 5.600  282.5  90  60  69   0.781   0.0   0.0  290
 5.600  285.0  90  60  84   0.781   0.0   0.0  290
 5.600  287.5  90  60  87   0.781   0.0   0.0  291
 5.600  290.0  90  60  72  -0.781   0.0   0.0  293
 5.600  260.0 -90  60  78   0.781   0.0   0.0  265
 5.600  262.5 -90  60  84   0.781   0.0   0.0  266
 5.600  265.0 -90  60  75   0.781   0.0   0.0  267
 5.650  287.5  90  75  90  -0.781   0.0   0.0  293
 5.650  290.0  90  75  99   0.781   0.0   0.0  294
 5.650  292.5  90  75  90   0.781   0.0   0.0  294
 5.650  262.5 -90  75  84   0.781   0.0   0.0  268
 5.650  265.0 -90  75  96   0.781   0.0   0.0  269
 5.650  267.5 -90  75  90   0.781   0.0   0.0  270
 5.700  290.0  90  63  75   0.781   0.0   0.0  296
 5.700  292.5  90  63  87   0.781   0.0   0.0  297
 5.700  295.0  90  63  84   0.781   0.0   0.0  298
 5.700  670.0  90  63  72   5.469  30.0  30.0  659
 5.700  672.5  90  63  72   5.469  30.0  30.0  685
 5.700  722.5  90  63  72   3.906  30.0  30.0  722
 5.700  172.5 -90  63  72  -0.781 150.0  30.0  179
 5.700  267.5 -90  63  84   0.781   0.0   0.0  272
 5.700  270.0 -90  63  84   0.781   0.0   0.0  273
 5.700  272.5 -90  63  72   0.781   0.0   0.0  273
 5.750  295.0  90  66  84   0.781   0.0   0.0  300
 5.750  297.5  90  66  87   0.781   0.0   0.0  301
 5.750  687.5  90  66  75  -3.906  30.0  30.0  695
 5.750   80.0 -90  66  75  -5.469  30.0  30.0   73
 5.750  120.0 -90  66  75  -5.469 330.0  30.0  122
 5.750  125.0 -90  66  75   2.344 330.0  30.0  140
 5.750  127.5 -90  66  75   3.906 330.0  30.0  117
 5.750  130.0 -90  66  75  -3.906  30.0  30.0  124
 5.750  132.5 -90  66  75  -5.469 330.0  30.0  129
 5.750  165.0 -90  66  75  -3.906 330.0  30.0  164
 5.750  187.5 -90  66  75  -3.906 330.0  30.0  189
 5.750  270.0 -90  66  81   0.781   0.0   0.0  276
 5.750  272.5 -90  66  87   0.781   0.0   0.0  276
 5.750  275.0 -90  66  78   0.781   0.0   0.0  278
 5.750  320.0 -90  66  75  -5.469 330.0  30.0  319
 5.750  322.5 -90  66  75  -5.469  30.0  30.0  331
 5.750  340.0 -90  66  75  -5.469  30.0  30.0  345
 5.750  372.5 -90  66  75   0.781 210.0  30.0  359
 5.750  375.0 -90  66  75   0.781 330.0  30.0  361
 5.750  385.0 -90  66  75   0.781  30.0  30.0  382
 5.750  397.5 -90  66  78  -3.906 330.0  30.0  412
 5.750  427.5 -90  66  75  -2.344 330.0  30.0  425
 5.750  435.0 -90  66  75  -3.906 330.0  30.0  436
 5.750  450.0 -90  66  75  -0.781   0.0   0.0  465
 5.750  487.5 -90  66  75  -5.469 330.0  30.0  478
 5.750  500.0 -90  66  75   3.906 330.0  30.0  510
 5.800  297.5  90  72  84  -0.781   0.0   0.0  301
 5.800  300.0  90  72  90   0.781   0.0   0.0  304
 5.800  995.0  90  72  81  -5.469 330.0  30.0 1007
 5.800   80.0 -90  66  75   3.906  30.0  30.0   87
 5.800   82.5 -90  66  75  -5.469 330.0  30.0   92
 5.800  102.5 -90  66  75   5.469 330.0  30.0   91
 5.800  105.0 -90  66  75   5.469 330.0  30.0   97
 5.800  112.5 -90  66  75  -0.781 330.0  30.0  115
 5.800  117.5 -90  66  75  -0.781 330.0  30.0  129
 5.800  135.0 -90  66  75   0.781 330.0  30.0  124
 5.800  137.5 -90  66  75  -5.469 330.0  30.0  140
 5.800  140.0 -90  66  75   2.344 330.0  30.0  145
 5.800  155.0 -90  66  75   0.781 330.0  30.0  147
 5.800  157.5 -90  66  75  -5.469 330.0  30.0  157
 5.800  160.0 -90  66  75   2.344 330.0  30.0  149
 5.800  165.0 -90  66  75  -5.469 330.0  30.0  161
 5.800  195.0 -90  66  75   0.781 330.0  30.0  200
 5.800  272.5 -90  66  81   0.781   0.0   0.0  278
 5.800  275.0 -90  66  90   0.781   0.0   0.0  279
 5.800  277.5 -90  66  84   0.781   0.0   0.0  280
 5.800  702.5 -90  66  75   5.469 150.0  30.0  698
 5.800 1027.5 -90  66  75  -5.469 330.0  30.0 1016
 5.800 1100.0 -90  66  75   2.344 330.0  30.0 1093
 5.800 1105.0 -90  66  75  -2.344 330.0  30.0 1092
 5.800 1107.5 -90  66  75   5.469 330.0  30.0 1122
 5.800 1110.0 -90  66  75  -3.906 330.0  30.0 1100
 5.800 1112.5 -90  66  75   2.344 330.0  30.0 1102
 5.800 1137.5 -90  66  75  -0.781 330.0  30.0 1127
 5.800 1142.5 -90  66  75  -0.781 330.0  30.0 1131
 5.800 1145.0 -90  66  75   3.906 330.0  30.0 1145
 5.800 1155.0 -90  66  78  -0.781 330.0  30.0 1151
 5.800 1157.5 -90  66  75  -3.906 330.0  30.0 1146
 5.800 1160.0 -90  66  75  -3.906 330.0  30.0 1164
 5.800 1162.5 -90  66  78  -5.469 330.0  30.0 1154
 5.800 1165.0 -90  66  78  -3.906 330.0  30.0 1175
 5.800 1172.5 -90  66  78   3.906  30.0  30.0 1164
 5.800 1175.0 -90  66  81   0.781 330.0  30.0 1161
 5.800 1177.5 -90  66  78  -3.906 330.0  30.0 1189
 5.800 1185.0 -90  66  75  -0.781 330.0  30.0 1189
 5.800 1192.5 -90  66  78  -5.469 330.0  30.0 1204
 5.800 1195.0 -90  66  81   5.469 330.0  30.0 1185
 5.800 1197.5 -90  66  81  -0.781 330.0  30.0 1208
 5.800 1205.0 -90  66  78  -5.469 330.0  30.0 1202
 5.800 1207.5 -90  66  78  -2.344 330.0  30.0 1214
 5.800 1210.0 -90  66  75   0.781  30.0  30.0 1216
 5.800 1212.5 -90  66  78   0.781 330.0  30.0 1201
 5.800 1215.0 -90  66  75   5.469 330.0  30.0 1217
 5.800 1217.5 -90  66  75  -0.781 330.0  30.0 1206
 5.800 1220.0 -90  66  75  -0.781 330.0  30.0 1220
 5.800 1225.0 -90  66  78   3.906 330.0  30.0 1234
 5.800 1227.5 -90  66  78  -5.469 330.0  30.0 1226
 5.800 1230.0 -90  66  75  -0.781 330.0  30.0 1230
 5.800 1235.0 -90  66  78  -0.781 330.0  30.0 1234
 5.800 1240.0 -90  66  78  -3.906 330.0  30.0 1233
 5.800 1245.0 -90  66  75   5.469 330.0  30.0 1257
 5.800 1247.5 -90  66  75   3.906 330.0  30.0 1235
 5.800 1250.0 -90  66  75  -2.344 330.0  30.0 1236
 5.800 1252.5 -90  66  75   3.906 330.0  30.0 1238
 5.800 1255.0 -90  66  81  -0.781 330.0  30.0 1246
 5.800 1257.5 -90  66  78   3.906 330.0  30.0 1256
 5.800 1260.0 -90  66  78  -5.469 330.0  30.0 1273
 5.800 1265.0 -90  66  75   3.906  30.0  30.0 1272
 5.800 1267.5 -90  66  75   3.906  30.0  30.0 1254
 5.800 1270.0 -90  66  81  -0.781 330.0  30.0 1285
 5.800 1272.5 -90  66  81  -5.469 330.0  30.0 1278
 5.800 1275.0 -90  66  75   0.781 330.0  30.0 1269
 5.800 1277.5 -90  66  75   5.469 330.0  30.0 1274
 5.800 1280.0 -90  66  75  -2.344 330.0  30.0 1279
 5.800 1282.5 -90  66  81   0.781 330.0  30.0 1273
 5.850  207.5  90  66  75   2.344 330.0  30.0  207
 5.850  232.5  90  66  75  -5.469 330.0  30.0  233
 5.850  300.0  90  66  81  -0.781   0.0   0.0  306
 5.850  302.5  90  66  90  -0.781   0.0   0.0  307
 5.850  305.0  90  66  84  -0.781   0.0   0.0  308
 5.850  320.0  90  66  75  -2.344 330.0  30.0  323
 5.850  322.5  90  66  75  -0.781 330.0  30.0  323
 5.850  340.0  90  66  75  -2.344 330.0  30.0  336
 5.850  360.0  90  66  75  -2.344 330.0  30.0  374
 5.850  380.0  90  66  75  -3.906 330.0  30.0  380
 5.850  382.5  90  66  75   5.469 330.0  30.0  372
 5.850  580.0  90  66  75  -0.781 330.0  30.0  594
 5.850  600.0  90  66  75   3.906 330.0  30.0  609
 5.850  602.5  90  66  75   2.344 330.0  30.0  593
 5.850  630.0  90  66  75   2.344 330.0  30.0  619
 5.850  647.5  90  66  75  -2.344 330.0  30.0  647
 5.850  675.0  90  66  75   0.781 330.0  30.0  682
 5.850  677.5  90  66  78  -2.344 330.0  30.0  664
 5.850  682.5  90  66  75  -2.344 330.0  30.0  669
 5.850  275.0 -90  66  75  -0.781   0.0   0.0  280
 5.850  277.5 -90  66  87   0.781   0.0   0.0  283
 5.850  280.0 -90  66  87   0.781   0.0   0.0  283
 5.850  637.5 -90  66  75  -3.906 330.0  30.0  642
 5.850  640.0 -90  66  75  -3.906 330.0  30.0  649
 5.850  642.5 -90  66  75  -2.344 330.0  30.0  635
 5.850  657.5 -90  66  75   5.469  30.0  30.0  660
 5.850  670.0 -90  66  75  -0.781 330.0  30.0  658
 5.850  672.5 -90  66  75  -2.344  30.0  30.0  682
 5.850  690.0 -90  66  75  -0.781 330.0  30.0  703
 5.850  692.5 -90  66  75   2.344 330.0  30.0  678
 5.850  697.5 -90  66  75   5.469  30.0  30.0  706
 5.850  707.5 -90  66  78   3.906 330.0  30.0  703
 5.850  710.0 -90  66  75   3.906 330.0  30.0  699
 5.850  717.5 -90  66  75  -0.781  30.0  30.0  706
 5.850  722.5 -90  66  75  -5.469 330.0  30.0  710
 5.850  727.5 -90  66  75  -2.344 330.0  30.0  733
 5.850  747.5 -90  66  75  -2.344 330.0  30.0  735
 5.850  765.0 -90  66  78   5.469 330.0  30.0  758
 5.850  767.5 -90  66  78   5.469 330.0  30.0  761
 5.850  782.5 -90  66  75   2.344 330.0  30.0  773
 5.850  792.5 -90  66  75  -2.344  30.0  30.0  794
 5.850  800.0 -90  66  75   2.344 330.0  30.0  799
 5.850  805.0 -90  66  75   2.344 330.0  30.0  808
 5.850  815.0 -90  66  75   0.781 330.0  30.0  808
 5.850  827.5 -90  66  75   3.906 330.0  30.0  842
 5.850  830.0 -90  66  75   2.344 330.0  30.0  822
 5.850  842.5 -90  66  78   0.781 330.0  30.0  850
 5.850  845.0 -90  66  75  -5.469  30.0  30.0  857
 5.850  850.0 -90  66  75  -3.906 330.0  30.0  849
 5.850  982.5 -90  66  75   3.906 330.0  30.0  989
 5.850 1002.5 -90  66  75  -3.906 330.0  30.0  992
 5.850 1007.5 -90  66  75   3.906 330.0  30.0 1021
 5.850 1032.5 -90  66  75  -5.469 330.0  30.0 1047
 5.850 1045.0 -90  66  75  -2.344 330.0  30.0 1031
 5.850 1052.5 -90  66  75  -3.906 330.0  30.0 1040
 5.850 1082.5 -90  66  75  -5.469 330.0  30.0 1086
 5.850 1085.0 -90  66  75  -3.906  30.0  30.0 1085
 5.850 1105.0 -90  66  75  -3.906 330.0  30.0 1103
 5.850 1115.0 -90  66  75  -5.469 330.0  30.0 1117
 5.850 1127.5 -90  66  75  -3.906 330.0  30.0 1118
 5.850 1130.0 -90  66  75  -3.906 330.0  30.0 1130
 5.850 1135.0 -90  66  75  -2.344  30.0  30.0 1149
 5.850 1137.5 -90  66  75  -2.344 330.0  30.0 1137
 5.850 1145.0 -90  66  75   3.906   0.0   0.0 1150
 5.850 1205.0 -90  66  75  -2.344 330.0  30.0 1212
 5.850 1212.5 -90  66  75  -5.469  30.0  30.0 1219
 5.850 1215.0 -90  66  75  -5.469  30.0  30.0 1212
 5.850 1235.0 -90  66  75   0.781 330.0  30.0 1245
 5.850 1237.5 -90  66  75  -0.781  30.0  30.0 1224
 5.900  302.5  90  63  75   0.781   0.0   0.0  308
 5.900  305.0  90  63  87  -0.781   0.0   0.0  310
 5.900  307.5  90  63  81  -0.781   0.0   0.0  310
 5.900  277.5 -90  63  72   0.781   0.0   0.0  281
 5.900  280.0 -90  63  84   0.781   0.0   0.0  286
 5.900  282.5 -90  63  87   0.781   0.0   0.0  286
 5.900  285.0 -90  63  78   0.781   0.0   0.0  286
 5.950  305.0  90  60  72   0.781   0.0   0.0  312
 5.950  307.5  90  60  87  -0.781   0.0   0.0  312
 5.950  310.0  90  60  84  -0.781   0.0   0.0  313
 5.950  312.5  90  60  69  -0.781   0.0   0.0  314
 5.950  282.5 -90  60  78   0.781   0.0   0.0  288
 5.950  285.0 -90  60  87   0.781   0.0   0.0  289
 5.950  287.5 -90  60  81   0.781   0.0   0.0  290
 5.950  695.0 -90  60  69   0.781   0.0   0.0  697
 6.000  310.0  90  63  84  -0.781   0.0   0.0  315
 6.000  312.5  90  63  84  -0.781   0.0   0.0  316
 6.000  287.5 -90  63  84   0.781   0.0   0.0  292
 6.000  290.0 -90  63  84   0.781   0.0   0.0  293
 6.050  312.5  90  63  84  -0.781   0.0   0.0  318
 6.050  315.0  90  63  87  -0.781   0.0   0.0  319
 6.050  317.5  90  63  75  -0.781   0.0   0.0  320
 6.050  692.5  90  63  72   3.906 330.0  30.0  695
 6.050  695.0  90  63  72   5.469 330.0  30.0  689
 6.050  290.0 -90  63  81   0.781   0.0   0.0  296
 6.050  292.5 -90  63  84   0.781   0.0   0.0  296
 6.050  295.0 -90  63  72   0.781   0.0   0.0  296
 6.050  662.5 -90  63  72  -2.344 150.0  30.0  673
 6.050  677.5 -90  63  72  -0.781 150.0  30.0  670
 6.050  692.5 -90  63  72  -2.344  30.0  30.0  687
 6.050  695.0 -90  63  72  -2.344  30.0  30.0  693
 6.050  697.5 -90  63  72  -2.344  30.0  30.0  696
 6.050  700.0 -90  63  72  -2.344 150.0  30.0  705
 6.050  710.0 -90  63  72  -2.344 150.0  30.0  701
 6.050  712.5 -90  63  72  -2.344  30.0  30.0  717
 6.050  715.0 -90  63  72  -2.344  30.0  30.0  718
 6.050  717.5 -90  63  72  -2.344 150.0  30.0  712
 6.050  730.0 -90  63  72  -3.906   0.0   0.0  733
 6.050  745.0 -90  63  72  -0.781  30.0  30.0  739
 6.100  315.0  90  63  81  -0.781   0.0   0.0  321
 6.100  317.5  90  63  87  -0.781   0.0   0.0  322
 6.100  320.0  90  63  75  -0.781   0.0   0.0  323
 6.100  292.5 -90  63  78   0.781   0.0   0.0  298
 6.100  295.0 -90  63  87   0.781   0.0   0.0  299
 6.100  297.5 -90  63  78   0.781   0.0   0.0  300
 6.150  317.5  90  63  78  -0.781   0.0   0.0  324
 6.150  320.0  90  63  87  -0.781   0.0   0.0  325
 6.150  322.5  90  63  81  -0.781   0.0   0.0  325
 6.150  295.0 -90  63  72   0.781   0.0   0.0  303
 6.150  297.5 -90  63  87   0.781   0.0   0.0  302
 6.150  300.0 -90  63  81   0.781   0.0   0.0  302
 6.200  320.0  90  72  84  -0.781   0.0   0.0  327
 6.200  322.5  90  72 102  -0.781   0.0   0.0  328
 6.200  325.0  90  72  99  -0.781   0.0   0.0  328
 6.200  327.5  90  72  84  -0.781   0.0   0.0  330
 6.200  297.5 -90  72  84  -0.781   0.0   0.0  303
 6.200  300.0 -90  72  96   0.781   0.0   0.0  305
 6.200  302.5 -90  72  96   0.781   0.0   0.0  305
 6.200  305.0 -90  72  81  -0.781   0.0   0.0  306
 6.250  322.5  90  75  84  -0.781   0.0   0.0  328
 6.250  325.0  90  75  99  -0.781   0.0   0.0  331
 6.250  327.5  90  75 102  -0.781   0.0   0.0  331
 6.250  330.0  90  75  87  -0.781   0.0   0.0  332
 6.250  300.0 -90  72  81   0.781   0.0   0.0  304
 6.250  302.5 -90  72  96   0.781   0.0   0.0  308
 6.250  305.0 -90  72  99   0.781   0.0   0.0  308
 6.250  307.5 -90  72  84   0.781   0.0   0.0  310
 6.300  327.5  90  75  96  -0.781   0.0   0.0  333
 6.300  330.0  90  75 102  -0.781   0.0   0.0  334
 6.300  332.5  90  75  90  -0.781   0.0   0.0  335
 6.300  305.0 -90  75  93   0.781   0.0   0.0  311
 6.300  307.5 -90  75  99   0.781   0.0   0.0  311
 6.300  310.0 -90  75  84  -0.781   0.0   0.0  313
 6.350  330.0  90  75  93  -0.781   0.0   0.0  336
 6.350  332.5  90  75 102  -0.781   0.0   0.0  337
 6.350  335.0  90  75  93  -0.781   0.0   0.0  338
 6.350  307.5 -90  75  93   0.781   0.0   0.0  314
 6.350  310.0 -90  75  99   0.781   0.0   0.0  314
 6.350  312.5 -90  75  84   0.781   0.0   0.0  315
 6.400  332.5  90  75  87  -0.781   0.0   0.0  338
 6.400  335.0  90  75  99  -0.781   0.0   0.0  340
 6.400  337.5  90  75  96  -0.781   0.0   0.0  341
 6.400  310.0 -90  72  90   0.781   0.0   0.0  316
 6.400  312.5 -90  72  99   0.781   0.0   0.0  316
 6.400  315.0 -90  72  87   0.781   0.0   0.0  317
 6.450  335.0  90  72  81  -0.781   0.0   0.0  340
 6.450  337.5  90  72  96  -0.781   0.0   0.0  343
 6.450  340.0  90  72  96  -0.781   0.0   0.0  344
 6.450  342.5  90  72  84   0.781   0.0   0.0  344
 6.450  312.5 -90  72  90   0.781   0.0   0.0  317
 6.450  315.0 -90  72  96   0.781   0.0   0.0  319
 6.450  317.5 -90  72  84   0.781   0.0   0.0  320
 6.500  340.0  90  60  78  -0.781   0.0   0.0  346
 6.500  342.5  90  60  87  -0.781   0.0   0.0  347
 6.500  345.0  90  60  78  -0.781   0.0   0.0  348
 6.500  315.0 -90  60  75   0.781   0.0   0.0  322
 6.500  317.5 -90  60  84   0.781   0.0   0.0  322
 6.500  320.0 -90  60  75   0.781   0.0   0.0  322
 6.550  342.5  90  72  81  -0.781   0.0   0.0  351
 6.550  345.0  90  72  96  -0.781   0.0   0.0  350
 6.550  347.5  90  72  96  -0.781   0.0   0.0  351
 6.550  350.0  90  72  81  -0.781   0.0   0.0  353
 6.550  317.5 -90  72  84   0.781   0.0   0.0  324
 6.550  320.0 -90  72  99   0.781   0.0   0.0  325
 6.550  322.5 -90  72  90   0.781   0.0   0.0  326
 6.600  347.5  90  60  81  -0.781   0.0   0.0  354
 6.600  350.0  90  60  90  -0.781   0.0   0.0  354
 6.600  352.5  90  60  78  -0.781   0.0   0.0  355
 6.600  320.0 -90  60  69   0.781   0.0   0.0  327
 6.600  322.5 -90  60  87   0.781   0.0   0.0  327
 6.600  325.0 -90  60  81   0.781   0.0   0.0  328
 6.650  350.0  90  60  78  -0.781   0.0   0.0  356
 6.650  352.5  90  60  90  -0.781   0.0   0.0  358
 6.650  355.0  90  60  87  -0.781   0.0   0.0  359
 6.650  357.5  90  60  72  -0.781   0.0   0.0  360
 6.650  705.0  90  60  69  -0.781   0.0   0.0  709
 6.650  707.5  90  60  69  -0.781   0.0   0.0  712
 6.650  322.5 -90  60  72   0.781   0.0   0.0  329
 6.650  325.0 -90  60  84   0.781   0.0   0.0  330
 6.650  327.5 -90  60  84   0.781   0.0   0.0  331
 6.650  330.0 -90  60  69   0.781   0.0   0.0  331
 6.700  355.0  90  72  96  -0.781   0.0   0.0  361
 6.700  357.5  90  72 102  -0.781   0.0   0.0  362
 6.700  360.0  90  72  93  -0.781   0.0   0.0  363
 6.700  712.5  90  72  81  -0.781   0.0   0.0  715
 6.700  325.0 -90  72  81   0.781   0.0   0.0  330
 6.700  327.5 -90  72  96   0.781   0.0   0.0  333
 6.700  330.0 -90  72  99   0.781   0.0   0.0  333
 6.700  332.5 -90  72  84  -0.781   0.0   0.0  335
 6.750  357.5  90  60  78  -0.781   0.0   0.0  364
 6.750  360.0  90  60  93  -0.781   0.0   0.0  365
 6.750  362.5  90  60  90  -0.781   0.0   0.0  366
 6.750  365.0  90  60  75  -0.781   0.0   0.0  368
 6.750  720.0  90  60  72  -0.781   0.0   0.0  724
 6.750  330.0 -90  60  84   0.781   0.0   0.0  335
 6.750  332.5 -90  60  90   0.781   0.0   0.0  336
 6.750  335.0 -90  60  78   0.781   0.0   0.0  337
 6.800   80.0  90  75  87  -5.469 330.0  30.0   78
 6.800   82.5  90  75  90  -5.469 330.0  30.0   86
 6.800   85.0  90  75  87  -5.469 330.0  30.0   93
 6.800   87.5  90  75  87  -3.906 330.0  30.0   88
 6.800   90.0  90  75  84  -3.906 330.0  30.0  103
 6.800   92.5  90  75  87  -5.469 330.0  30.0   78
 6.800   97.5  90  75  84   3.906 330.0  30.0  110
 6.800  100.0  90  75  87   5.469 330.0  30.0   89
 6.800  105.0  90  75  84   0.781 330.0  30.0   92
 6.800  107.5  90  75  84   5.469 330.0  30.0   96
 6.800  110.0  90  75  90  -0.781 330.0  30.0   98
 6.800  112.5  90  75  93  -2.344 330.0  30.0  104
 6.800  115.0  90  75  90  -5.469 330.0  30.0  115
 6.800  117.5  90  75  87  -3.906 330.0  30.0  104
 6.800  120.0  90  75  87  -0.781 330.0  30.0  118
 6.800  122.5  90  75  87  -0.781 330.0  30.0  109
 6.800  125.0  90  75  90  -0.781 330.0  30.0  123
 6.800  127.5  90  75  87  -3.906 330.0  30.0  120
 6.800  130.0  90  75  90   0.781 330.0  30.0  129
 6.800  132.5  90  75  90   0.781 330.0  30.0  139
 6.800  137.5  90  75  87   3.906 330.0  30.0  124
 6.800  140.0  90  75  84   2.344 330.0  30.0  154
 6.800  142.5  90  75  87   2.344 330.0  30.0  134
 6.800  145.0  90  75  90   0.781 330.0  30.0  148
 6.800  147.5  90  75  87   3.906 330.0  30.0  133
 6.800  150.0  90  75  90   0.781 330.0  30.0  160
 6.800  152.5  90  75  84  -0.781 330.0  30.0  143
 6.800  155.0  90  75  87  -3.906 330.0  30.0  169
 6.800  157.5  90  75  87  -2.344 330.0  30.0  172
 6.800  160.0  90  75  87   0.781 330.0  30.0  150
 6.800  162.5  90  75  90  -0.781 330.0  30.0  151
 6.800  165.0  90  75  87  -2.344 330.0  30.0  163
 6.800  167.5  90  75  84  -5.469 330.0  30.0  174
 6.800  170.0  90  75  87   5.469 330.0  30.0  177
 6.800  172.5  90  75  87   5.469 330.0  30.0  180
 6.800  175.0  90  75  90   5.469 330.0  30.0  187
 6.800  177.5  90  75  87  -0.781 330.0  30.0  169
 6.800  180.0  90  75  84   0.781 330.0  30.0  182
 6.800  182.5  90  75  87   3.906 330.0  30.0  189
 6.800  185.0  90  75  84   3.906 330.0  30.0  198
 6.800  187.5  90  75  90   5.469 330.0  30.0  190
 6.800  190.0  90  75  87   0.781 330.0  30.0  182
 6.800  192.5  90  75  84  -2.344 330.0  30.0  190
 6.800  195.0  90  75  87   5.469 330.0  30.0  206
 6.800  197.5  90  75  84   2.344 330.0  30.0  193
 6.800  200.0  90  75  87  -5.469 330.0  30.0  208
 6.800  202.5  90  75  90  -5.469 330.0  30.0  213
 6.800  205.0  90  75  90   0.781 330.0  30.0  219
 6.800  207.5  90  75  90   3.906 330.0  30.0  215
 6.800  210.0  90  75  87   2.344 330.0  30.0  204
 6.800  212.5  90  75  84  -2.344 330.0  30.0  203
 6.800  215.0  90  75  87  -2.344 330.0  30.0  215
 6.800  217.5  90  75  87  -0.781 330.0  30.0  224
 6.800  220.0  90  75  87   3.906 330.0  30.0  211
 6.800  227.5  90  75  90  -3.906 330.0  30.0  229
 6.800  232.5  90  75  84  -3.906 330.0  30.0  220
 6.800  235.0  90  75  84  -2.344 330.0  30.0  230
 6.800  237.5  90  75  84  -2.344 330.0  30.0  228
 6.800  240.0  90  75  90   0.781 330.0  30.0  250
 6.800  242.5  90  75  87   5.469 330.0  30.0  251
 6.800  245.0  90  75  84   5.469 330.0  30.0  234
 6.800  252.5  90  75  84  -0.781 330.0  30.0  241
 6.800  255.0  90  75  87  -0.781 330.0  30.0  248
 6.800  257.5  90  75  84  -2.344 330.0  30.0  249
 6.800  260.0  90  75  84  -2.344 330.0  30.0  248
 6.800  265.0  90  75  84  -3.906 330.0  30.0  271
 6.800  267.5  90  75  84   3.906 330.0  30.0  281
 6.800  270.0  90  75  87   2.344 330.0  30.0  265
 6.800  272.5  90  75  87  -5.469 330.0  30.0  268
 6.800  277.5  90  75  87  -5.469 330.0  30.0  274
 6.800  280.0  90  75  84   5.469 330.0  30.0  284
 6.800  302.5  90  75  84  -3.906 330.0  30.0  303
 6.800  362.5  90  75  99  -0.781   0.0   0.0  368
 6.800  365.0  90  75 105  -0.781   0.0   0.0  369
 6.800  367.5  90  75  96  -0.781   0.0   0.0  371
 6.800  727.5  90  75  84  -0.781   0.0   0.0  733
 6.800 1220.0  90  75  84  -3.906 330.0  30.0 1219
 6.800 1227.5  90  75  84  -5.469 330.0  30.0 1231
 6.800 1230.0  90  75  84   5.469 330.0  30.0 1224
 6.800 1232.5  90  75  84   5.469 330.0  30.0 1230
 6.800 1235.0  90  75  84   3.906 330.0  30.0 1235
 6.800 1250.0  90  75  84   3.906 330.0  30.0 1247
 6.800 1252.5  90  75  84   0.781 330.0  30.0 1246
 6.800 1260.0  90  75  84  -5.469 330.0  30.0 1259
 6.800   82.5 -90  75  84   2.344 330.0  30.0   81
 6.800   85.0 -90  75  84   2.344 330.0  30.0   73
 6.800   92.5 -90  75  84   5.469 330.0  30.0   87
 6.800  107.5 -90  75  84  -3.906 330.0  30.0  106
 6.800  110.0 -90  75  87  -0.781 330.0  30.0   96
 6.800  115.0 -90  75  84  -3.906 330.0  30.0  125
 6.800  117.5 -90  75  87  -0.781 330.0  30.0  110
 6.800  120.0 -90  75  87  -2.344 330.0  30.0  133
 6.800  122.5 -90  75  87   2.344 330.0  30.0  118
 6.800  130.0 -90  75  84  -2.344 330.0  30.0  130
 6.800  132.5 -90  75  84   0.781 330.0  30.0  145
 6.800  137.5 -90  75  87   2.344 330.0  30.0  123
 6.800  140.0 -90  75  87  -2.344 330.0  30.0  136
 6.800  142.5 -90  75  84  -5.469 330.0  30.0  144
 6.800  147.5 -90  75  87   5.469 330.0  30.0  145
 6.800  152.5 -90  75  87  -2.344 330.0  30.0  151
 6.800  155.0 -90  75  84   5.469 330.0  30.0  167
 6.800  157.5 -90  75  84   5.469 330.0  30.0  172
 6.800  160.0 -90  75  87   0.781 330.0  30.0  156
 6.800  162.5 -90  75  84   3.906 330.0  30.0  165
 6.800  167.5 -90  75  84  -3.906 330.0  30.0  161
 6.800  170.0 -90  75  84   0.781 330.0  30.0  168
 6.800  172.5 -90  75  90  -0.781 330.0  30.0  170
 6.800  175.0 -90  75  84  -0.781 330.0  30.0  178
 6.800  177.5 -90  75  87  -2.344 330.0  30.0  185
 6.800  180.0 -90  75  90  -5.469 330.0  30.0  169
 6.800  182.5 -90  75  90   5.469 330.0  30.0  172
 6.800  185.0 -90  75  90   5.469 330.0  30.0  176
 6.800  187.5 -90  75  84   3.906 330.0  30.0  200
 6.800  190.0 -90  75  87  -0.781 330.0  30.0  186
 6.800  192.5 -90  75  84  -2.344 330.0  30.0  185
 6.800  195.0 -90  75  84  -3.906 330.0  30.0  184
 6.800  197.5 -90  75  87  -0.781 330.0  30.0  210
 6.800  200.0 -90  75  84   3.906 330.0  30.0  198
 6.800  202.5 -90  75  84   0.781 330.0  30.0  200
 6.800  205.0 -90  75  87  -2.344 330.0  30.0  211
 6.800  207.5 -90  75  84  -2.344 330.0  30.0  208
 6.800  210.0 -90  75  87  -5.469 330.0  30.0  224
 6.800  212.5 -90  75  90  -3.906 330.0  30.0  198
 6.800  215.0 -90  75  93  -2.344 330.0  30.0  205
 6.800  217.5 -90  75  90   0.781 330.0  30.0  224
 6.800  220.0 -90  75  84   0.781 330.0  30.0  206
 6.800  222.5 -90  75  84   5.469 330.0  30.0  215
 6.800  225.0 -90  75  87   3.906 330.0  30.0  218
 6.800  227.5 -90  75  87   5.469 330.0  30.0  233
 6.800  230.0 -90  75  84   3.906 330.0  30.0  226
 6.800  232.5 -90  75  84   2.344 330.0  30.0  238
 6.800  235.0 -90  75  87   2.344 330.0  30.0  240
 6.800  237.5 -90  75  90   0.781 330.0  30.0  250
 6.800  240.0 -90  75  90   5.469 330.0  30.0  239
 6.800  242.5 -90  75  93  -5.469 330.0  30.0  248
 6.800  245.0 -90  75  84  -5.469 330.0  30.0  253
 6.800  247.5 -90  75  90   2.344 330.0  30.0  254
 6.800  250.0 -90  75  90   2.344 330.0  30.0  239
 6.800  252.5 -90  75  87   2.344 330.0  30.0  249
 6.800  255.0 -90  75  87   0.781 330.0  30.0  248
 6.800  257.5 -90  75  84   3.906 330.0  30.0  266
 6.800  260.0 -90  75  87   3.906 330.0  30.0  252
 6.800  262.5 -90  75  84  -2.344 330.0  30.0  249
 6.800  265.0 -90  75  87   0.781 330.0  30.0  252
 6.800  267.5 -90  75  90  -0.781 330.0  30.0  272
 6.800  270.0 -90  75  87   5.469 330.0  30.0  262
 6.800  272.5 -90  75  84  -5.469 330.0  30.0  278
 6.800  275.0 -90  75  87  -0.781 330.0  30.0  268
 6.800  277.5 -90  75  90   5.469 330.0  30.0  274
 6.800  280.0 -90  75  93   5.469 330.0  30.0  283
 6.800  282.5 -90  75  90   2.344 330.0  30.0  287
 6.800  285.0 -90  75  84   3.906 330.0  30.0  299
 6.800  287.5 -90  75  90  -5.469 330.0  30.0  280
 6.800  290.0 -90  75  84  -5.469 330.0  30.0  291
 6.800  292.5 -90  75  90  -3.906 330.0  30.0  301
 6.800  295.0 -90  75  87   2.344 330.0  30.0  281
 6.800  297.5 -90  75  90  -3.906 330.0  30.0  303
 6.800  300.0 -90  75  93  -3.906 330.0  30.0  293
 6.800  302.5 -90  75  87  -5.469 330.0  30.0  288
 6.800  305.0 -90  75  90  -0.781 330.0  30.0  308
 6.800  307.5 -90  75  87  -2.344 330.0  30.0  307
 6.800  310.0 -90  75  93  -3.906 330.0  30.0  301
 6.800  312.5 -90  75  90  -3.906 330.0  30.0  308
 6.800  315.0 -90  75  90  -3.906 330.0  30.0  312
 6.800  317.5 -90  75  87  -2.344 330.0  30.0  314
 6.800  320.0 -90  75  84   5.469 330.0  30.0  325
 6.800  322.5 -90  75  87   0.781 330.0  30.0  323
 6.800  325.0 -90  75  87   5.469 330.0  30.0  313
 6.800  327.5 -90  75  87  -0.781 330.0  30.0  342
 6.800  330.0 -90  75  90  -3.906 330.0  30.0  340
 6.800  332.5 -90  75  96   0.781   0.0   0.0  338
 6.800  335.0 -90  75 102  -0.781   0.0   0.0  339
 6.800  337.5 -90  75  93   0.781   0.0   0.0  340
 6.800  340.0 -90  75  84   0.781 330.0  30.0  337
 6.800  342.5 -90  75  90   0.781 330.0  30.0  333
 6.800  345.0 -90  75  90  -5.469 330.0  30.0  346
 6.800  347.5 -90  75  84  -3.906 330.0  30.0  362
 6.800  350.0 -90  75  87   0.781 330.0  30.0  354
 6.800  352.5 -90  75  84  -2.344 330.0  30.0  351
 6.800  355.0 -90  75  90  -2.344 330.0  30.0  351
 6.800  357.5 -90  75  90  -2.344 330.0  30.0  350
 6.800  360.0 -90  75  84  -3.906 330.0  30.0  349
 6.800  362.5 -90  75  84  -0.781 330.0  30.0  366
 6.800  365.0 -90  75  87  -3.906 330.0  30.0  363
 6.800  367.5 -90  75  87   3.906 330.0  30.0  379
 6.800  370.0 -90  75  93   3.906 330.0  30.0  358
 6.800  372.5 -90  75  87  -3.906 330.0  30.0  374
 6.800  375.0 -90  75  90  -2.344 330.0  30.0  377
 6.800  377.5 -90  75  87  -0.781 330.0  30.0  390
 6.800  380.0 -90  75  87   3.906 330.0  30.0  373
 6.800  382.5 -90  75  84  -5.469 330.0  30.0  392
 6.800  385.0 -90  75  87   5.469 330.0  30.0  394
 6.800  387.5 -90  75  84   5.469 330.0  30.0  386
 6.800  395.0 -90  75  90   2.344 330.0  30.0  384
 6.800  397.5 -90  75  87  -0.781 330.0  30.0  401
 6.800  400.0 -90  75  84   5.469 330.0  30.0  413
 6.800  402.5 -90  75  84   5.469 330.0  30.0  417
 6.800  405.0 -90  75  87  -2.344 330.0  30.0  415
 6.800  407.5 -90  75  87  -2.344 330.0  30.0  409
 6.800  410.0 -90  75  87   0.781 330.0  30.0  395
 6.800  415.0 -90  75  87  -2.344 330.0  30.0  420
 6.800  417.5 -90  75  84  -2.344 330.0  30.0  426
 6.800  420.0 -90  75  84   2.344 330.0  30.0  418
 6.800  422.5 -90  75  87  -0.781 330.0  30.0  416
 6.800  425.0 -90  75  87   3.906 330.0  30.0  423
 6.800  430.0 -90  75  84   5.469 330.0  30.0  441
 6.800  432.5 -90  75  87   0.781 330.0  30.0  429
 6.800  437.5 -90  75  87  -2.344 330.0  30.0  440
 6.800  440.0 -90  75  87  -2.344 330.0  30.0  450
 6.800  442.5 -90  75  84   2.344 330.0  30.0  443
 6.800  445.0 -90  75  87   3.906 330.0  30.0  452
 6.800  447.5 -90  75  84  -0.781 330.0  30.0  447
 6.800  450.0 -90  75  84  -3.906 330.0  30.0  441
 6.800  452.5 -90  75  84  -2.344 330.0  30.0  442
 6.800  455.0 -90  75  84   2.344 330.0  30.0  446
 6.800  460.0 -90  75  84   2.344 330.0  30.0  448
 6.800  462.5 -90  75  87  -0.781 330.0  30.0  450
 6.800  465.0 -90  75  84   0.781 330.0  30.0  470
 6.800  467.5 -90  75  87   5.469 330.0  30.0  467
 6.800  470.0 -90  75  90   5.469 330.0  30.0  468
 6.800  472.5 -90  75  90  -0.781 330.0  30.0  477
 6.800  475.0 -90  75  87  -0.781 330.0  30.0  481
 6.800  477.5 -90  75  87   3.906 330.0  30.0  464
 6.800  480.0 -90  75  90   2.344 330.0  30.0  476
 6.800  482.5 -90  75  84  -3.906 330.0  30.0  473
 6.800  485.0 -90  75  87   3.906 330.0  30.0  499
 6.800  487.5 -90  75  84   5.469 330.0  30.0  494
 6.800  490.0 -90  75  84   5.469 330.0  30.0  495
 6.800  492.5 -90  75  84   2.344 330.0  30.0  478
 6.800  495.0 -90  75  87   0.781 330.0  30.0  497
 6.800  497.5 -90  75  90   3.906 330.0  30.0  489
 6.800  500.0 -90  75  90   5.469 330.0  30.0  511
 6.800  502.5 -90  75  87   0.781 330.0  30.0  510
 6.800  505.0 -90  75  87   5.469 330.0  30.0  501
 6.800  507.5 -90  75  90   5.469 330.0  30.0  510
 6.800  510.0 -90  75  87  -5.469 330.0  30.0  517
 6.800  512.5 -90  75  84   0.781 330.0  30.0  521
 6.800  515.0 -90  75  84   5.469 330.0  30.0  522
 6.800  517.5 -90  75  87  -3.906 330.0  30.0  514
 6.800  522.5 -90  75  87   0.781 330.0  30.0  512
 6.800  525.0 -90  75  90   2.344 330.0  30.0  515
 6.800  527.5 -90  75  87  -5.469 330.0  30.0  522
 6.800  530.0 -90  75  93  -2.344 330.0  30.0  521
 6.800  532.5 -90  75  93  -2.344 330.0  30.0  525
 6.800  535.0 -90  75  87   5.469 330.0  30.0  533
 6.800  537.5 -90  75  87   2.344 330.0  30.0  524
 6.800  540.0 -90  75  84   0.781 330.0  30.0  529
 6.800  542.5 -90  75  84  -5.469 330.0  30.0  556
 6.800  545.0 -90  75  87  -0.781 330.0  30.0  535
 6.800  547.5 -90  75  90   2.344 330.0  30.0  558
 6.800  550.0 -90  75  87   5.469 330.0  30.0  546
 6.800  552.5 -90  75  87   2.344 330.0  30.0  557
 6.800  557.5 -90  75  90  -2.344 330.0  30.0  564
 6.800  560.0 -90  75  96  -0.781 330.0  30.0  556
 6.800  562.5 -90  75  90  -2.344 330.0  30.0  567
 6.800  565.0 -90  75  87   2.344 330.0  30.0  570
 6.800  567.5 -90  75  87   2.344 330.0  30.0  554
 6.800  570.0 -90  75  93  -3.906 330.0  30.0  572
 6.800  572.5 -90  75  93  -5.469 330.0  30.0  572
 6.800  575.0 -90  75  87   0.781 330.0  30.0  570
 6.800  577.5 -90  75  90   2.344 330.0  30.0  587
 6.800  580.0 -90  75  87   3.906 330.0  30.0  584
 6.800  582.5 -90  75  87   2.344 330.0  30.0  588
 6.800  585.0 -90  75  87   3.906 330.0  30.0  586
 6.800  587.5 -90  75  90   2.344 330.0  30.0  584
 6.800  590.0 -90  75  87  -3.906 330.0  30.0  588
 6.800  592.5 -90  75  90   5.469 330.0  30.0  607
 6.800  595.0 -90  75  90   3.906 330.0  30.0  609
 6.800  600.0 -90  75  87  -3.906 330.0  30.0  594
 6.800  602.5 -90  75  90  -3.906 330.0  30.0  599
 6.800  605.0 -90  75  90  -3.906 330.0  30.0  602
 6.800  607.5 -90  75  93  -5.469 330.0  30.0  594
 6.800  610.0 -90  75  84  -3.906 330.0  30.0  610
 6.800  612.5 -90  75  90  -2.344 330.0  30.0  609
 6.800  615.0 -90  75  84   5.469 330.0  30.0  622
 6.800  617.5 -90  75  87   0.781 330.0  30.0  621
 6.800  620.0 -90  75  84  -2.344 330.0  30.0  608
 6.800  622.5 -90  75  90  -5.469 330.0  30.0  632
 6.800  625.0 -90  75  93   5.469 330.0  30.0  617
 6.800  627.5 -90  75  90  -5.469 330.0  30.0  618
 6.800  630.0 -90  75  90  -3.906 330.0  30.0  625
 6.800  632.5 -90  75  90  -2.344 330.0  30.0  621
 6.800  635.0 -90  75  93  -3.906 330.0  30.0  625
 6.800  637.5 -90  75  93  -2.344 330.0  30.0  652
 6.800  640.0 -90  75  90  -3.906 330.0  30.0  631
 6.800  642.5 -90  75  84   0.781 330.0  30.0  652
 6.800  645.0 -90  75  87   2.344 330.0  30.0  652
 6.800  650.0 -90  75  84  -2.344 330.0  30.0  646
 6.800  652.5 -90  75  87  -3.906 330.0  30.0  655
 6.800  655.0 -90  75  90   3.906 330.0  30.0  659
 6.800  657.5 -90  75  90   3.906 330.0  30.0  661
 6.800  660.0 -90  75  93  -5.469 330.0  30.0  654
 6.800  662.5 -90  75  90   5.469 330.0  30.0  660
 6.800  665.0 -90  75  90   3.906 330.0  30.0  670
 6.800  667.5 -90  75  90  -5.469 330.0  30.0  656
 6.800  670.0 -90  75  87   2.344 330.0  30.0  677
 6.800  672.5 -90  75  84  -0.781 330.0  30.0  676
 6.800  675.0 -90  75  84   5.469 330.0  30.0  678
 6.800  677.5 -90  75  87   0.781 330.0  30.0  667
 6.800  680.0 -90  75  84  -0.781 330.0  30.0  675
 6.800  685.0 -90  75  84   3.906 330.0  30.0  677
 6.800  687.5 -90  75  90   2.344 330.0  30.0  685
 6.800  690.0 -90  75  90  -0.781 330.0  30.0  691
 6.800  692.5 -90  75  87  -0.781 330.0  30.0  697
 6.800  695.0 -90  75  87   2.344 330.0  30.0  700
 6.800  697.5 -90  75  84  -3.906 330.0  30.0  693
 6.800  700.0 -90  75  84   2.344 330.0  30.0  703
 6.800  712.5 -90  75  84  -2.344 330.0  30.0  702
 6.800  717.5 -90  75  90  -3.906 330.0  30.0  730
 6.800  720.0 -90  75  90   3.906 330.0  30.0  732
 6.800  722.5 -90  75  84   2.344 330.0  30.0  712
 6.800  730.0 -90  75  84  -0.781 330.0  30.0  720
 6.800  732.5 -90  75  84  -2.344 330.0  30.0  727
 6.800  735.0 -90  75  87   5.469 330.0  30.0  723
 6.800  740.0 -90  75  84  -3.906 330.0  30.0  728
 6.800  742.5 -90  75  84  -0.781 330.0  30.0  740
 6.800  755.0 -90  75  84   2.344 330.0  30.0  747
 6.800  757.5 -90  75  84   5.469 330.0  30.0  768
 6.800  762.5 -90  75  87  -5.469 330.0  30.0  762
 6.800  765.0 -90  75  84   0.781 330.0  30.0  762
 6.800  782.5 -90  75  84   3.906 330.0  30.0  774
 6.850  365.0  90  75  87  -0.781   0.0   0.0  372
 6.850  367.5  90  75 102  -0.781   0.0   0.0  373
 6.850  370.0  90  75 102  -0.781   0.0   0.0  374
 6.850  372.5  90  75  90  -0.781   0.0   0.0  375
 6.850  735.0  90  75  84  -0.781   0.0   0.0  741
 6.850  737.5  90  75  84  -0.781   0.0   0.0  741
 6.850  852.5  90  75  84   0.781 330.0  30.0  860
 6.850  855.0  90  75  84   5.469 330.0  30.0  847
 6.850  865.0  90  75  84   3.906 330.0  30.0  858
 6.850  867.5  90  75  84   5.469 330.0  30.0  864
 6.850  880.0  90  75  84  -2.344 330.0  30.0  866
 6.850  882.5  90  75  84   3.906 330.0  30.0  871
 6.850  885.0  90  75  84   2.344 330.0  30.0  892
 6.850  902.5  90  75  84   0.781 270.0  30.0  913
 6.850  905.0  90  75  84  -2.344 330.0  30.0  899
 6.850  907.5  90  75  84   3.906 330.0  30.0  916
 6.850  915.0  90  75  87  -0.781 330.0  30.0  905
 6.850  917.5  90  75  87  -3.906 330.0  30.0  919
 6.850  925.0  90  75  87   2.344 330.0  30.0  912
 6.850  927.5  90  75  87   2.344 330.0  30.0  935
 6.850  930.0  90  75  84   3.906 330.0  30.0  923
 6.850  942.5  90  75  84  -2.344 330.0  30.0  946
 6.850  945.0  90  75  84   5.469 330.0  30.0  953
 6.850  947.5  90  75  84  -2.344 330.0  30.0  935
 6.850  957.5  90  75  84   0.781 270.0  30.0  962
 6.850  960.0  90  75  87   3.906 330.0  30.0  970
 6.850  962.5  90  75  84   5.469 330.0  30.0  967
 6.850  967.5  90  75  84   5.469 330.0  30.0  974
 6.850  972.5  90  75  84   2.344 330.0  30.0  985
 6.850  985.0  90  75  84   0.781 330.0  30.0  986
 6.850  987.5  90  75  84  -0.781 330.0  30.0  999
 6.850  990.0  90  75  84  -2.344 330.0  30.0  999
 6.850  992.5  90  75  87  -3.906 330.0  30.0  994
 6.850  995.0  90  75  87  -5.469 330.0  30.0  994
 6.850 1005.0  90  75  84  -2.344 330.0  30.0 1002
 6.850 1010.0  90  75  84   2.344 330.0  30.0 1007
 6.850 1012.5  90  75  84   0.781 330.0  30.0 1016
 6.850 1015.0  90  75  84   3.906 330.0  30.0 1025
 6.850 1017.5  90  75  84   2.344 330.0  30.0 1025
 6.850 1020.0  90  75  84   3.906 330.0  30.0 1017
 6.850 1022.5  90  75  87   5.469 330.0  30.0 1012
 6.850 1025.0  90  75  90  -2.344 330.0  30.0 1018
 6.850 1027.5  90  75  87  -5.469 330.0  30.0 1036
 6.850 1035.0  90  75  84   2.344 330.0  30.0 1045
 6.850 1037.5  90  75  87   0.781 330.0  30.0 1041
 6.850 1040.0  90  75  84  -3.906 330.0  30.0 1034
 6.850 1050.0  90  75  84  -0.781 330.0  30.0 1039
 6.850 1052.5  90  75  84  -3.906 330.0  30.0 1057
 6.850 1055.0  90  75  87   3.906 330.0  30.0 1050
 6.850 1057.5  90  75  84   5.469 330.0  30.0 1052
 6.850 1062.5  90  75  84   0.781 330.0  30.0 1054
 6.850 1065.0  90  75  84  -2.344 330.0  30.0 1077
 6.850 1072.5  90  75  84  -2.344 270.0  30.0 1080
 6.850 1075.0  90  75  87   2.344 330.0  30.0 1070
 6.850 1077.5  90  75  84   2.344 330.0  30.0 1077
 6.850 1087.5  90  75  87  -2.344 330.0  30.0 1079
 6.850 1090.0  90  75  87   0.781 330.0  30.0 1076
 6.850 1097.5  90  75  84  -5.469 330.0  30.0 1104
 6.850 1100.0  90  75  84  -2.344 330.0  30.0 1086
 6.850 1110.0  90  75  84   3.906 330.0  30.0 1116
 6.850 1112.5  90  75  84   3.906 330.0  30.0 1123
 6.850 1115.0  90  75  84   3.906 330.0  30.0 1115
 6.850 1117.5  90  75  84   3.906 330.0  30.0 1109
 6.850 1120.0  90  75  84   2.344 330.0  30.0 1115
 6.850 1125.0  90  75  84   0.781 330.0  30.0 1123
 6.850 1127.5  90  75  84  -0.781 330.0  30.0 1131
 6.850 1155.0  90  75  84  -5.469 330.0  30.0 1154
 6.850 1157.5  90  75  84   3.906 330.0  30.0 1146
 6.850 1160.0  90  75  87  -0.781 330.0  30.0 1166
 6.850 1162.5  90  75  84  -2.344 330.0  30.0 1169
 6.850 1165.0  90  75  84  -3.906 330.0  30.0 1159
 6.850 1212.5  90  75  84   2.344 330.0  30.0 1215
 6.850 1215.0  90  75  84  -2.344 330.0  30.0 1205
 6.850 1217.5  90  75  87  -3.906 330.0  30.0 1219
 6.850 1240.0  90  75  84   5.469 330.0  30.0 1228
 6.850 1242.5  90  75  84   0.781 330.0  30.0 1239
 6.850 1247.5  90  75  87  -5.469 330.0  30.0 1254
 6.850 1250.0  90  75  87   3.906 330.0  30.0 1240
 6.850 1252.5  90  75  87   0.781 330.0  30.0 1245
 6.850 1255.0  90  75  84  -0.781 330.0  30.0 1261
 6.850 1270.0  90  75  87  -3.906 330.0  30.0 1265
 6.850 1272.5  90  75  84   5.469 330.0  30.0 1278
 6.850 1275.0  90  75  84   3.906 330.0  30.0 1282
 6.850 1277.5  90  75  87  -2.344 330.0  30.0 1284
 6.850 1280.0  90  75  84   2.344 330.0  30.0 1293
 6.850 1282.5  90  75  84  -5.469 330.0  30.0 1289
 6.850  102.5 -90  75  84  -2.344 330.0  30.0  104
 6.850  105.0 -90  75  84   3.906 330.0  30.0  119
 6.850  137.5 -90  75  84  -0.781 330.0  30.0  146
 6.850  140.0 -90  75  84  -0.781 330.0  30.0  126
 6.850  142.5 -90  75  84  -2.344 330.0  30.0  135
 6.850  167.5 -90  75  84  -3.906 330.0  30.0  180
 6.850  240.0 -90  75  84  -3.906 330.0  30.0  237
 6.850  257.5 -90  75  84   5.469 330.0  30.0  256
 6.850  260.0 -90  75  84  -3.906 330.0  30.0  253
 6.850  262.5 -90  75  84   5.469 330.0  30.0  255
 6.850  307.5 -90  75  84  -2.344 330.0  30.0  318
 6.850  320.0 -90  75  84   2.344 330.0  30.0  325
 6.850  322.5 -90  75  84   5.469 330.0  30.0  316
 6.850  335.0 -90  75  90  -0.781   0.0   0.0  342
 6.850  337.5 -90  75 102   0.781   0.0   0.0  342
 6.850  340.0 -90  75  96  -0.781   0.0   0.0  343
 6.850  347.5 -90  75  84   2.344 330.0  30.0  344
 6.850  352.5 -90  75  84  -2.344 330.0  30.0  358
 6.900  370.0  90  78  93  -0.781   0.0   0.0  376
 6.900  372.5  90  78 105  -0.781   0.0   0.0  378
 6.900  375.0  90  78 102  -0.781   0.0   0.0  379
 6.900  377.5  90  78  90  -0.781   0.0   0.0  380
 6.900  337.5 -90  78  87  -0.781   0.0   0.0  344
 6.900  340.0 -90  78 102   0.781   0.0   0.0  345
 6.900  342.5 -90  78 102   0.781   0.0   0.0  346
 6.900  345.0 -90  78  87  -0.781   0.0   0.0  347
 6.950   80.0  90  63  75   3.906 330.0  30.0   71
 6.950   82.5  90  63  75   2.344 330.0  30.0   87
 6.950   85.0  90  63  75   0.781 330.0  30.0   91
 6.950   87.5  90  63  75  -5.469 330.0  30.0   88
 6.950   90.0  90  63  72   3.906 330.0  30.0   76
 6.950   92.5  90  63  78  -5.469 330.0  30.0   98
 6.950   95.0  90  63  78   2.344 330.0  30.0   81
 6.950   97.5  90  63  78  -0.781 330.0  30.0   84
 6.950  100.0  90  63  75  -5.469 330.0  30.0   97
 6.950  102.5  90  63  75   3.906 330.0  30.0  111
 6.950  107.5  90  63  78  -2.344 330.0  30.0   94
 6.950  110.0  90  63  75  -5.469 330.0  30.0  115
 6.950  112.5  90  63  75  -2.344 330.0  30.0  122
 6.950  115.0  90  63  75   3.906 330.0  30.0  115
 6.950  117.5  90  63  72   3.906 330.0  30.0  110
 6.950  120.0  90  63  78   3.906 330.0  30.0  110
 6.950  122.5  90  63  75   2.344 330.0  30.0  129
 6.950  125.0  90  63  75  -2.344 330.0  30.0  124
 6.950  127.5  90  63  78  -3.906 330.0  30.0  119
 6.950  130.0  90  63  78  -3.906 330.0  30.0  127
 6.950  132.5  90  63  78   0.781 330.0  30.0  139
 6.950  135.0  90  63  78  -2.344 330.0  30.0  132
 6.950  137.5  90  63  75  -5.469 330.0  30.0  129
 6.950  140.0  90  63  75  -5.469 330.0  30.0  152
 6.950  145.0  90  63  78  -2.344 330.0  30.0  142
 6.950  147.5  90  63  72  -0.781 330.0  30.0  149
 6.950  150.0  90  63  75   2.344 330.0  30.0  164
 6.950  152.5  90  63  72   2.344 330.0  30.0  138
 6.950  155.0  90  63  78  -0.781 330.0  30.0  165
 6.950  157.5  90  63  72   5.469 330.0  30.0  161
 6.950  160.0  90  63  75   0.781 330.0  30.0  171
 6.950  162.5  90  63  78   2.344 330.0  30.0  157
 6.950  165.0  90  63  78   0.781 330.0  30.0  159
 6.950  167.5  90  63  75   0.781 330.0  30.0  153
 6.950  170.0  90  63  75  -2.344 330.0  30.0  158
 6.950  172.5  90  63  75  -2.344 330.0  30.0  187
 6.950  175.0  90  63  72  -0.781 330.0  30.0  169
 6.950  177.5  90  63  75  -5.469 330.0  30.0  177
 6.950  180.0  90  63  78  -3.906 330.0  30.0  184
 6.950  182.5  90  63  75   0.781 330.0  30.0  183
 6.950  185.0  90  63  75  -2.344 330.0  30.0  172
 6.950  187.5  90  63  75  -3.906 330.0  30.0  191
 6.950  190.0  90  63  75   5.469 330.0  30.0  204
 6.950  192.5  90  63  75   5.469 330.0  30.0  181
 6.950  195.0  90  63  75   5.469 330.0  30.0  186
 6.950  197.5  90  63  75   3.906 330.0  30.0  209
 6.950  200.0  90  63  78   2.344 330.0  30.0  208
 6.950  202.5  90  63  78   0.781 330.0  30.0  207
 6.950  205.0  90  63  78   2.344 330.0  30.0  203
 6.950  207.5  90  63  75   3.906 330.0  30.0  206
 6.950  210.0  90  63  75   5.469 330.0  30.0  216
 6.950  212.5  90  63  78   5.469 330.0  30.0  211
 6.950  215.0  90  63  72  -2.344 330.0  30.0  215
 6.950  217.5  90  63  72  -0.781 330.0  30.0  209
 6.950  220.0  90  63  72   0.781 330.0  30.0  221
 6.950  222.5  90  63  72  -5.469 330.0  30.0  236
 6.950  225.0  90  63  78  -5.469 330.0  30.0  239
 6.950  227.5  90  63  75  -5.469 330.0  30.0  216
 6.950  230.0  90  63  75  -3.906 330.0  30.0  217
 6.950  232.5  90  63  72   0.781 330.0  30.0  237
 6.950  235.0  90  63  75  -2.344 330.0  30.0  234
 6.950  237.5  90  63  78  -2.344 330.0  30.0  232
 6.950  240.0  90  63  72  -0.781 330.0  30.0  235
 6.950  242.5  90  63  75   3.906 330.0  30.0  229
 6.950  245.0  90  63  72  -5.469 330.0  30.0  254
 6.950  250.0  90  63  72   5.469 330.0  30.0  240
 6.950  252.5  90  63  72   3.906 330.0  30.0  252
 6.950  255.0  90  63  72  -0.781 330.0  30.0  263
 6.950  257.5  90  63  72  -2.344 330.0  30.0  270
 6.950  260.0  90  63  72   3.906 330.0  30.0  245
 6.950  262.5  90  63  75   0.781 330.0  30.0  255
 6.950  265.0  90  63  78  -5.469 330.0  30.0  270
 6.950  277.5  90  63  78   0.781 330.0  30.0  292
 6.950  280.0  90  63  75   0.781 330.0  30.0  266
 6.950  282.5  90  63  75   0.781 330.0  30.0  274
 6.950  285.0  90  63  72   0.781 330.0  30.0  273
 6.950  287.5  90  63  75  -5.469 330.0  30.0  297
 6.950  290.0  90  63  75  -0.781 330.0  30.0  290
 6.950  292.5  90  63  72   0.781 330.0  30.0  288
 6.950  295.0  90  63  75  -2.344 330.0  30.0  297
 6.950  305.0  90  63  75   3.906 330.0  30.0  320
 6.950  307.5  90  63  72   3.906 330.0  30.0  309
 6.950  317.5  90  63  72   0.781 330.0  30.0  324
 6.950  320.0  90  63  72   0.781 330.0  30.0  328
 6.950  325.0  90  63  72   0.781 330.0  30.0  328
 6.950  327.5  90  63  72  -2.344 330.0  30.0  338
 6.950  330.0  90  63  75  -5.469 330.0  30.0  345
 6.950  335.0  90  63  72   5.469 330.0  30.0  340
 6.950  337.5  90  63  72   0.781 330.0  30.0  339
 6.950  350.0  90  63  72  -3.906 330.0  30.0  360
 6.950  352.5  90  63  72  -5.469 330.0  30.0  338
 6.950  357.5  90  63  72  -3.906 330.0  30.0  346
 6.950  365.0  90  63  72   2.344 330.0  30.0  362
 6.950  367.5  90  63  75  -5.469 330.0  30.0  364
 6.950  370.0  90  63  72   5.469 330.0  30.0  373
 6.950  372.5  90  63  75  -0.781   0.0   0.0  378
 6.950  375.0  90  63  87  -0.781   0.0   0.0  381
 6.950  377.5  90  63  93  -0.781   0.0   0.0  382
 6.950  380.0  90  63  87  -0.781   0.0   0.0  383
 6.950  382.5  90  63  72   2.344 330.0  30.0  385
 6.950  385.0  90  63  72   0.781  30.0  30.0  371
 6.950  392.5  90  63  75  -3.906 330.0  30.0  398
 6.950  395.0  90  63  72   0.781 330.0  30.0  404
 6.950  397.5  90  63  72   0.781  90.0  30.0  391
 6.950  402.5  90  63  72   0.781 330.0  30.0  402
 6.950  405.0  90  63  72   5.469 330.0  30.0  395
 6.950  407.5  90  63  72   5.469 330.0  30.0  407
 6.950  412.5  90  63  72  -2.344 330.0  30.0  410
 6.950  415.0  90  63  75   3.906 330.0  30.0  409
 6.950  420.0  90  63  72  -3.906 330.0  30.0  433
 6.950  422.5  90  63  72  -3.906 330.0  30.0  433
 6.950  425.0  90  63  72  -3.906 330.0  30.0  428
 6.950  427.5  90  63  72   5.469 330.0  30.0  422
 6.950  432.5  90  63  72  -2.344  30.0  30.0  439
 6.950  435.0  90  63  72  -5.469 330.0  30.0  448
 6.950  437.5  90  63  72   5.469 330.0  30.0  435
 6.950  442.5  90  63  75  -3.906 330.0  30.0  446
 6.950  445.0  90  63  75   0.781 330.0  30.0  458
 6.950  450.0  90  63  72   0.781 330.0  30.0  458
 6.950  455.0  90  63  75   5.469 330.0  30.0  469
 6.950  462.5  90  63  72  -2.344 330.0  30.0  468
 6.950  467.5  90  63  72   3.906 330.0  30.0  472
 6.950  470.0  90  63  72   3.906 330.0  30.0  466
 6.950  475.0  90  63  72   2.344 330.0  30.0  460
 6.950  477.5  90  63  72   2.344 330.0  30.0  468
 6.950  480.0  90  63  72   3.906 330.0  30.0  492
 6.950  490.0  90  63  72  -0.781 330.0  30.0  483
 6.950  492.5  90  63  72   0.781 330.0  30.0  494
 6.950  495.0  90  63  75  -2.344 330.0  30.0  496
 6.950  512.5  90  63  72   5.469 330.0  30.0  498
 6.950  520.0  90  63  72   5.469 330.0  30.0  530
 6.950  527.5  90  63  75   5.469 330.0  30.0  525
 6.950  530.0  90  63  72  -5.469 330.0  30.0  516
 6.950  537.5  90  63  72   3.906 330.0  30.0  551
 6.950  540.0  90  63  72  -2.344 330.0  30.0  554
 6.950  542.5  90  63  72  -2.344 330.0  30.0  552
 6.950  545.0  90  63  72  -2.344 330.0  30.0  548
 6.950  572.5  90  63  72   5.469 330.0  30.0  576
 6.950  577.5  90  63  72   3.906 330.0  30.0  585
 6.950  580.0  90  63  72  -0.781 330.0  30.0  580
 6.950  342.5 -90  72  87   0.781   0.0   0.0  348
 6.950  345.0 -90  72  90   0.781   0.0   0.0  349
 6.950  535.0 -90  72  81  -0.781 330.0  30.0  528
 6.950  562.5 -90  72  81   0.781 330.0  30.0  553
 6.950  570.0 -90  72  81   2.344 330.0  30.0  571
 6.950  572.5 -90  72  81   2.344 330.0  30.0  576
 6.950  590.0 -90  72  81   3.906 330.0  30.0  594
 6.950  610.0 -90  72  81   3.906 330.0  30.0  618
 6.950  632.5 -90  72  81   5.469 330.0  30.0  619
 6.950  645.0 -90  72  81  -3.906 330.0  30.0  634
 7.000  377.5  90  60  75  -0.781   0.0   0.0  384
 7.000  380.0  90  60  87  -0.781   0.0   0.0  386
 7.000  382.5  90  60  93  -0.781   0.0   0.0  387
 7.000  385.0  90  60  84  -0.781   0.0   0.0  389
 7.000  387.5  90  60  72  -0.781   0.0   0.0  390
 7.000 1242.5  90  60  69   3.906 330.0  30.0 1249
 7.000 1265.0  90  60  69  -2.344 330.0  30.0 1272
 7.000  152.5 -90  60  69  -3.906 330.0  30.0  163
 7.000  155.0 -90  60  69   0.781 330.0  30.0  162
 7.000  200.0 -90  60  69  -3.906 330.0  30.0  185
 7.000  220.0 -90  60  69  -3.906 330.0  30.0  226
 7.000  262.5 -90  60  69   0.781 330.0  30.0  265
 7.000  265.0 -90  60  69  -0.781 330.0  30.0  258
 7.000  342.5 -90  60  69  -0.781   0.0   0.0  345
 7.000  345.0 -90  60  84  -0.781   0.0   0.0  351
 7.000  347.5 -90  60  93  -0.781   0.0   0.0  352
 7.000  350.0 -90  60  84  -0.781   0.0   0.0  353
 7.000  375.0 -90  60  69   5.469 330.0  30.0  385
 7.050  382.5  90  60  75  -0.781   0.0   0.0  390
 7.050  385.0  90  60  90  -0.781   0.0   0.0  390
 7.050  387.5  90  60  93  -0.781   0.0   0.0  392
 7.050  390.0  90  60  84  -0.781   0.0   0.0  393
 7.050  392.5  90  60  69  -0.781   0.0   0.0  394
 7.050  770.0  90  60  69  -0.781   0.0   0.0  775
 7.050  772.5  90  60  69  -0.781   0.0   0.0  777
 7.050  347.5 -90  60  81  -0.781   0.0   0.0  354
 7.050  350.0 -90  60  93   0.781   0.0   0.0  355
 7.050  352.5 -90  60  87  -0.781   0.0   0.0  355
 7.050  355.0 -90  60  72  -0.781   0.0   0.0  358
 7.100  387.5  90  60  78  -0.781   0.0   0.0  395
 7.100  390.0  90  60  90  -0.781   0.0   0.0  396
 7.100  392.5  90  60  93  -0.781   0.0   0.0  397
 7.100  395.0  90  60  84  -0.781   0.0   0.0  398
 7.100  397.5  90  60  72  -0.781   0.0   0.0  400
 7.100  780.0  90  60  69  -0.781   0.0   0.0  783
 7.100  350.0 -90  63  75  -0.781   0.0   0.0  356
 7.100  352.5 -90  63  90  -0.781   0.0   0.0  358
 7.100  355.0 -90  63  90   0.781   0.0   0.0  359
 7.100  357.5 -90  63  75  -0.781   0.0   0.0  360
 7.150  392.5  90  60  78  -0.781   0.0   0.0  399
 7.150  395.0  90  60  90  -0.781   0.0   0.0  400
 7.150  397.5  90  60  93  -0.781   0.0   0.0  402
 7.150  400.0  90  60  84  -0.781   0.0   0.0  403
 7.150  402.5  90  60  72  -0.781   0.0   0.0  404
 7.150  352.5 -90  60  69   0.781   0.0   0.0  360
 7.150  355.0 -90  60  84  -0.781   0.0   0.0  361
 7.150  357.5 -90  60  90  -0.781   0.0   0.0  362
 7.150  360.0 -90  60  81  -0.781   0.0   0.0  363
 7.150  362.5 -90  60  69   0.781   0.0   0.0  363
 7.200  397.5  90  63  75  -0.781   0.0   0.0  405
 7.200  400.0  90  63  87  -0.781   0.0   0.0  405
 7.200  402.5  90  63  93  -0.781   0.0   0.0  407
 7.200  405.0  90  63  87  -0.781   0.0   0.0  409
 7.200  407.5  90  63  72  -0.781   0.0   0.0  410
 7.200  357.5 -90  63  78   0.781   0.0   0.0  364
 7.200  360.0 -90  63  90  -0.781   0.0   0.0  365
 7.200  362.5 -90  63  90  -0.781   0.0   0.0  366
 7.200  365.0 -90  63  72   0.781   0.0   0.0  366
 7.250  405.0  90  63  81  -0.781   0.0   0.0  411
 7.250  407.5  90  63  90  -0.781   0.0   0.0  412
 7.250  410.0  90  63  90  -0.781   0.0   0.0  414
 7.250  412.5  90  63  78  -0.781   0.0   0.0  416
 7.250  360.0 -90  63  72  -0.781   0.0   0.0  368
 7.250  362.5 -90  63  87  -0.781   0.0   0.0  368
 7.250  365.0 -90  63  93  -0.781   0.0   0.0  369
 7.250  367.5 -90  63  84  -0.781   0.0   0.0  370
 7.300  410.0  90  63  75  -0.781   0.0   0.0  418
 7.300  412.5  90  63  87  -0.781   0.0   0.0  417
 7.300  415.0  90  63  90  -0.781   0.0   0.0  420
 7.300  417.5  90  63  87  -0.781   0.0   0.0  421
 7.300  420.0  90  63  75  -0.781   0.0   0.0  422
 7.300  365.0 -90  63  81  -0.781   0.0   0.0  371
 7.300  367.5 -90  63  93  -0.781   0.0   0.0  372
 7.300  370.0 -90  63  90  -0.781   0.0   0.0  373
 7.300  372.5 -90  63  75   0.781   0.0   0.0  375
 7.350  417.5  90  63  81  -0.781   0.0   0.0  423
 7.350  420.0  90  63  90  -0.781   0.0   0.0  425
 7.350  422.5  90  63  90  -0.781   0.0   0.0  427
 7.350  425.0  90  63  84  -0.781   0.0   0.0  428
 7.350  367.5 -90  60  69   0.781   0.0   0.0  374
 7.350  370.0 -90  60  87  -0.781   0.0   0.0  376
 7.350  372.5 -90  60  93  -0.781   0.0   0.0  377
 7.350  375.0 -90  60  84  -0.781   0.0   0.0  378
 7.400  422.5  90  66  75  -0.781   0.0   0.0  429
 7.400  425.0  90  66  87  -0.781   0.0   0.0  430
 7.400  427.5  90  66  93  -0.781   0.0   0.0  432
 7.400  430.0  90  66  90  -0.781   0.0   0.0  434
 7.400  432.5  90  66  81  -0.781   0.0   0.0  436
 7.400  372.5 -90  63  81  -0.781   0.0   0.0  378
 7.400  375.0 -90  63  93  -0.781   0.0   0.0  380
 7.400  377.5 -90  63  93  -0.781   0.0   0.0  381
 7.400  380.0 -90  63  78   0.781   0.0   0.0  383
 7.450  430.0  90  63  75  -0.781   0.0   0.0  437
 7.450  432.5  90  63  87  -0.781   0.0   0.0  438
 7.450  435.0  90  63  93  -0.781   0.0   0.0  439
 7.450  437.5  90  63  90  -0.781   0.0   0.0  442
 7.450  440.0  90  63  81  -0.781   0.0   0.0  443
 7.450  442.5  90  63  75  -0.781   0.0   0.0  444
 7.450  375.0 -90  63  72   0.781   0.0   0.0  380
 7.450  377.5 -90  63  87   0.781   0.0   0.0  383
 7.450  380.0 -90  63  96  -0.781   0.0   0.0  384
 7.450  382.5 -90  63  87  -0.781   0.0   0.0  385
 7.500  437.5  90  63  78  -0.781   0.0   0.0  443
 7.500  440.0  90  63  87  -0.781   0.0   0.0  445
 7.500  442.5  90  63  93  -0.781   0.0   0.0  447
 7.500  445.0  90  63  93  -0.781   0.0   0.0  449
 7.500  447.5  90  63  84  -0.781   0.0   0.0  451
 7.500  450.0  90  63  75  -0.781   0.0   0.0  452
 7.500  380.0 -90  63  78  -0.781   0.0   0.0  386
 7.500  382.5 -90  63  90  -0.781   0.0   0.0  388
 7.500  385.0 -90  63  93  -0.781   0.0   0.0  389
 7.500  387.5 -90  63  84  -0.781   0.0   0.0  390
 7.550  445.0  90  60  72  -0.781   0.0   0.0  451
 7.550  447.5  90  60  84  -0.781   0.0   0.0  453
 7.550  450.0  90  60  90  -0.781   0.0   0.0  455
 7.550  452.5  90  60  93  -0.781   0.0   0.0  457
 7.550  455.0  90  60  90  -0.781   0.0   0.0  459
 7.550  457.5  90  60  81  -0.781   0.0   0.0  461
 7.550  460.0  90  60  69  -0.781   0.0   0.0  462
 7.550  895.0  90  60  69  -0.781   0.0   0.0  899
 7.550  385.0 -90  60  81   0.781   0.0   0.0  392
 7.550  387.5 -90  60  93  -0.781   0.0   0.0  392
 7.550  390.0 -90  60  90   0.781   0.0   0.0  394
 7.550  392.5 -90  60  78   0.781   0.0   0.0  394
 7.600  455.0  90  60  75  -0.781   0.0   0.0  461
 7.600  457.5  90  60  87  -0.781   0.0   0.0  463
 7.600  460.0  90  60  90  -0.781   0.0   0.0  464
 7.600  462.5  90  60  93  -0.781   0.0   0.0  467
 7.600  465.0  90  60  90  -0.781   0.0   0.0  469
 7.600  467.5  90  60  84  -0.781   0.0   0.0  471
 7.600  470.0  90  60  75  -0.781   0.0   0.0  472
 7.600  387.5 -90  60  69   0.781   0.0   0.0  393
 7.600  390.0 -90  60  81  -0.781   0.0   0.0  396
 7.600  392.5 -90  60  93  -0.781   0.0   0.0  397
 7.600  395.0 -90  60  87  -0.781   0.0   0.0  398
 7.600  397.5 -90  60  78   0.781   0.0   0.0  400
 7.650  465.0  90  63  78  -0.781   0.0   0.0  471
 7.650  467.5  90  63  84  -0.781   0.0   0.0  472
 7.650  470.0  90  63  90  -0.781   0.0   0.0  475
 7.650  472.5  90  63  93  -0.781   0.0   0.0  477
 7.650  475.0  90  63  90  -0.781   0.0   0.0  479
 7.650  477.5  90  63  87  -0.781   0.0   0.0  481
 7.650  480.0  90  63  78  -0.781   0.0   0.0  483
 7.650  392.5 -90  60  69   0.781   0.0   0.0  397
 7.650  395.0 -90  60  84  -0.781   0.0   0.0  401
 7.650  397.5 -90  60  90  -0.781   0.0   0.0  402
 7.650  400.0 -90  60  87  -0.781   0.0   0.0  403
 7.650  402.5 -90  60  75   0.781   0.0   0.0  405
 7.700  477.5  90  66  78  -0.781   0.0   0.0  484
 7.700  480.0  90  66  87  -0.781   0.0   0.0  485
 7.700  482.5  90  66  93  -0.781   0.0   0.0  487
 7.700  485.0  90  66  93  -0.781   0.0   0.0  489
 7.700  487.5  90  66  93  -0.781   0.0   0.0  492
 7.700  490.0  90  66  87  -0.781   0.0   0.0  494
 7.700  492.5  90  66  81  -0.781   0.0   0.0  496
 7.700  397.5 -90  63  72   0.781   0.0   0.0  404
 7.700  400.0 -90  63  84   0.781   0.0   0.0  406
 7.700  402.5 -90  63  93   0.781   0.0   0.0  407
 7.700  405.0 -90  63  87   0.781   0.0   0.0  408
 7.700  407.5 -90  63  75   0.781   0.0   0.0  410
 7.700  960.0 -90  63  72  -5.469 270.0  30.0  958
 7.700  997.5 -90  63  72  -3.906 270.0  30.0 1011
 7.750  487.5  90  63  72  -0.781   0.0   0.0  494
 7.750  490.0  90  63  81  -0.781   0.0   0.0  495
 7.750  492.5  90  63  87  -0.781   0.0   0.0  497
 7.750  495.0  90  63  93  -0.781   0.0   0.0  500
 7.750  497.5  90  63  93  -0.781   0.0   0.0  502
 7.750  500.0  90  63  90  -0.781   0.0   0.0  504
 7.750  502.5  90  63  87  -0.781   0.0   0.0  507
 7.750  505.0  90  63  81  -0.781   0.0   0.0  509
 7.750  507.5  90  63  72  -0.781   0.0   0.0  510
 7.750  405.0 -90  63  81   0.781   0.0   0.0  411
 7.750  407.5 -90  63  90   0.781   0.0   0.0  412
 7.750  410.0 -90  63  90   0.781   0.0   0.0  414
 7.750  412.5 -90  63  78   0.781   0.0   0.0  415
 7.800  505.0  90  63  81   0.781   0.0   0.0  510
 7.800  507.5  90  63  84   0.781   0.0   0.0  512
 7.800  510.0  90  63  84  -0.781   0.0   0.0  514
 7.800  512.5  90  63  84  -0.781   0.0   0.0  516
 7.800  515.0  90  63  87  -0.781   0.0   0.0  519
 7.800  517.5  90  63  87  -0.781   0.0   0.0  522
 7.800  520.0  90  63  84  -0.781   0.0   0.0  524
 7.800  522.5  90  63  81  -0.781   0.0   0.0  526
 7.800  525.0  90  63  75   0.781   0.0   0.0  529
 7.800  410.0 -90  63  78   0.781   0.0   0.0  416
 7.800  412.5 -90  63  90   0.781   0.0   0.0  417
 7.800  415.0 -90  63  90   0.781   0.0   0.0  419
 7.800  417.5 -90  63  81   0.781   0.0   0.0  421
 7.850  522.5  90  63  75   0.781   0.0   0.0  529
 7.850  525.0  90  63  78   0.781   0.0   0.0  529
 7.850  527.5  90  63  84  -0.781   0.0   0.0  532
 7.850  530.0  90  63  84  -0.781   0.0   0.0  534
 7.850  532.5  90  63  87   0.781   0.0   0.0  536
 7.850  535.0  90  63  87   0.781   0.0   0.0  539
 7.850  537.5  90  63  87   0.781   0.0   0.0  542
 7.850  540.0  90  63  84  -0.781   0.0   0.0  544
 7.850  542.5  90  63  81  -0.781   0.0   0.0  547
 7.850  545.0  90  63  81   0.781   0.0   0.0  549
 7.850  547.5  90  63  75  -0.781   0.0   0.0  551
 7.850  550.0  90  63  72  -0.781   0.0   0.0  553
 7.850  415.0 -90  63  78  -0.781   0.0   0.0  421
 7.850  417.5 -90  63  90   0.781   0.0   0.0  422
 7.850  420.0 -90  63  93   0.781   0.0   0.0  424
 7.850  422.5 -90  63  84  -0.781   0.0   0.0  426
 7.900  540.0  90  63  72  -0.781   0.0   0.0  547
 7.900  542.5  90  63  72   0.781   0.0   0.0  546
 7.900  545.0  90  63  78  -0.781   0.0   0.0  551
 7.900  547.5  90  63  81  -0.781   0.0   0.0  552
 7.900  550.0  90  63  87   0.781   0.0   0.0  554
 7.900  552.5  90  63  87   0.781   0.0   0.0  557
 7.900  555.0  90  63  87   0.781   0.0   0.0  559
 7.900  557.5  90  63  87   0.781   0.0   0.0  562
 7.900  560.0  90  63  87   0.781   0.0   0.0  564
 7.900  562.5  90  63  87   0.781   0.0   0.0  566
 7.900  565.0  90  63  84   0.781   0.0   0.0  569
 7.900  567.5  90  63  84   0.781   0.0   0.0  571
 7.900  570.0  90  63  81   0.781   0.0   0.0  574
 7.900  572.5  90  63  81   0.781   0.0   0.0  576
 7.900  575.0  90  63  78   0.781   0.0   0.0  579
 7.900  577.5  90  63  72   0.781   0.0   0.0  581
 7.900  580.0  90  63  72   0.781   0.0   0.0  582
 7.900  420.0 -90  60  69  -0.781   0.0   0.0  429
 7.900  422.5 -90  60  84   0.781   0.0   0.0  428
 7.900  425.0 -90  60  90   0.781   0.0   0.0  429
 7.900  427.5 -90  60  90   0.781   0.0   0.0  431
 7.900  430.0 -90  60  78   0.781   0.0   0.0  432
 7.900  432.5 -90  60  69  -0.781   0.0   0.0  433
 7.950  570.0  90  63  72   0.781   0.0   0.0  577
 7.950  572.5  90  63  78   0.781   0.0   0.0  578
 7.950  575.0  90  63  84   0.781   0.0   0.0  579
 7.950  577.5  90  63  87   0.781   0.0   0.0  582
 7.950  580.0  90  63  87   0.781   0.0   0.0  584
 7.950  582.5  90  63  90   0.781   0.0   0.0  587
 7.950  585.0  90  63  87   0.781   0.0   0.0  589
 7.950  587.5  90  63  87   0.781   0.0   0.0  591
 7.950  590.0  90  63  81   0.781   0.0   0.0  594
 7.950  592.5  90  63  78   0.781   0.0   0.0  595
 7.950  595.0  90  63  78   0.781   0.0   0.0  599
 7.950  597.5  90  63  75   0.781   0.0   0.0  603
 7.950  600.0  90  63  78   0.781   0.0   0.0  605
 7.950  602.5  90  63  84   0.781   0.0   0.0  607
 7.950  605.0  90  63  81   0.781   0.0   0.0  609
 7.950  607.5  90  63  81   0.781   0.0   0.0  611
 7.950  610.0  90  63  78   0.781   0.0   0.0  614
 7.950  612.5  90  63  75   0.781   0.0   0.0  615
 7.950  427.5 -90  60  78   0.781   0.0   0.0  434
 7.950  430.0 -90  60  87   0.781   0.0   0.0  435
 7.950  432.5 -90  60  90   0.781   0.0   0.0  437
 7.950  435.0 -90  60  84   0.781   0.0   0.0  438
 7.950  437.5 -90  60  72  -0.781   0.0   0.0  440
 7.950  865.0 -90  60  69  -0.781   0.0   0.0  869
 7.950 1192.5 -90  60  69  -2.344 270.0  30.0 1186
 8.000  607.5  90  63  72   0.781   0.0   0.0  612
 8.000  610.0  90  63  75   0.781   0.0   0.0  614
 8.000  612.5  90  63  78   0.781   0.0   0.0  617
 8.000  615.0  90  63  78   0.781   0.0   0.0  619
 8.000  617.5  90  63  78   0.781   0.0   0.0  622
 8.000  620.0  90  63  75   0.781   0.0   0.0  623
 8.000  622.5  90  63  75   0.781   0.0   0.0  627
 8.000  625.0  90  63  78   0.781   0.0   0.0  629
 8.000  627.5  90  63  84   0.781   0.0   0.0  632
 8.000  630.0  90  63  87   0.781   0.0   0.0  634
 8.000  632.5  90  63  87   0.781   0.0   0.0  637
 8.000  635.0  90  63  87   0.781   0.0   0.0  639
 8.000  637.5  90  63  87   0.781   0.0   0.0  641
 8.000  640.0  90  63  84   0.781   0.0   0.0  644
 8.000  642.5  90  63  84   0.781   0.0   0.0  646
 8.000  645.0  90  63  84   0.781   0.0   0.0  649
 8.000  647.5  90  63  84   0.781   0.0   0.0  652
 8.000  650.0  90  63  84   0.781   0.0   0.0  654
 8.000  652.5  90  63  81   0.781   0.0   0.0  656
 8.000  655.0  90  63  75   0.781   0.0   0.0  658
 8.000  662.5  90  63  75   0.781   0.0   0.0  666
 8.000  665.0  90  63  75   0.781   0.0   0.0  670
 8.000  667.5  90  63  78   0.781   0.0   0.0  672
 8.000  670.0  90  63  75   0.781   0.0   0.0  674
 8.000  672.5  90  63  75   0.781   0.0   0.0  676
 8.000  675.0  90  63  72   0.781   0.0   0.0  678
 8.000  677.5  90  63  72   0.781   0.0   0.0  681
 8.000  432.5 -90  60  69  -0.781   0.0   0.0  438
 8.000  435.0 -90  60  81   0.781   0.0   0.0  440
 8.000  437.5 -90  60  87   0.781   0.0   0.0  442
 8.000  440.0 -90  60  90   0.781   0.0   0.0  444
 8.000  442.5 -90  60  84   0.781   0.0   0.0  446
 8.000  445.0 -90  60  72   0.781   0.0   0.0  448
 8.050  667.5  90  60  69   0.781   0.0   0.0  673
 8.050  670.0  90  60  72   0.781   0.0   0.0  673
 8.050  672.5  90  60  75   0.781   0.0   0.0  675
 8.050  675.0  90  60  75   0.781   0.0   0.0  680
 8.050  677.5  90  60  75   0.781   0.0   0.0  681
 8.050  680.0  90  60  78   0.781   0.0   0.0  684
 8.050  682.5  90  60  81   0.781   0.0   0.0  687
 8.050  685.0  90  60  81   0.781   0.0   0.0  690
 8.050  687.5  90  60  78   0.781   0.0   0.0  691
 8.050  690.0  90  60  75   0.781   0.0   0.0  694
 8.050  692.5  90  60  69   0.781   0.0   0.0  695
 8.050  695.0  90  60  69  -0.781   0.0   0.0  698
 8.050  697.5  90  60  75   0.781   0.0   0.0  702
 8.050  700.0  90  60  78   0.781   0.0   0.0  704
 8.050  702.5  90  60  81   0.781   0.0   0.0  706
 8.050  705.0  90  60  81   0.781   0.0   0.0  709
 8.050  707.5  90  60  84   0.781   0.0   0.0  711
 8.050  710.0  90  60  84   0.781   0.0   0.0  714
 8.050  712.5  90  60  84   0.781   0.0   0.0  716
 8.050  715.0  90  60  84   0.781   0.0   0.0  719
 8.050  717.5  90  60  84   0.781   0.0   0.0  721
 8.050  720.0  90  60  84   0.781   0.0   0.0  724
 8.050  722.5  90  60  81   0.781   0.0   0.0  726
 8.050  725.0  90  60  81   0.781   0.0   0.0  729
 8.050  727.5  90  60  81   0.781   0.0   0.0  731
 8.050  730.0  90  60  81   0.781   0.0   0.0  734
 8.050  732.5  90  60  84   0.781   0.0   0.0  736
 8.050  735.0  90  60  84   0.781   0.0   0.0  739
 8.050  737.5  90  60  84   0.781   0.0   0.0  741
 8.050  740.0  90  60  84   0.781   0.0   0.0  744
 8.050  742.5  90  60  84   0.781   0.0   0.0  746
 8.050  745.0  90  60  84   0.781   0.0   0.0  749
 8.050  747.5  90  60  81   0.781   0.0   0.0  751
 8.050  750.0  90  60  81   0.781   0.0   0.0  753
 8.050  752.5  90  60  78   0.781   0.0   0.0  756
 8.050  755.0  90  60  75   0.781   0.0   0.0  758
 8.050  757.5  90  60  69   0.781   0.0   0.0  760
 8.050  765.0  90  60  69   0.781   0.0   0.0  769
 8.050  775.0  90  60  69   0.781   0.0   0.0  780
 8.050  777.5  90  60  69   0.781   0.0   0.0  781
 8.050  780.0  90  60  72   0.781   0.0   0.0  783
 8.050  782.5  90  60  69   0.781   0.0   0.0  786
 8.050  785.0  90  60  69   0.781   0.0   0.0  789
 8.050  807.5  90  60  69   0.781   0.0   0.0  810
 8.050  442.5 -90  60  81   0.781   0.0   0.0  448
 8.050  445.0 -90  60  87   0.781   0.0   0.0  450
 8.050  447.5 -90  60  87   0.781   0.0   0.0  451
 8.050  450.0 -90  60  84   0.781   0.0   0.0  454
 8.050  452.5 -90  60  72   0.781   0.0   0.0  454
 8.100  775.0  90  60  69   0.781   0.0   0.0  780
 8.100  782.5  90  60  69   0.781   0.0   0.0  787
 8.100  787.5  90  60  69   0.781   0.0   0.0  790
 8.100  802.5  90  60  69   0.781   0.0   0.0  804
 8.100  807.5  90  60  69   0.781   0.0   0.0  814
 8.100  810.0  90  60  75   0.781   0.0   0.0  814
 8.100  812.5  90  60  69   0.781   0.0   0.0  816
 8.100  817.5  90  60  75   0.781   0.0   0.0  822
 8.100  820.0  90  60  72   0.781   0.0   0.0  823
 8.100  825.0  90  60  69   0.781   0.0   0.0  829
 8.100  827.5  90  60  72   0.781   0.0   0.0  831
 8.100  830.0  90  60  72   0.781   0.0   0.0  833
 8.100  832.5  90  60  72   0.781   0.0   0.0  836
 8.100  840.0  90  60  69   0.781   0.0   0.0  846
 8.100  842.5  90  60  75   0.781   0.0   0.0  845
 8.100  845.0  90  60  75   0.781   0.0   0.0  848
 8.100  847.5  90  60  75   0.781   0.0   0.0  851
 8.100  850.0  90  60  75   0.781   0.0   0.0  853
 8.100  852.5  90  60  72   0.781   0.0   0.0  856
 8.100  855.0  90  60  69   0.781   0.0   0.0  858
 8.100  857.5  90  60  75   0.781   0.0   0.0  863
 8.100  860.0  90  60  75   0.781   0.0   0.0  864
 8.100  862.5  90  60  72   0.781   0.0   0.0  866
 8.100  865.0  90  60  72   0.781   0.0   0.0  869
 8.100  867.5  90  60  78   0.781   0.0   0.0  871
 8.100  870.0  90  60  69   0.781   0.0   0.0  873
 8.100  872.5  90  60  72   0.781   0.0   0.0  877
 8.100  875.0  90  60  69   0.781   0.0   0.0  877
 8.100  877.5  90  60  69   0.781   0.0   0.0  882
 8.100  880.0  90  60  72   0.781   0.0   0.0  884
 8.100  885.0  90  60  72   0.781   0.0   0.0  888
 8.100  887.5  90  60  72   0.781   0.0   0.0  891
 8.100  890.0  90  60  75   0.781   0.0   0.0  894
 8.100  892.5  90  60  75   0.781   0.0   0.0  896
 8.100  895.0  90  60  69   0.781   0.0   0.0  898
 8.100  902.5  90  60  72   0.781   0.0   0.0  907
 8.100  905.0  90  60  75   0.781   0.0   0.0  908
 8.100  912.5  90  60  69   0.781   0.0   0.0  916
 8.100  915.0  90  60  69   0.781   0.0   0.0  918
 8.100  917.5  90  60  69   0.781   0.0   0.0  921
 8.100  450.0 -90  60  75   0.781   0.0   0.0  455
 8.100  452.5 -90  60  84   0.781   0.0   0.0  457
 8.100  455.0 -90  60  87   0.781   0.0   0.0  459
 8.100  457.5 -90  60  84   0.781   0.0   0.0  461
 8.100  460.0 -90  60  81   0.781   0.0   0.0  463
 8.150  460.0 -90  60  78   0.781   0.0   0.0  466
 8.150  462.5 -90  60  84   0.781   0.0   0.0  467
 8.150  465.0 -90  60  87   0.781   0.0   0.0  469
 8.150  467.5 -90  60  84   0.781   0.0   0.0  471
 8.150  470.0 -90  60  75   0.781   0.0   0.0  474
 8.200  467.5 -90  60  69   0.781   0.0   0.0  475
 8.200  470.0 -90  60  78   0.781   0.0   0.0  475
 8.200  472.5 -90  60  84   0.781   0.0   0.0  477
 8.200  475.0 -90  60  84   0.781   0.0   0.0  479
 8.200  477.5 -90  60  84   0.781   0.0   0.0  481
 8.200  480.0 -90  60  75   0.781   0.0   0.0  483
 8.250  477.5 -90  57  66   0.781   0.0   0.0  483
 8.250  480.0 -90  57  72   0.781   0.0   0.0  485
 8.250  482.5 -90  57  78   0.781   0.0   0.0  487
 8.250  485.0 -90  57  81   0.781   0.0   0.0  489
 8.250  487.5 -90  57  84   0.781   0.0   0.0  492
 8.250  490.0 -90  57  81   0.781   0.0   0.0  494
 8.250  492.5 -90  57  75   0.781   0.0   0.0  496
 8.300  492.5 -90  60  72   0.781   0.0   0.0  498
 8.300  495.0 -90  60  75   0.781   0.0   0.0  500
 8.300  497.5 -90  60  78   0.781   0.0   0.0  502
 8.300  500.0 -90  60  78   0.781   0.0   0.0  504
 8.300  502.5 -90  60  78   0.781   0.0   0.0  507
 8.300  505.0 -90  60  78   0.781   0.0   0.0  509
 8.300  507.5 -90  60  75   0.781   0.0   0.0  511
 8.300  510.0 -90  60  69   0.781   0.0   0.0  514
 8.350   80.0  90  60  75  -3.906 270.0  30.0   65
 8.350  507.5 -90  60  72   0.781   0.0   0.0  514
 8.350  510.0 -90  60  78   0.781   0.0   0.0  515
 8.350  512.5 -90  60  84   0.781   0.0   0.0  517
 8.350  515.0 -90  60  84   0.781   0.0   0.0  519
 8.350  517.5 -90  60  84   0.781   0.0   0.0  521
 8.350  520.0 -90  60  84   0.781   0.0   0.0  524
 8.350  522.5 -90  60  81   0.781   0.0   0.0  526
 8.350  525.0 -90  60  72   0.781   0.0   0.0  528
 8.400  522.5 -90  60  69   0.781   0.0   0.0  528
 8.400  525.0 -90  60  75   0.781   0.0   0.0  529
 8.400  527.5 -90  60  81   0.781   0.0   0.0  531
 8.400  530.0 -90  60  81   0.781   0.0   0.0  534
 8.400  532.5 -90  60  84   0.781   0.0   0.0  537
 8.400  535.0 -90  60  84   0.781   0.0   0.0  539
 8.400  537.5 -90  60  81   0.781   0.0   0.0  541
 8.400  540.0 -90  60  81   0.781   0.0   0.0  543
 8.400  542.5 -90  60  78   0.781   0.0   0.0  546
 8.400  545.0 -90  60  75   0.781   0.0   0.0  548
 8.400  547.5 -90  60  69  -0.781   0.0   0.0  551
 8.450  545.0 -90  57  66   0.781   0.0   0.0  552
 8.450  547.5 -90  57  72   0.781   0.0   0.0  553
 8.450  550.0 -90  57  75   0.781   0.0   0.0  555
 8.450  552.5 -90  57  78   0.781   0.0   0.0  557
 8.450  555.0 -90  57  81   0.781   0.0   0.0  559
 8.450  557.5 -90  57  81   0.781   0.0   0.0  561
 8.450  560.0 -90  57  81   0.781   0.0   0.0  564
 8.450  562.5 -90  57  81   0.781   0.0   0.0  566
 8.450  565.0 -90  57  78   0.781   0.0   0.0  569
 8.450  567.5 -90  57  75   0.781   0.0   0.0  571
 8.450  570.0 -90  57  72   0.781   0.0   0.0  574
 8.450  572.5 -90  57  66   0.781   0.0   0.0  576
 8.500  572.5 -90  57  69   0.781   0.0   0.0  577
 8.500  575.0 -90  57  69   0.781   0.0   0.0  578
 8.500  577.5 -90  57  69   0.781   0.0   0.0  580
 8.500  580.0 -90  57  69   0.781   0.0   0.0  584
 8.500  582.5 -90  57  69   0.781   0.0   0.0  585
 8.500  585.0 -90  57  72   0.781   0.0   0.0  589
 8.500  587.5 -90  57  72   0.781   0.0   0.0  591
 8.500  590.0 -90  57  72   0.781   0.0   0.0  594
 8.500  592.5 -90  57  72   0.781   0.0   0.0  596
 8.500  595.0 -90  57  72   0.781   0.0   0.0  599
 8.500  597.5 -90  57  72   0.781   0.0   0.0  602
 8.500  600.0 -90  57  72   0.781   0.0   0.0  604
 8.500  602.5 -90  57  69   0.781   0.0   0.0  606
 8.500  605.0 -90  57  66   0.781   0.0   0.0  608
 8.500  607.5 -90  57  66   0.781   0.0   0.0  610
 8.550   80.0  90  57  66  -0.781 270.0  30.0   84
 8.550   80.0 -90  57  66  -0.781  30.0  30.0   72
 8.550  612.5 -90  57  66   0.781   0.0   0.0  618
 8.550  615.0 -90  57  66   0.781   0.0   0.0  619
 8.550  617.5 -90  57  69   0.781   0.0   0.0  623
 8.550  620.0 -90  57  72   0.781   0.0   0.0  624
 8.550  622.5 -90  57  72   0.781   0.0   0.0  626
 8.550  625.0 -90  57  72   0.781   0.0   0.0  629
 8.550  627.5 -90  57  69   0.781   0.0   0.0  632
 8.550  630.0 -90  57  66   0.781   0.0   0.0  632
 8.550  635.0 -90  57  66   0.781   0.0   0.0  640
 8.550  637.5 -90  57  72   0.781   0.0   0.0  642
 8.550  640.0 -90  57  75   0.781   0.0   0.0  644
 8.550  642.5 -90  57  75   0.781   0.0   0.0  646
 8.550  645.0 -90  57  78   0.781   0.0   0.0  649
 8.550  647.5 -90  57  75   0.781   0.0   0.0  652
 8.550  650.0 -90  57  75   0.781   0.0   0.0  654
 8.550  652.5 -90  57  72   0.781   0.0   0.0  656
 8.550  655.0 -90  57  72   0.781   0.0   0.0  660
 8.550  657.5 -90  57  69   0.781   0.0   0.0  661
 8.550  660.0 -90  57  69   0.781   0.0   0.0  664
 8.550  662.5 -90  57  69   0.781   0.0   0.0  666
 8.550  665.0 -90  57  66   0.781   0.0   0.0  669
 8.550  667.5 -90  57  66   0.781   0.0   0.0  671
 8.550  670.0 -90  57  66   0.781   0.0   0.0  674
 8.550  675.0 -90  57  66   0.781   0.0   0.0  678
 8.600   80.0 -90  57  66   0.781   0.0   0.0   75
 8.600  670.0 -90  57  66   0.781   0.0   0.0  678
 8.600  672.5 -90  57  69   0.781   0.0   0.0  676
 8.600  675.0 -90  57  69   0.781   0.0   0.0  678
 8.600  677.5 -90  57  69   0.781   0.0   0.0  681
 8.600  680.0 -90  57  66   0.781   0.0   0.0  683
 8.600  687.5 -90  57  66   0.781   0.0   0.0  690
 8.600  690.0 -90  57  69   0.781   0.0   0.0  694
 8.600  692.5 -90  57  69   0.781   0.0   0.0  696
 8.600  695.0 -90  57  72   0.781   0.0   0.0  699
 8.600  697.5 -90  57  72   0.781   0.0   0.0  701
 8.600  700.0 -90  57  72   0.781   0.0   0.0  703
 8.600  702.5 -90  57  69   0.781   0.0   0.0  706
 8.600  722.5 -90  57  66   0.781   0.0   0.0  727
 8.600  727.5 -90  57  66   0.781   0.0   0.0  730
 8.600  732.5 -90  57  66   0.781   0.0   0.0  735
 8.600  745.0 -90  57  66   0.781   0.0   0.0  748
 8.600  747.5 -90  57  66   0.781   0.0   0.0  751
 8.600  750.0 -90  57  66   0.781   0.0   0.0  755
 8.600  752.5 -90  57  66   0.781   0.0   0.0  757
 8.600  760.0 -90  57  66   0.781   0.0   0.0  763
 8.700   80.0  90  63  72   3.906 270.0  30.0   65
 8.700 1232.5  90  63  72   0.781 270.0  30.0 1219
 8.700 1242.5  90  63  72  -0.781 270.0  30.0 1231
 8.700 1272.5 -90  63  72   3.906 210.0  30.0 1259
 8.700 1275.0 -90  63  72   3.906 210.0  30.0 1261
 8.700 1277.5 -90  63  72   3.906 210.0  30.0 1264
 8.700 1280.0 -90  63  72   3.906 210.0  30.0 1266
 8.700 1282.5 -90  63  72   3.906 210.0  30.0 1268
11.400  112.5 -90  54  63  -3.906 330.0  30.0   98
11.400  117.5 -90  54  63   3.906 330.0  30.0  109
11.400  120.0 -90  54  63  -3.906 330.0  30.0  109
11.400  122.5 -90  54  63  -2.344 330.0  30.0  118
11.400  125.0 -90  54  63  -5.469 330.0  30.0  117
11.400  127.5 -90  54  63   5.469 330.0  30.0  125
11.400  130.0 -90  54  63   2.344 330.0  30.0  129
11.400  132.5 -90  54  63   5.469 330.0  30.0  122
11.400  135.0 -90  54  63   0.781 330.0  30.0  140
11.400  137.5 -90  54  63  -5.469 330.0  30.0  150
11.400  140.0 -90  54  63   0.781 330.0  30.0  141
11.400  142.5 -90  54  63   5.469 330.0  30.0  152
11.500  117.5 -90  57  66   2.344   0.0   0.0  111
11.500  120.0 -90  57  66   2.344   0.0   0.0  120
11.500  122.5 -90  57  66   2.344   0.0   0.0  121
11.500  127.5 -90  57  66   2.344   0.0   0.0  125
11.500  130.0 -90  57  66   2.344   0.0   0.0  131
11.500  132.5 -90  57  66   2.344   0.0   0.0  135
11.500  135.0 -90  57  66   2.344   0.0   0.0  138
11.500  137.5 -90  57  66   2.344   0.0   0.0  140
11.500  140.0 -90  57  66   2.344   0.0   0.0  145
11.500  142.5 -90  57  66   2.344   0.0   0.0  146
11.500  150.0 -90  57  66   2.344   0.0   0.0  154
11.500  157.5 -90  57  66   3.906   0.0   0.0  153
12.950  122.5  90  54  63  -0.781  30.0  30.0  111
12.950  125.0  90  54  63  -0.781 270.0  30.0  116
12.950  127.5  90  54  63  -0.781 270.0  30.0  114
12.950  137.5  90  54  63  -0.781  30.0  30.0  129
12.950  140.0  90  54  63  -0.781  30.0  30.0  130
12.950  517.5  90  54  63  -0.781   0.0   0.0  532
12.950  547.5  90  54  63  -0.781   0.0   0.0  540
12.950 1280.0  90  54  63  -0.781   0.0   0.0 1283
12.950   95.0 -90  57  66  -0.781 270.0  30.0   86
12.950  112.5 -90  57  66  -0.781   0.0   0.0  103
12.950  382.5 -90  57  66  -0.781 270.0  30.0  396
13.050 1267.5 -90  54  63  -5.469  90.0  30.0 1265
13.050 1272.5 -90  54  63  -5.469  90.0  30.0 1282
13.650 1275.0 -90  48  57  -2.344 270.0  30.0 1264
13.800  180.0 -90  42  51  -3.906 330.0  30.0  191
15.100  105.0  90  66  75   0.781 210.0  30.0  114
15.100  107.5  90  66  75   0.781 210.0  30.0  116
15.100  110.0  90  66  75   0.781 210.0  30.0  124
15.100  500.0 -90  72  81   3.906  90.0  30.0  499
15.150  135.0 -90  60  69  -2.344  90.0  30.0  134
15.150  290.0 -90  60  69   0.781  90.0  30.0  285
15.150 1267.5 -90  60  69  -0.781  90.0  30.0 1280
15.150 1270.0 -90  60  69  -0.781  90.0  30.0 1274
15.150 1275.0 -90  60  69  -0.781  90.0  30.0 1277
15.150 1277.5 -90  60  69  -0.781  90.0  30.0 1269
15.500  402.5  90  54  63   2.344 210.0  30.0  399
15.950  735.0 -90  66  75   3.906  30.0  30.0  738
16.850  342.5  90  78  87  -2.344 330.0  30.0  351
16.850  350.0  90  78  87  -2.344 330.0  30.0  362
16.850  352.5  90  78  87  -2.344 330.0  30.0  361
16.850  355.0  90  78  87  -2.344 330.0  30.0  364
16.850  357.5  90  78  87  -2.344 330.0  30.0  370
16.850  360.0  90  78  87  -2.344 330.0  30.0  362
16.850  362.5  90  78  87  -2.344 330.0  30.0  377
16.850  372.5  90  78  87  -2.344 330.0  30.0  386
16.850  375.0  90  78  87  -2.344 330.0  30.0  387
16.850  377.5  90  78  87  -2.344 330.0  30.0  392
16.850  380.0  90  78  87  -2.344 330.0  30.0  366
16.850  382.5  90  78  87  -2.344 330.0  30.0  397
16.850  385.0  90  78  87  -2.344 330.0  30.0  373
16.850  387.5  90  78  87  -2.344 330.0  30.0  402
16.850  390.0  90  78  87  -2.344 330.0  30.0  376
16.850  402.5  90  78  87  -2.344 330.0  30.0  391
16.850  405.0  90  78  87  -2.344 330.0  30.0  391
16.850  407.5  90  78  87  -2.344 330.0  30.0  396
16.850  422.5  90  78  87  -2.344 330.0  30.0  416
16.850  435.0  90  78  87  -2.344 330.0  30.0  423
16.900  720.0  90  78  87  -2.344 330.0  30.0  718
16.950  890.0 -90  69  78  -5.469 330.0  30.0  890
