2024.06.28 (180) 00:00:05.000
Station name: AUSTIN
URSI code: AU930
Ionosonde model: DGS-256
  Freq  Range Pol MPA Amp Doppler    Az    Zn  PGH
 2.100  105.0  90  48  60   0.781   0.0   0.0
 2.200  105.0  90  48  60  -0.781   0.0   0.0
 2.400  110.0  90  48  60   0.781   0.0   0.0
 2.600  115.0  90  54  66  -0.781   0.0   0.0
 2.800  125.0  90  54  66  -0.781   0.0   0.0
 3.000  145.0  90  48  60  -0.781   0.0   0.0
 3.400  230.0  90  66  84  -0.781   0.0   0.0
 3.500  230.0  90  54  66  -0.781   0.0   0.0
 3.500  235.0  90  54  66  -0.781   0.0   0.0
 3.600  240.0  90  48  72  -0.781   0.0   0.0
 3.600  245.0  90  48  60  -0.781   0.0   0.0
 3.600  495.0  90  48  60  -0.781   0.0   0.0
 3.700  250.0  90  54  66  -0.781   0.0   0.0
 3.800  260.0  90  54  66  -0.781   0.0   0.0
 3.900  265.0  90  54  66  -0.781   0.0   0.0
 3.900  270.0  90  54  78  -0.781   0.0   0.0
 3.900  275.0  90  54  72  -0.781   0.0   0.0
 4.000  270.0  90  30  42  -0.781   0.0   0.0
 4.000  275.0  90  30  60  -0.781   0.0   0.0
 4.000  280.0  90  30  54  -0.781   0.0   0.0
 4.000  550.0  90  30  42  -0.781   0.0   0.0
 4.000  555.0  90  30  42   0.781   0.0   0.0
 4.000  250.0 -90  30  42  -0.781   0.0   0.0
 4.100  285.0  90  30  60  -0.781   0.0   0.0
 4.100  290.0  90  30  54  -0.781   0.0   0.0
 4.100  295.0  90  30  42  -0.781   0.0   0.0
 4.100  250.0 -90  30  42  -0.781   0.0   0.0
 4.200  300.0  90  30  54  -0.781   0.0   0.0
 4.200  305.0  90  30  60  -0.781   0.0   0.0
 4.200  310.0  90  30  42  -0.781   0.0   0.0
 4.200  595.0  90  30  42  -0.781   0.0   0.0
 4.200  610.0  90  30  42  -0.781   0.0   0.0
 4.200  255.0 -90  30  42  -0.781   0.0   0.0
 4.300  315.0  90  30  48  -0.781   0.0   0.0
 4.300  320.0  90  30  60  -0.781   0.0   0.0
 4.300  325.0  90  30  42  -0.781   0.0   0.0
 4.300  265.0 -90  30  42  -0.781   0.0   0.0
 4.300  270.0 -90  30  42  -0.781   0.0   0.0
 4.400  330.0  90  30  60  -0.781   0.0   0.0
 4.400  335.0  90  30  48  -0.781   0.0   0.0
 4.400  645.0  90  30  42  -0.781   0.0   0.0
 4.400  650.0  90  30  48  -0.781   0.0   0.0
 4.400  655.0  90  30  42  -0.781   0.0   0.0
 4.400  275.0 -90  30  48  -0.781   0.0   0.0
 4.400  280.0 -90  30  48  -0.781   0.0   0.0
 4.500  330.0  90  30  48  -0.781   0.0   0.0
 4.500  335.0  90  30  60  -0.781   0.0   0.0
 4.500  655.0  90  30  48  -0.781   0.0   0.0
 4.500  660.0  90  30  48  -0.781   0.0   0.0
 4.500  280.0 -90  30  48  -0.781   0.0   0.0
 4.500  285.0 -90  30  42  -0.781   0.0   0.0
 4.600  335.0  90  30  60  -0.781   0.0   0.0
 4.600  340.0  90  30  54  -0.781   0.0   0.0
 4.600  285.0 -90  30  54  -0.781   0.0   0.0
 4.600  290.0 -90  30  48  -0.781   0.0   0.0
 4.700  335.0  90  30  60  -0.781   0.0   0.0
 4.700  340.0  90  30  60  -0.781   0.0   0.0
 4.700  345.0  90  30  42  -0.781   0.0   0.0
 4.700  670.0  90  30  48  -0.781   0.0   0.0
 4.700  675.0  90  30  42  -0.781   0.0   0.0
 4.700  295.0 -90  30  54  -0.781   0.0   0.0
 4.700  300.0 -90  30  48  -0.781   0.0   0.0
 4.800  335.0  90  24  60  -0.781   0.0   0.0
 4.800  340.0  90  24  54  -0.781   0.0   0.0
 4.800  345.0  90  24  36  -0.781   0.0   0.0
 4.800  670.0  90  24  48  -0.781   0.0   0.0
 4.800  675.0  90  24  48  -0.781   0.0   0.0
 4.800  215.0 -90  24  36   3.906   0.0   0.0
 4.800  305.0 -90  24  42  -0.781   0.0   0.0
 4.800  310.0 -90  24  60  -0.781   0.0   0.0
 4.800  315.0 -90  24  48  -0.781   0.0   0.0
 4.800  605.0 -90  24  36   3.906   0.0   0.0
 4.900  335.0  90  30  60  -0.781   0.0   0.0
 4.900  340.0  90  30  48  -0.781   0.0   0.0
 4.900  670.0  90  30  48  -0.781   0.0   0.0
 4.900  675.0  90  30  42  -0.781   0.0   0.0
 4.900  315.0 -90  30  42  -0.781   0.0   0.0
 4.900  320.0 -90  30  60  -0.781   0.0   0.0
 4.900  325.0 -90  30  42  -0.781   0.0   0.0
 5.100  330.0  90  24  60  -0.781   0.0   0.0
 5.100  670.0  90  24  36  -0.781   0.0   0.0
 5.100  335.0 -90  24  60  -0.781   0.0   0.0
 5.100  340.0 -90  24  48  -0.781   0.0   0.0
 5.200  330.0  90  36  60  -0.781   0.0   0.0
 5.200  335.0  90  36  48  -0.781   0.0   0.0
 5.200  345.0 -90  36  54  -0.781   0.0   0.0
 5.300  330.0  90  30  54  -0.781   0.0   0.0
 5.300  335.0  90  30  42  -0.781   0.0   0.0
 5.300  350.0 -90  30  54  -0.781   0.0   0.0
 5.300  355.0 -90  30  42  -0.781   0.0   0.0
 5.400  325.0  90  30  48  -0.781   0.0   0.0
 5.400  330.0  90  30  54  -0.781   0.0   0.0
 5.400  350.0 -90  30  42  -0.781   0.0   0.0
 5.400  355.0 -90  30  54  -0.781   0.0   0.0
 5.500  325.0  90  30  48  -0.781   0.0   0.0
 5.500  330.0  90  30  54  -0.781   0.0   0.0
 5.500  350.0 -90  30  48  -0.781   0.0   0.0
 5.500  355.0 -90  30  60  -0.781   0.0   0.0
 5.500  360.0 -90  30  42  -0.781   0.0   0.0
 5.600  325.0  90  30  54  -0.781   0.0   0.0
 5.600  330.0  90  30  54  -0.781   0.0   0.0
 5.600  350.0 -90  30  42  -0.781   0.0   0.0
 5.600  355.0 -90  30  54  -0.781   0.0   0.0
 5.700  325.0  90  30  54  -0.781   0.0   0.0
 5.700  330.0  90  30  54  -0.781   0.0   0.0
 5.700  350.0 -90  30  54  -0.781   0.0   0.0
 5.700  355.0 -90  30  54  -0.781   0.0   0.0
 5.800  325.0  90  24  54  -0.781   0.0   0.0
 5.800  330.0  90  24  54  -0.781   0.0   0.0
 5.800  335.0  90  24  36  -0.781   0.0   0.0
 5.800  655.0  90  24  36  -0.781   0.0   0.0
 5.800  350.0 -90  24  48  -0.781   0.0   0.0
 5.800  355.0 -90  24  42  -0.781   0.0   0.0
 5.800  545.0 -90  24  36   3.906   0.0   0.0
 5.900  325.0  90  30  42  -0.781   0.0   0.0
 5.900  330.0  90  30  54  -0.781   0.0   0.0
 5.900  665.0  90  30  42  -0.781   0.0   0.0
 5.900  350.0 -90  30  54  -0.781   0.0   0.0
 6.000  330.0  90  36  54  -0.781   0.0   0.0
 6.000  350.0 -90  36  54  -0.781   0.0   0.0
 6.100  330.0  90  24  54  -0.781   0.0   0.0
 6.100  335.0  90  24  42  -0.781   0.0   0.0
 6.100  665.0  90  24  42  -0.781   0.0   0.0
 6.100  670.0  90  24  36  -0.781   0.0   0.0
 6.100  675.0  90  24  36  -0.781   0.0   0.0
 6.100  345.0 -90  24  54  -0.781   0.0   0.0
 6.100  350.0 -90  24  54  -0.781   0.0   0.0
 6.100  355.0 -90  24  36  -0.781   0.0   0.0
 6.100  545.0 -90  24  36   3.906   0.0   0.0
 6.200  330.0  90  30  54  -0.781   0.0   0.0
 6.200  335.0  90  30  48  -0.781   0.0   0.0
 6.200  665.0  90  30  42  -0.781   0.0   0.0
 6.200  345.0 -90  30  54  -0.781   0.0   0.0
 6.200  350.0 -90  30  54  -0.781   0.0   0.0
 6.300  330.0  90  24  54  -0.781   0.0   0.0
 6.300  335.0  90  24  54  -0.781   0.0   0.0
 6.300  665.0  90  24  42  -0.781   0.0   0.0
 6.300  670.0  90  24  42  -0.781   0.0   0.0
 6.300  675.0  90  24  36  -0.781   0.0   0.0
 6.300  345.0 -90  24  54  -0.781   0.0   0.0
 6.300  350.0 -90  24  48  -0.781   0.0   0.0
 6.400  330.0  90  24  54  -0.781   0.0   0.0
 6.400  335.0  90  24  60  -0.781   0.0   0.0
 6.400  340.0  90  24  42  -0.781   0.0   0.0
 6.400  665.0  90  24  36  -0.781   0.0   0.0
 6.400  670.0  90  24  36  -0.781   0.0   0.0
 6.400  345.0 -90  24  54  -0.781   0.0   0.0
 6.400  350.0 -90  24  48  -0.781   0.0   0.0
 6.400  695.0 -90  24  36  -0.781   0.0   0.0
 6.500  330.0  90  24  36  -0.781   0.0   0.0
 6.500  335.0  90  24  60  -0.781   0.0   0.0
 6.500  340.0  90  24  42  -0.781   0.0   0.0
 6.500  670.0  90  24  48  -0.781   0.0   0.0
 6.500  675.0  90  24  36  -0.781   0.0   0.0
 6.500  345.0 -90  24  60  -0.781   0.0   0.0
 6.500  350.0 -90  24  48  -0.781   0.0   0.0
 6.500  695.0 -90  24  36  -0.781   0.0   0.0
 6.600  335.0  90  24  60  -0.781   0.0   0.0
 6.600  340.0  90  24  48  -0.781   0.0   0.0
 6.600  670.0  90  24  36  -0.781   0.0   0.0
 6.600  675.0  90  24  48  -0.781   0.0   0.0
 6.600  680.0  90  24  36  -0.781   0.0   0.0
 6.600  345.0 -90  24  60  -0.781   0.0   0.0
 6.600  350.0 -90  24  48  -0.781   0.0   0.0
 6.600  695.0 -90  24  36  -0.781   0.0   0.0
 6.700  335.0  90  24  54  -0.781   0.0   0.0
 6.700  340.0  90  24  54  -0.781   0.0   0.0
 6.700  670.0  90  24  36   0.781   0.0   0.0
 6.700  680.0  90  24  36  -0.781   0.0   0.0
 6.700  140.0 -90  24  36  -3.906   0.0   0.0
 6.700  170.0 -90  24  36   3.906   0.0   0.0
 6.700  345.0 -90  24  54  -0.781   0.0   0.0
 6.700  350.0 -90  24  48  -0.781   0.0   0.0
 6.700  455.0 -90  24  36   3.906   0.0   0.0
 6.700  695.0 -90  24  42  -0.781   0.0   0.0
 6.800  340.0  90  30  54  -0.781   0.0   0.0
 6.800  680.0  90  30  42  -0.781   0.0   0.0
 6.800  345.0 -90  30  54  -0.781   0.0   0.0
 6.800  350.0 -90  30  48  -0.781   0.0   0.0
 6.900  340.0  90  24  54  -0.781   0.0   0.0
 6.900  680.0  90  24  36  -0.781   0.0   0.0
 6.900  685.0  90  24  36  -0.781   0.0   0.0
 6.900  690.0  90  24  36  -0.781   0.0   0.0
 6.900  345.0 -90  24  60  -0.781   0.0   0.0
 6.900  350.0 -90  24  54  -0.781   0.0   0.0
 6.900  695.0 -90  24  36  -0.781   0.0   0.0
 7.000  340.0  90  30  48  -0.781   0.0   0.0
 7.000  680.0  90  30  42  -0.781   0.0   0.0
 7.000  685.0  90  30  48  -0.781   0.0   0.0
 7.000  690.0  90  30  42  -0.781   0.0   0.0
 7.000  345.0 -90  30  60  -0.781   0.0   0.0
 7.000  350.0 -90  30  60  -0.781   0.0   0.0
 7.100  345.0  90  24  60  -0.781   0.0   0.0
 7.100  685.0  90  24  36  -0.781   0.0   0.0
 7.100  690.0  90  24  48  -0.781   0.0   0.0
 7.100  695.0  90  24  48  -0.781   0.0   0.0
 7.100  350.0 -90  24  60  -0.781   0.0   0.0
 7.100  355.0 -90  24  36  -0.781   0.0   0.0
 7.200   95.0  90  24  36  -3.906   0.0   0.0
 7.200  345.0  90  24  54  -0.781   0.0   0.0
 7.200  690.0  90  24  42  -0.781   0.0   0.0
 7.200  695.0  90  24  36  -0.781   0.0   0.0
 7.200  155.0 -90  24  36  -3.906   0.0   0.0
 7.200  215.0 -90  24  36  -3.906   0.0   0.0
 7.200  275.0 -90  24  36   3.906   0.0   0.0
 7.200  350.0 -90  24  60  -0.781   0.0   0.0
 7.200  355.0 -90  24  42  -0.781   0.0   0.0
 7.300  350.0  90  24  60  -0.781   0.0   0.0
 7.300  355.0  90  24  42  -0.781   0.0   0.0
 7.300  690.0  90  24  42   0.781   0.0   0.0
 7.300  695.0  90  24  42  -0.781   0.0   0.0
 7.300   80.0 -90  24  36   3.906   0.0   0.0
 7.300  345.0 -90  24  36  -0.781   0.0   0.0
 7.400  355.0  90  24  60  -0.781   0.0   0.0
 7.400  360.0  90  24  36   0.781   0.0   0.0
 7.400  695.0  90  24  36  -0.781   0.0   0.0
 7.400  185.0 -90  24  36  -3.906   0.0   0.0
 7.400  350.0 -90  24  60  -0.781   0.0   0.0
 7.400  425.0 -90  24  36  -3.906   0.0   0.0
 7.400  485.0 -90  24  36   3.906   0.0   0.0
 7.400  650.0 -90  24  36  -3.906   0.0   0.0
 7.400  665.0 -90  24  36   3.906   0.0   0.0
 7.400  680.0 -90  24  36  -3.906   0.0   0.0
 7.500  355.0  90  24  60  -0.781   0.0   0.0
 7.500  360.0  90  24  48  -0.781   0.0   0.0
 7.500  200.0 -90  24  36  -3.906   0.0   0.0
 7.500  350.0 -90  24  60  -0.781   0.0   0.0
 7.500  425.0 -90  24  36   3.906   0.0   0.0
 7.600  355.0  90  30  66  -0.781   0.0   0.0
 7.600  360.0  90  30  60  -0.781   0.0   0.0
 7.600  365.0  90  30  42  -0.781   0.0   0.0
 7.600  350.0 -90  30  54  -0.781   0.0   0.0
 7.700  360.0  90  30  66  -0.781   0.0   0.0
 7.700  365.0  90  30  54  -0.781   0.0   0.0
 7.700  355.0 -90  30  60  -0.781   0.0   0.0
 7.800  365.0  90  30  66  -0.781   0.0   0.0
 7.800  370.0  90  30  48  -0.781   0.0   0.0
 7.800  355.0 -90  30  60  -0.781   0.0   0.0
 7.800  360.0 -90  30  60  -0.781   0.0   0.0
 7.900  365.0  90  24  66  -0.781   0.0   0.0
 7.900  370.0  90  24  60  -0.781   0.0   0.0
 7.900  375.0  90  24  42  -0.781   0.0   0.0
 7.900  355.0 -90  24  54  -0.781   0.0   0.0
 7.900  360.0 -90  24  66  -0.781   0.0   0.0
 8.000  370.0  90  30  66   0.781   0.0   0.0
 8.000  375.0  90  30  60  -0.781   0.0   0.0
 8.000  360.0 -90  30  66  -0.781   0.0   0.0
 8.000  365.0 -90  30  54  -0.781   0.0   0.0
 8.100  370.0  90  24  60  -0.781   0.0   0.0
 8.100  375.0  90  24  66  -0.781   0.0   0.0
 8.100  380.0  90  24  48  -0.781   0.0   0.0
 8.100  360.0 -90  24  60  -0.781   0.0   0.0
 8.100  365.0 -90  24  60  -0.781   0.0   0.0
 8.200  375.0  90  24  60  -0.781   0.0   0.0
 8.200  380.0  90  24  60   0.781   0.0   0.0
 8.200  385.0  90  24  42   0.781   0.0   0.0
 8.200  360.0 -90  24  42  -0.781   0.0   0.0
 8.200  365.0 -90  24  66  -0.781   0.0   0.0
 8.200  370.0 -90  24  54  -0.781   0.0   0.0
 8.300  380.0  90  24  54   0.781   0.0   0.0
 8.300  385.0  90  24  66   0.781   0.0   0.0
 8.300  390.0  90  24  48   0.781   0.0   0.0
 8.300  275.0 -90  24  36  -3.906   0.0   0.0
 8.300  365.0 -90  24  60  -0.781   0.0   0.0
 8.300  370.0 -90  24  66  -0.781   0.0   0.0
 8.300  375.0 -90  24  48  -0.781   0.0   0.0
 8.300  695.0 -90  24  36  -5.469   0.0   0.0
 8.400  385.0  90  24  54   0.781   0.0   0.0
 8.400  390.0  90  24  66   0.781   0.0   0.0
 8.400  395.0  90  24  48   0.781   0.0   0.0
 8.400  370.0 -90  24  66  -0.781   0.0   0.0
 8.400  375.0 -90  24  54  -0.781   0.0   0.0
 8.400  380.0 -90  24  36  -0.781   0.0   0.0
 8.500   60.0  90  24  36   5.469   0.0   0.0
 8.500  390.0  90  24  66   0.781   0.0   0.0
 8.500  395.0  90  24  60   0.781   0.0   0.0
 8.500  400.0  90  24  42   0.781   0.0   0.0
 8.500  370.0 -90  24  60  -0.781   0.0   0.0
 8.500  375.0 -90  24  60  -0.781   0.0   0.0
 8.500  380.0 -90  24  48  -0.781   0.0   0.0
 8.600  395.0  90  24  60   0.781   0.0   0.0
 8.600  400.0  90  24  60   0.781   0.0   0.0
 8.600  405.0  90  24  42   0.781   0.0   0.0
 8.600  375.0 -90  24  66  -0.781   0.0   0.0
 8.600  380.0 -90  24  60  -0.781   0.0   0.0
 8.600  385.0 -90  24  36   0.781   0.0   0.0
 8.700  405.0  90  30  66   0.781   0.0   0.0
 8.700  410.0  90  30  54   0.781   0.0   0.0
 8.700  380.0 -90  30  66  -0.781   0.0   0.0
 8.700  385.0 -90  30  54  -0.781   0.0   0.0
 8.800  405.0  90  30  42   0.781   0.0   0.0
 8.800  410.0  90  30  66   0.781   0.0   0.0
 8.800  415.0  90  30  54   0.781   0.0   0.0
 8.800  380.0 -90  30  60  -0.781   0.0   0.0
 8.800  385.0 -90  30  60  -0.781   0.0   0.0
 8.800  390.0 -90  30  42   0.781   0.0   0.0
 8.900  415.0  90  30  60   0.781   0.0   0.0
 8.900  420.0  90  30  60   0.781   0.0   0.0
 8.900  425.0  90  30  42   0.781   0.0   0.0
 8.900  385.0 -90  30  66  -0.781   0.0   0.0
 8.900  390.0 -90  30  54  -0.781   0.0   0.0
 9.000  420.0  90  24  36   0.781   0.0   0.0
 9.000  425.0  90  24  66   0.781   0.0   0.0
 9.000  430.0  90  24  54   0.781   0.0   0.0
 9.000  435.0  90  24  36   0.781   0.0   0.0
 9.000   60.0 -90  24  36  -3.906   0.0   0.0
 9.000   65.0 -90  24  36  -3.906   0.0   0.0
 9.000  385.0 -90  24  42  -0.781   0.0   0.0
 9.000  390.0 -90  24  66   0.781   0.0   0.0
 9.000  395.0 -90  24  54   0.781   0.0   0.0
 9.000  605.0 -90  24  36  -3.906   0.0   0.0
 9.100  430.0  90  24  42   0.781   0.0   0.0
 9.100  435.0  90  24  66   0.781   0.0   0.0
 9.100  440.0  90  24  54   0.781   0.0   0.0
 9.100   95.0 -90  24  36  -3.906   0.0   0.0
 9.100  105.0 -90  24  36   3.906   0.0   0.0
 9.100  390.0 -90  24  48  -0.781   0.0   0.0
 9.100  395.0 -90  24  66   0.781   0.0   0.0
 9.100  400.0 -90  24  54   0.781   0.0   0.0
 9.200  445.0  90  24  54   0.781   0.0   0.0
 9.200  450.0  90  24  60   0.781   0.0   0.0
 9.200  455.0  90  24  48   0.781   0.0   0.0
 9.200  110.0 -90  24  36  -3.906   0.0   0.0
 9.200  230.0 -90  24  36  -3.906   0.0   0.0
 9.200  395.0 -90  24  36  -0.781   0.0   0.0
 9.200  400.0 -90  24  66   0.781   0.0   0.0
 9.200  405.0 -90  24  54   0.781   0.0   0.0
 9.200  410.0 -90  24  36   0.781   0.0   0.0
 9.300  455.0  90  24  48   0.781   0.0   0.0
 9.300  460.0  90  24  60   0.781   0.0   0.0
 9.300  465.0  90  24  48   0.781   0.0   0.0
 9.300  400.0 -90  24  48   0.781   0.0   0.0
 9.300  405.0 -90  24  66   0.781   0.0   0.0
 9.300  410.0 -90  24  54   0.781   0.0   0.0
 9.300  620.0 -90  24  36  -3.906   0.0   0.0
 9.300  665.0 -90  24  36   3.906   0.0   0.0
 9.400  475.0  90  24  48   0.781   0.0   0.0
 9.400  480.0  90  24  60   0.781   0.0   0.0
 9.400  485.0  90  24  48   0.781   0.0   0.0
 9.400  155.0 -90  24  36   3.906   0.0   0.0
 9.400  185.0 -90  24  36  -3.906   0.0   0.0
 9.400  335.0 -90  24  36  -3.906   0.0   0.0
 9.400  410.0 -90  24  66   0.781   0.0   0.0
 9.400  415.0 -90  24  60   0.781   0.0   0.0
 9.400  420.0 -90  24  42   0.781   0.0   0.0
 9.500  490.0  90  30  42   0.781   0.0   0.0
 9.500  495.0  90  30  54   0.781   0.0   0.0
 9.500  500.0  90  30  48   0.781   0.0   0.0
 9.500  415.0 -90  30  60   0.781   0.0   0.0
 9.500  420.0 -90  30  60   0.781   0.0   0.0
 9.500  425.0 -90  30  42   0.781   0.0   0.0
 9.600  525.0  90  30  42   0.781   0.0   0.0
 9.600  530.0  90  30  48   0.781   0.0   0.0
 9.600  425.0 -90  30  60   0.781   0.0   0.0
 9.600  430.0 -90  30  54   0.781   0.0   0.0
 9.700  580.0  90  24  36   0.781   0.0   0.0
 9.700  590.0  90  24  36   0.781   0.0   0.0
 9.700   80.0 -90  24  36  -3.906   0.0   0.0
 9.700  410.0 -90  24  36  -3.906   0.0   0.0
 9.700  435.0 -90  24  60   0.781   0.0   0.0
 9.700  440.0 -90  24  48   0.781   0.0   0.0
 9.800  635.0  90  24  36   0.781   0.0   0.0
 9.800  185.0 -90  24  36   3.906   0.0   0.0
 9.800  365.0 -90  24  36   3.906   0.0   0.0
 9.800  440.0 -90  24  48   0.781   0.0   0.0
 9.800  445.0 -90  24  54   0.781   0.0   0.0
 9.800  450.0 -90  24  36   0.781   0.0   0.0
 9.800  485.0 -90  24  36   3.906   0.0   0.0
 9.800  545.0 -90  24  36  -5.469   0.0   0.0
 9.800  605.0 -90  24  36   3.906   0.0   0.0
 9.800  665.0 -90  24  36  -3.906   0.0   0.0
 9.800  695.0 -90  24  36  -3.906   0.0   0.0
 9.900  450.0 -90  30  48   0.781   0.0   0.0
 9.900  455.0 -90  30  48   0.781   0.0   0.0
10.100  480.0 -90  24  42   0.781   0.0   0.0
10.100  485.0 -90  24  36   0.781   0.0   0.0
10.400  395.0 -90  30  42  -3.906   0.0   0.0
11.400  155.0 -90  24  36  -3.906   0.0   0.0
11.400  215.0 -90  24  36  -3.906   0.0   0.0
11.400  455.0 -90  24  36   3.906   0.0   0.0
11.400  515.0 -90  24  36   3.906   0.0   0.0
11.400  695.0 -90  24  36  -3.906   0.0   0.0
12.700  275.0 -90  24  36  -3.906   0.0   0.0
12.700  395.0 -90  24  36   3.906   0.0   0.0
12.800  215.0  90  24  36   2.344   0.0   0.0
13.000  335.0 -90  24  36  -3.906   0.0   0.0
13.000  575.0 -90  24  36   3.906   0.0   0.0
15.200  395.0 -90  24  36   3.906   0.0   0.0
15.200  515.0 -90  24  36  -3.906   0.0   0.0
15.200  680.0 -90  24  36  -2.344   0.0   0.0
15.900   95.0 -90  24  36   3.906   0.0   0.0
16.400  395.0 -90  24  36  -3.906   0.0   0.0
16.400  485.0 -90  24  36  -3.906   0.0   0.0
16.400  545.0 -90  24  36  -3.906   0.0   0.0
16.400  635.0 -90  24  36  -3.906   0.0   0.0
17.300  500.0 -90  24  36  -3.906   0.0   0.0
17.400   80.0 -90  24  36  -3.906   0.0   0.0
17.400  485.0 -90  24  36  -3.906   0.0   0.0
18.400   95.0 -90  24  36  -3.906   0.0   0.0
19.600   95.0 -90  24  36   3.906   0.0   0.0
19.600  155.0 -90  24  36  -3.906   0.0   0.0
19.600  335.0 -90  24  36  -3.906   0.0   0.0
19.600  635.0 -90  24  36  -3.906   0.0   0.0
