2024.06.28 (180) 00:00:00.000
Station name: Sopron
URSI code: SO148
Ionosonde model: DPS-4D
  Freq  Range Pol MPA Amp Doppler    Az    Zn  PGH
 0.500   82.5 -90  30  39  10.938 270.0  30.0
 0.550 1272.5 -90  45  54   4.688 210.0  30.0
 0.550 1277.5 -90  45  54  -1.563 210.0  30.0
 0.575   80.0  90  51  60 -10.938 210.0  30.0
 0.575   92.5  90  51  60 -10.938 210.0  30.0
 0.575  110.0  90  51  60  10.938 210.0  30.0
 0.575 1207.5  90  51  60  10.938 210.0  30.0
 0.575 1252.5  90  51  60  -7.813 210.0  30.0
 0.575 1257.5  90  51  60  10.938 210.0  30.0
 0.600  110.0  90  54  63 -10.938 210.0  30.0
 0.600  102.5 -90  54  63 -10.938 270.0  30.0
 0.600  105.0 -90  54  63   7.813 270.0  30.0
 0.600  120.0 -90  54  63  -7.813 270.0  30.0
 0.600  335.0 -90  54  63 -10.938 270.0  30.0
 0.600 1100.0 -90  54  63 -10.938 270.0  30.0
 0.600 1265.0 -90  54  63  10.938 270.0  30.0
 0.600 1267.5 -90  54  63  10.938   0.0   0.0
 0.600 1270.0 -90  54  63 -10.938 270.0  30.0
 0.600 1272.5 -90  54  66   7.813 270.0  30.0
 0.600 1275.0 -90  54  63 -10.938 270.0  30.0
 0.600 1277.5 -90  54  63  10.938 270.0  30.0
 0.600 1280.0 -90  54  63   4.688 270.0  30.0
 0.600 1282.5 -90  54  63 -10.938 270.0  30.0
 0.675  112.5  90  45  54 -10.938  90.0  30.0
 0.675  147.5  90  45  54  -4.688   0.0   0.0
 0.675  997.5  90  45  54  10.938 150.0  30.0
 0.750   90.0 -90  51  60   4.688 150.0  30.0
 0.750  190.0 -90  51  60   7.813 210.0  30.0
 0.775 1097.5  90  48  57   1.563  90.0  30.0
 0.775 1110.0  90  48  57  -1.563  90.0  30.0
 0.900  130.0 -90  54  63 -10.938 210.0  30.0
 0.900 1115.0 -90  54  63  10.938 210.0  30.0
 0.900 1165.0 -90  54  63 -10.938 210.0  30.0
 0.900 1187.5 -90  54  63 -10.938 210.0  30.0
 0.900 1215.0 -90  54  63 -10.938 210.0  30.0
 0.900 1220.0 -90  54  63 -10.938 270.0  30.0
 0.900 1222.5 -90  54  63  -7.813 270.0  30.0
 0.900 1237.5 -90  54  63 -10.938 210.0  30.0
 0.900 1247.5 -90  54  63 -10.938 210.0  30.0
 0.900 1252.5 -90  54  63 -10.938 270.0  30.0
 0.900 1265.0 -90  54  63 -10.938 210.0  30.0
 0.900 1270.0 -90  54  63 -10.938 270.0  30.0
 0.950 1015.0  90  51  60 -10.938 270.0  30.0
 0.950 1047.5  90  51  60 -10.938 270.0  30.0
 0.950 1065.0  90  51  60 -10.938 270.0  30.0
 0.975 1145.0  90  42  51  -7.813   0.0   0.0
 0.975 1147.5  90  42  51  -7.813   0.0   0.0
 0.975 1150.0  90  42  51  -4.688  90.0  30.0
 0.975 1160.0  90  42  51  -7.813  90.0  30.0
 0.975 1165.0  90  42  51   4.688   0.0   0.0
 0.975 1187.5  90  42  51  -4.688  90.0  30.0
 0.975 1190.0  90  42  51  -7.813   0.0   0.0
 0.975 1192.5  90  42  51   4.688  90.0  30.0
 1.000  115.0 -90  39  48   1.563 270.0  30.0
 1.000  117.5 -90  39  51   1.563 270.0  30.0
 1.000  235.0 -90  39  51  -1.563 210.0  30.0
 1.000  237.5 -90  39  54   1.563 270.0  30.0
 1.025  115.0 -90  42  51   1.563 270.0  30.0
 1.025  117.5 -90  42  54  -1.563   0.0   0.0
 1.025  235.0 -90  42  51  -1.563 270.0  30.0
 1.025  237.5 -90  42  54   1.563 270.0  30.0
 1.050  115.0 -90  42  54  -1.563 330.0  30.0
 1.050  117.5 -90  42  51   1.563 270.0  30.0
 1.050  225.0 -90  42  51  10.938  30.0  30.0
 1.050  235.0 -90  42  51  -1.563 210.0  30.0
 1.050  237.5 -90  42  54  -1.563 270.0  30.0
 1.050 1212.5 -90  42  51  -1.563  90.0  30.0
 1.050 1240.0 -90  42  51   1.563  30.0  30.0
 1.075  115.0 -90  39  51  -1.563 270.0  30.0
 1.075  117.5 -90  39  54  -1.563 270.0  30.0
 1.075  235.0 -90  39  51   1.563 270.0  30.0
 1.075  237.5 -90  39  54   1.563 270.0  30.0
 1.100  115.0 -90  48  57  -1.563   0.0   0.0
 1.100  117.5 -90  48  57  -1.563   0.0   0.0
 1.125  115.0 -90  39  54   1.563 270.0  30.0
 1.125  117.5 -90  39  57   1.563 270.0  30.0
 1.125  235.0 -90  39  48   1.563 270.0  30.0
 1.125  237.5 -90  39  51   1.563   0.0   0.0
 1.125  240.0 -90  39  48  -1.563  90.0  30.0
 1.150  115.0  90  48  57  -1.563   0.0   0.0
 1.150  115.0 -90  45  54  -1.563 270.0  30.0
 1.150  117.5 -90  45  57   1.563 270.0  30.0
 1.200  115.0 -90  48  57   1.563 150.0  30.0
 1.200  117.5 -90  48  57  -1.563 270.0  30.0
 1.225  115.0  90  39  51   1.563   0.0   0.0
 1.225  117.5  90  39  48  -1.563  90.0  30.0
 1.225  235.0  90  39  48  -1.563  30.0  30.0
 1.225  115.0 -90  39  54   1.563   0.0   0.0
 1.225  117.5 -90  39  51   1.563   0.0   0.0
 1.225  235.0 -90  39  54  -1.563   0.0   0.0
 1.225  355.0 -90  39  48   1.563 270.0  30.0
 1.250  115.0  90  39  51   1.563   0.0   0.0
 1.250  117.5  90  39  51   1.563   0.0   0.0
 1.250  235.0  90  39  54  -1.563   0.0   0.0
 1.250  237.5  90  39  48  -1.563  90.0  30.0
 1.250  115.0 -90  39  57   1.563 150.0  30.0
 1.250  117.5 -90  39  51  -1.563   0.0   0.0
 1.250  235.0 -90  39  54  -1.563  90.0  30.0
 1.250  237.5 -90  39  48  -1.563  90.0  30.0
 1.275  235.0  90  45  54  -1.563   0.0   0.0
 1.275  115.0 -90  45  57   1.563  90.0  30.0
 1.275  235.0 -90  45  57   1.563  90.0  30.0
 1.300  235.0  90  51  60  -1.563   0.0   0.0
 1.300 1212.5  90  51  60   7.813 270.0  30.0
 1.300  235.0 -90  51  60   1.563  90.0  30.0
 1.350  235.0  90  48  57   1.563   0.0   0.0
 1.350   85.0 -90  48  57 -10.938 270.0  30.0
 1.350  100.0 -90  48  57 -10.938 270.0  30.0
 1.350  112.5 -90  48  57  10.938 270.0  30.0
 1.350  115.0 -90  48  60   1.563 270.0  30.0
 1.350  117.5 -90  48  57 -10.938 270.0  30.0
 1.350  135.0 -90  48  57  10.938 270.0  30.0
 1.350  235.0 -90  48  63   1.563  90.0  30.0
 1.350  237.5 -90  48  60  -1.563   0.0   0.0
 1.350 1212.5 -90  48  57  10.938 270.0  30.0
 1.375  237.5  90  45  54  -1.563   0.0   0.0
 1.375 1207.5  90  45  54  -7.813   0.0   0.0
 1.375  115.0 -90  48  57   1.563   0.0   0.0
 1.375  235.0 -90  48  63   1.563  90.0  30.0
 1.375  237.5 -90  48  60   1.563  90.0  30.0
 1.400 1185.0  90  54  63  -1.563 270.0  30.0
 1.400 1192.5  90  54  63  10.938 270.0  30.0
 1.400 1220.0  90  54  63  -1.563 270.0  30.0
 1.400 1222.5  90  54  63  -1.563 270.0  30.0
 1.400 1250.0  90  54  63  -4.688 270.0  30.0
 1.400 1252.5  90  54  63  -1.563 270.0  30.0
 1.400  117.5 -90  51  60   1.563 270.0  30.0
 1.400  235.0 -90  51  60   1.563  90.0  30.0
 1.400  237.5 -90  51  60   1.563  90.0  30.0
 1.450  235.0 -90  48  60   1.563   0.0   0.0
 1.450  237.5 -90  48  60   1.563   0.0   0.0
 1.450  255.0 -90  48  57  10.938 270.0  30.0
 1.450  355.0 -90  48  57  10.938 270.0  30.0
 1.475  235.0 -90  45  54  -1.563   0.0   0.0
 1.475  237.5 -90  45  57   1.563   0.0   0.0
 1.500  237.5 -90  45  54   1.563   0.0   0.0
 1.525 1177.5  90  48  57   7.813 330.0  30.0
 1.525  140.0 -90  45  54   7.813 330.0  30.0
 1.525  147.5 -90  45  54   7.813 330.0  30.0
 1.575 1202.5  90  54  63 -10.938 330.0  30.0
 1.600  227.5  90  51  60  -1.563   0.0   0.0
 1.600  860.0  90  51  60  -4.688   0.0   0.0
 1.650  280.0 -90  33  42   1.563 270.0  30.0
 1.675  522.5  90  39  48  -4.688  90.0  30.0
 1.675  532.5  90  39  48 -10.938  90.0  30.0
 1.675  577.5  90  39  48  -7.813  90.0  30.0
 1.675  280.0 -90  33  45  -1.563 270.0  30.0
 1.700  280.0 -90  33  48  -1.563 270.0  30.0
 1.700  847.5 -90  33  42  -1.563 270.0  30.0
 1.725  280.0 -90  33  48   1.563 270.0  30.0
 1.725  282.5 -90  33  42  -1.563 270.0  30.0
 1.750  280.0  90  33  42   1.563   0.0   0.0
 1.750  280.0 -90  33  45   1.563   0.0   0.0
 1.750  282.5 -90  33  45  -1.563   0.0   0.0
 1.750  565.0 -90  33  42   1.563 330.0  30.0
 1.775  282.5  90  33  42   1.563   0.0   0.0
 1.775  280.0 -90  33  45  -1.563   0.0   0.0
 1.775  282.5 -90  33  48   1.563 270.0  30.0
 1.800  282.5  90  36  48  -1.563   0.0   0.0
 1.800  282.5 -90  33  51  -1.563   0.0   0.0
 1.800  567.5 -90  33  42   1.563 270.0  30.0
 1.800  577.5 -90  33  42  -1.563 330.0  30.0
 1.825  282.5  90  39  48  -1.563  30.0  30.0
 1.825  282.5 -90  36  48   1.563 270.0  30.0
 1.900  127.5  90  39  48  -1.563   0.0   0.0
 1.900  282.5 -90  36  48   1.563   0.0   0.0
 1.900  285.0 -90  36  51  -1.563   0.0   0.0
 1.925  125.0  90  33  45   1.563   0.0   0.0
 1.925  127.5  90  33  45   1.563   0.0   0.0
 1.925  285.0  90  33  45   1.563   0.0   0.0
 1.925  190.0 -90  33  42   1.563  30.0  30.0
 1.925  282.5 -90  33  42  -1.563   0.0   0.0
 1.925  285.0 -90  33  51  -1.563 150.0  30.0
 1.950  125.0  90  36  45   1.563   0.0   0.0
 1.950  285.0  90  36  48  -1.563   0.0   0.0
 1.950  187.5 -90  33  42   1.563  30.0  30.0
 1.950  190.0 -90  33  42  -1.563  30.0  30.0
 1.950  282.5 -90  33  42  -1.563  90.0  30.0
 1.950  285.0 -90  33  54  -1.563  90.0  30.0
 1.950  287.5 -90  33  45  -1.563  90.0  30.0
 1.975  252.5  90  33  42   1.563   0.0   0.0
 1.975  285.0  90  33  45  -1.563   0.0   0.0
 1.975  287.5  90  33  42   1.563   0.0   0.0
 1.975  190.0 -90  33  42  -1.563  30.0  30.0
 1.975  192.5 -90  33  42  -1.563 330.0  30.0
 1.975  285.0 -90  33  51   1.563  90.0  30.0
 1.975  287.5 -90  33  48  -1.563  90.0  30.0
 2.000  122.5  90  33  45   1.563   0.0   0.0
 2.000  125.0  90  33  45   1.563   0.0   0.0
 2.000  190.0  90  33  42  -1.563 330.0  30.0
 2.000  285.0  90  33  45  -1.563   0.0   0.0
 2.000  287.5  90  33  45   1.563   0.0   0.0
 2.000  190.0 -90  33  45  -1.563  30.0  30.0
 2.000  285.0 -90  33  51   1.563  90.0  30.0
 2.000  287.5 -90  33  51   1.563  90.0  30.0
 2.025  122.5  90  33  48   1.563   0.0   0.0
 2.025  125.0  90  33  45   1.563  30.0  30.0
 2.025  190.0  90  33  42  -1.563  30.0  30.0
 2.025  285.0  90  33  42  -1.563   0.0   0.0
 2.025  287.5  90  33  45  -1.563   0.0   0.0
 2.025  122.5 -90  30  39  -1.563   0.0   0.0
 2.025  185.0 -90  30  39  -1.563 330.0  30.0
 2.025  190.0 -90  30  45  -1.563  30.0  30.0
 2.025  192.5 -90  30  39  -1.563 330.0  30.0
 2.025  285.0 -90  30  48  -1.563  90.0  30.0
 2.025  287.5 -90  30  51   1.563  90.0  30.0
 2.025  575.0 -90  30  39  -1.563  90.0  30.0
 2.025  577.5 -90  30  42  -1.563 150.0  30.0
 2.025  580.0 -90  30  39  -1.563 150.0  30.0
 2.050 1155.0  90  39  48  -4.688  90.0  30.0
 2.050 1182.5  90  39  48  -4.688  90.0  30.0
 2.050 1187.5  90  39  48   4.688  90.0  30.0
 2.050 1192.5  90  39  48  -4.688  90.0  30.0
 2.050 1195.0  90  39  48  -4.688  90.0  30.0
 2.050 1197.5  90  39  48   4.688  90.0  30.0
 2.050 1200.0  90  39  48   4.688  90.0  30.0
 2.050 1205.0  90  39  48  -4.688  90.0  30.0
 2.050 1207.5  90  39  48  -4.688  90.0  30.0
 2.050 1212.5  90  39  48  -4.688  90.0  30.0
 2.050 1215.0  90  39  48   4.688  90.0  30.0
 2.050 1225.0  90  39  48   4.688  90.0  30.0
 2.050 1227.5  90  39  48  -4.688  90.0  30.0
 2.050 1232.5  90  39  48   4.688  90.0  30.0
 2.050 1242.5  90  39  48   4.688  90.0  30.0
 2.050  190.0 -90  33  45  -1.563  30.0  30.0
 2.050  192.5 -90  33  42   1.563 330.0  30.0
 2.050  285.0 -90  33  45  -1.563  90.0  30.0
 2.050  287.5 -90  33  54   1.563  90.0  30.0
 2.050  577.5 -90  33  42   1.563  90.0  30.0
 2.075  122.5  90  39  48   1.563  90.0  30.0
 2.075 1172.5  90  39  48 -10.938  90.0  30.0
 2.075 1177.5  90  39  48  -1.563  90.0  30.0
 2.075 1185.0  90  39  48  10.938  90.0  30.0
 2.075 1190.0  90  39  48  10.938  90.0  30.0
 2.075 1192.5  90  39  48  10.938  90.0  30.0
 2.075 1195.0  90  39  48  -1.563  90.0  30.0
 2.075 1197.5  90  39  48  10.938  90.0  30.0
 2.075 1200.0  90  39  48  -1.563  90.0  30.0
 2.075 1205.0  90  39  48 -10.938  90.0  30.0
 2.075 1207.5  90  39  48  10.938  90.0  30.0
 2.075 1210.0  90  39  48  -1.563  90.0  30.0
 2.075 1212.5  90  39  48  -1.563  90.0  30.0
 2.075 1215.0  90  39  48  10.938  90.0  30.0
 2.075 1232.5  90  39  48  10.938  90.0  30.0
 2.075 1250.0  90  39  48  10.938  90.0  30.0
 2.075  122.5 -90  33  42  -1.563   0.0   0.0
 2.075  192.5 -90  33  42   1.563  30.0  30.0
 2.075  287.5 -90  33  54  -1.563 150.0  30.0
 2.075  290.0 -90  33  42   1.563 150.0  30.0
 2.100  122.5  90  39  48  -1.563  30.0  30.0
 2.100  287.5  90  39  48   1.563   0.0   0.0
 2.100  960.0  90  39  48  -7.813  90.0  30.0
 2.100 1142.5  90  39  48   4.688  90.0  30.0
 2.100 1225.0  90  39  48  -7.813  90.0  30.0
 2.100  122.5 -90  36  45   1.563   0.0   0.0
 2.100  190.0 -90  36  45  -1.563  30.0  30.0
 2.100  287.5 -90  36  54  -1.563 150.0  30.0
 2.100  290.0 -90  36  48   1.563  90.0  30.0
 2.125  122.5  90  36  48  -1.563   0.0   0.0
 2.125  247.5  90  36  45  -1.563 210.0  30.0
 2.125  122.5 -90  33  45  -1.563   0.0   0.0
 2.125  287.5 -90  33  51   1.563 150.0  30.0
 2.125  290.0 -90  33  51   1.563 150.0  30.0
 2.150  120.0  90  39  51  -1.563   0.0   0.0
 2.150  122.5  90  39  48   1.563 150.0  30.0
 2.150  245.0  90  39  51   1.563   0.0   0.0
 2.150  120.0 -90  33  42  -1.563   0.0   0.0
 2.150  122.5 -90  33  42  -1.563   0.0   0.0
 2.150  287.5 -90  33  48   1.563  90.0  30.0
 2.150  290.0 -90  33  51  -1.563 150.0  30.0
 2.175  290.0 -90  45  54   1.563  90.0  30.0
 2.250  120.0  90  39  51   1.563   0.0   0.0
 2.250  122.5  90  39  51   1.563 150.0  30.0
 2.250  245.0  90  39  51   1.563   0.0   0.0
 2.250  982.5  90  39  48  -7.813  30.0  30.0
 2.250  120.0 -90  36  48   1.563   0.0   0.0
 2.250  122.5 -90  36  48   1.563   0.0   0.0
 2.250  290.0 -90  36  51   1.563 150.0  30.0
 2.250  292.5 -90  36  51  -1.563  90.0  30.0
 2.275  245.0 -90  36  45  -1.563   0.0   0.0
 2.275  290.0 -90  36  45   1.563 150.0  30.0
 2.275  292.5 -90  36  51  -1.563  90.0  30.0
 2.300  292.5 -90  42  51  -1.563 150.0  30.0
 2.325  292.5 -90  39  51   1.563 150.0  30.0
 2.350  292.5 -90  39  51   1.563 150.0  30.0
 2.350  295.0 -90  39  48  -1.563 150.0  30.0
 2.425  220.0  90  45  54  10.938  30.0  30.0
 2.425  232.5  90  45  54  10.938  30.0  30.0
 2.425  247.5  90  45  54  10.938  30.0  30.0
 2.425  250.0  90  45  54 -10.938  30.0  30.0
 2.425  252.5  90  45  54 -10.938  30.0  30.0
 2.425  260.0  90  45  54 -10.938  30.0  30.0
 2.425  262.5  90  45  54 -10.938  30.0  30.0
 2.425  270.0  90  45  54 -10.938  30.0  30.0
 2.425  277.5  90  45  54 -10.938  30.0  30.0
 2.425  287.5  90  45  54  10.938  30.0  30.0
 2.450  295.0 -90  42  51   1.563 150.0  30.0
 2.475  200.0  90  36  45  -1.563 330.0  30.0
 2.475  295.0  90  36  51  -1.563   0.0   0.0
 2.475  297.5  90  36  48  -1.563   0.0   0.0
 2.475  187.5 -90  33  42  -1.563 330.0  30.0
 2.475  190.0 -90  33  42  -1.563 330.0  30.0
 2.475  195.0 -90  33  42  -1.563  30.0  30.0
 2.475  200.0 -90  33  45  -1.563 330.0  30.0
 2.475  295.0 -90  33  51   1.563 150.0  30.0
 2.475  297.5 -90  33  48  -1.563  90.0  30.0
 2.500  192.5  90  36  45  -1.563  30.0  30.0
 2.500  295.0  90  36  48   1.563 270.0  30.0
 2.500  297.5  90  36  51   1.563   0.0   0.0
 2.500  185.0 -90  33  42  -1.563  30.0  30.0
 2.500  187.5 -90  33  42  -1.563  30.0  30.0
 2.500  200.0 -90  33  45  -1.563 330.0  30.0
 2.500  295.0 -90  33  48  -1.563 330.0  30.0
 2.500  297.5 -90  33  51  -1.563 330.0  30.0
 2.500  300.0 -90  33  42  -1.563  30.0  30.0
 2.500  302.5 -90  33  42  -1.563   0.0   0.0
 2.725  300.0  90  42  51   1.563   0.0   0.0
 2.725  302.5  90  42  51   1.563 270.0  30.0
 2.725  300.0 -90  39  48   1.563 270.0  30.0
 2.725  302.5 -90  39  54  -1.563   0.0   0.0
 2.750  302.5  90  45  54  -1.563   0.0   0.0
 2.750  302.5 -90  42  54  -1.563   0.0   0.0
 2.775  302.5 -90  48  57  -1.563   0.0   0.0
 2.800  302.5 -90  45  54   1.563   0.0   0.0
 2.825  302.5  90  45  54  -1.563 270.0  30.0
 2.825  187.5 -90  36  45  -1.563  30.0  30.0
 2.825  190.0 -90  36  45  -1.563 330.0  30.0
 2.825  302.5 -90  36  54   1.563   0.0   0.0
 2.825  305.0 -90  36  45  -1.563 210.0  30.0
 2.850  302.5  90  36  51  -1.563 270.0  30.0
 2.850  305.0  90  36  51   1.563   0.0   0.0
 2.850  302.5 -90  33  51   1.563   0.0   0.0
 2.850  305.0 -90  33  45  -1.563 210.0  30.0
 2.850  610.0 -90  33  42  -1.563 330.0  30.0
 2.850  622.5 -90  33  42  -1.563  30.0  30.0
 2.875  302.5  90  36  48  -1.563  30.0  30.0
 2.875  305.0  90  36  51  -1.563  30.0  30.0
 2.875  302.5 -90  33  54   1.563   0.0   0.0
 2.875  305.0 -90  33  51  -1.563  90.0  30.0
 2.875  622.5 -90  33  42  -1.563  30.0  30.0
 2.900  302.5  90  33  48  -1.563 270.0  30.0
 2.900  305.0  90  33  51   1.563   0.0   0.0
 2.900  622.5  90  33  42  -1.563   0.0   0.0
 2.900  625.0  90  33  42  -1.563 150.0  30.0
 2.900  960.0  90  33  42  -1.563 210.0  30.0
 2.900  302.5 -90  33  54  -1.563   0.0   0.0
 2.900  305.0 -90  33  51  -1.563 210.0  30.0
 2.900  307.5 -90  33  42  -1.563 210.0  30.0
 2.900  610.0 -90  33  42  -1.563   0.0   0.0
 2.925  302.5  90  36  48  -1.563 270.0  30.0
 2.925  305.0  90  36  54  -1.563 270.0  30.0
 2.925  307.5  90  36  45  -1.563   0.0   0.0
 2.925  930.0  90  36  45  -1.563  90.0  30.0
 2.925  302.5 -90  36  54   1.563   0.0   0.0
 2.925  305.0 -90  36  51   1.563 330.0  30.0
 2.925  307.5 -90  36  45   1.563 210.0  30.0
 2.950  302.5  90  36  48   1.563 270.0  30.0
 2.950  305.0  90  36  54   1.563   0.0   0.0
 2.950  307.5  90  36  51   1.563   0.0   0.0
 2.950  190.0 -90  33  45  -1.563 330.0  30.0
 2.950  192.5 -90  33  42  -1.563 330.0  30.0
 2.950  302.5 -90  33  51   1.563   0.0   0.0
 2.950  305.0 -90  33  51   1.563  90.0  30.0
 2.950  307.5 -90  33  48  -1.563  90.0  30.0
 2.950  615.0 -90  33  42   1.563 150.0  30.0
 2.950  625.0 -90  33  42  -1.563  30.0  30.0
 2.975  302.5  90  36  45  -1.563 270.0  30.0
 2.975  305.0  90  36  48  -1.563  90.0  30.0
 2.975  307.5  90  36  54   1.563   0.0   0.0
 2.975  302.5 -90  33  51   1.563   0.0   0.0
 2.975  305.0 -90  33  51   1.563   0.0   0.0
 2.975  307.5 -90  33  48   1.563 210.0  30.0
 2.975  625.0 -90  33  42  -1.563  90.0  30.0
 3.000  190.0  90  36  45  -1.563  30.0  30.0
 3.000  305.0  90  36  54  -1.563 270.0  30.0
 3.000  307.5  90  36  57  -1.563   0.0   0.0
 3.000  302.5 -90  33  45   1.563   0.0   0.0
 3.000  305.0 -90  33  54  -1.563   0.0   0.0
 3.000  307.5 -90  33  48   1.563  90.0  30.0
 3.000  622.5 -90  33  42  -1.563   0.0   0.0
 3.000  647.5 -90  33  42  -1.563 330.0  30.0
 3.025  190.0  90  36  48  -1.563 330.0  30.0
 3.025  305.0  90  36  48  -1.563  30.0  30.0
 3.025  307.5  90  36  54   1.563   0.0   0.0
 3.025  310.0  90  36  45  -1.563   0.0   0.0
 3.025 1105.0  90  36  45  -7.813  90.0  30.0
 3.025 1280.0  90  36  45   1.563 150.0  30.0
 3.025  190.0 -90  36  45  -1.563 330.0  30.0
 3.025  305.0 -90  36  54  -1.563   0.0   0.0
 3.025  307.5 -90  36  48   1.563 150.0  30.0
 3.050  190.0  90  36  48  -1.563 330.0  30.0
 3.050  305.0  90  36  48   1.563 270.0  30.0
 3.050  307.5  90  36  54  -1.563   0.0   0.0
 3.050  310.0  90  36  51   1.563   0.0   0.0
 3.050  630.0  90  36  45   1.563   0.0   0.0
 3.050  305.0 -90  36  51   1.563   0.0   0.0
 3.050  307.5 -90  36  48  -1.563 150.0  30.0
 3.050  310.0 -90  36  45  -1.563 150.0  30.0
 3.075  190.0  90  36  45   1.563  30.0  30.0
 3.075  305.0  90  36  48  -1.563 270.0  30.0
 3.075  307.5  90  36  51  -1.563   0.0   0.0
 3.075  310.0  90  36  54  -1.563   0.0   0.0
 3.075  190.0 -90  33  42  -1.563 330.0  30.0
 3.075  305.0 -90  33  51  -1.563   0.0   0.0
 3.075  307.5 -90  33  45   1.563 330.0  30.0
 3.075  310.0 -90  33  45  -1.563 150.0  30.0
 3.100  305.0  90  39  48  -1.563 270.0  30.0
 3.100  307.5  90  39  48   1.563   0.0   0.0
 3.100  310.0  90  39  54  -1.563   0.0   0.0
 3.100  870.0  90  39  48 -10.938 270.0  30.0
 3.100  190.0 -90  36  45  -1.563 330.0  30.0
 3.100  305.0 -90  36  51  -1.563   0.0   0.0
 3.100  307.5 -90  36  45  -1.563 150.0  30.0
 3.100  310.0 -90  36  48   1.563 150.0  30.0
 3.100  622.5 -90  36  45   1.563  90.0  30.0
 3.125  310.0  90  45  57  -1.563   0.0   0.0
 3.125  305.0 -90  39  51  -1.563   0.0   0.0
 3.125  307.5 -90  39  48  -1.563   0.0   0.0
 3.125  310.0 -90  39  48  -1.563 330.0  30.0
 3.150  310.0  90  48  57   1.563   0.0   0.0
 3.175  310.0  90  45  54   1.563   0.0   0.0
 3.175  312.5  90  45  54  -1.563   0.0   0.0
 3.175 1077.5  90  45  54   7.813 270.0  30.0
 3.175 1080.0  90  45  54   4.688 270.0  30.0
 3.175  190.0 -90  39  51  -1.563 330.0  30.0
 3.175  305.0 -90  39  48   1.563   0.0   0.0
 3.175  307.5 -90  39  54  -1.563   0.0   0.0
 3.175  310.0 -90  39  48   1.563 330.0  30.0
 3.175  312.5 -90  39  51  -1.563  90.0  30.0
 3.175 1277.5 -90  39  48  -1.563 330.0  30.0
 3.200  190.0  90  39  48  -1.563 330.0  30.0
 3.200  307.5  90  39  48  -1.563 210.0  30.0
 3.200  310.0  90  39  51   1.563   0.0   0.0
 3.200  312.5  90  39  57  -1.563   0.0   0.0
 3.200  190.0 -90  36  54  -1.563 330.0  30.0
 3.200  192.5 -90  36  45  -1.563 330.0  30.0
 3.200  305.0 -90  36  45   1.563   0.0   0.0
 3.200  307.5 -90  36  54   1.563   0.0   0.0
 3.200  310.0 -90  36  45   1.563 210.0  30.0
 3.200  312.5 -90  36  51   1.563 330.0  30.0
 3.225  312.5  90  48  57   1.563   0.0   0.0
 3.300 1037.5  90  57  66  -4.688  90.0  30.0
 3.425  317.5  90  45  57   1.563   0.0   0.0
 3.425  310.0 -90  42  54  -1.563   0.0   0.0
 3.450  190.0  90  36  48  -1.563 330.0  30.0
 3.450  310.0  90  36  45   1.563 210.0  30.0
 3.450  312.5  90  36  45  -1.563 210.0  30.0
 3.450  317.5  90  36  57  -1.563   0.0   0.0
 3.450  320.0  90  36  51   1.563   0.0   0.0
 3.450  640.0  90  36  45  -1.563   0.0   0.0
 3.450  730.0  90  36  45   1.563 210.0  30.0
 3.450  732.5  90  36  45   1.563 210.0  30.0
 3.450  190.0 -90  36  48  -1.563 330.0  30.0
 3.450  310.0 -90  36  51  -1.563   0.0   0.0
 3.450  312.5 -90  36  51  -1.563   0.0   0.0
 3.450  317.5 -90  36  45   1.563 330.0  30.0
 3.475  190.0  90  36  51  -1.563 330.0  30.0
 3.475  312.5  90  36  45   1.563 210.0  30.0
 3.475  317.5  90  36  54   1.563   0.0   0.0
 3.475  320.0  90  36  51  -1.563   0.0   0.0
 3.475  487.5  90  36  48   1.563 210.0  30.0
 3.475  490.0  90  36  48   1.563 210.0  30.0
 3.475  645.0  90  36  45  -1.563   0.0   0.0
 3.475  722.5  90  36  45   1.563 210.0  30.0
 3.475  725.0  90  36  45   1.563 210.0  30.0
 3.475  727.5  90  36  48   1.563 210.0  30.0
 3.475  730.0  90  36  51   1.563 210.0  30.0
 3.475  732.5  90  36  45 -10.938 210.0  30.0
 3.475  737.5  90  36  45   1.563 150.0  30.0
 3.475  745.0  90  36  45 -10.938 210.0  30.0
 3.475  190.0 -90  33  51  -1.563 330.0  30.0
 3.475  192.5 -90  33  42  -1.563 330.0  30.0
 3.475  310.0 -90  33  48  -1.563   0.0   0.0
 3.475  312.5 -90  33  51   1.563   0.0   0.0
 3.475  317.5 -90  33  42   1.563 330.0  30.0
 3.475  320.0 -90  33  42   1.563 330.0  30.0
 3.475  490.0 -90  33  45   1.563 210.0  30.0
 3.475  720.0 -90  33  45   1.563 210.0  30.0
 3.475  725.0 -90  33  42 -10.938 210.0  30.0
 3.475  727.5 -90  33  45 -10.938 210.0  30.0
 3.475  730.0 -90  33  42   1.563 210.0  30.0
 3.475  732.5 -90  33  45   1.563 210.0  30.0
 3.500   80.0  90  45  57 -10.938 330.0  30.0
 3.500   82.5  90  45  57 -10.938 330.0  30.0
 3.500   85.0  90  45  57 -10.938 330.0  30.0
 3.500   87.5  90  45  57 -10.938 330.0  30.0
 3.500   90.0  90  45  57 -10.938 330.0  30.0
 3.500   92.5  90  45  57 -10.938 330.0  30.0
 3.500   95.0  90  45  54 -10.938 330.0  30.0
 3.500   97.5  90  45  57 -10.938 330.0  30.0
 3.500  100.0  90  45  57 -10.938 330.0  30.0
 3.500  102.5  90  45  54 -10.938 330.0  30.0
 3.500  105.0  90  45  57 -10.938 330.0  30.0
 3.500  107.5  90  45  57 -10.938 330.0  30.0
 3.500  110.0  90  45  57 -10.938 330.0  30.0
 3.500  112.5  90  45  57 -10.938 330.0  30.0
 3.500  115.0  90  45  57 -10.938 330.0  30.0
 3.500  117.5  90  45  57 -10.938 330.0  30.0
 3.500  120.0  90  45  57 -10.938 330.0  30.0
 3.500  122.5  90  45  57 -10.938 330.0  30.0
 3.500  125.0  90  45  57 -10.938 330.0  30.0
 3.500  127.5  90  45  57 -10.938 330.0  30.0
 3.500  130.0  90  45  54 -10.938 330.0  30.0
 3.500  132.5  90  45  54 -10.938 330.0  30.0
 3.500  135.0  90  45  57 -10.938 330.0  30.0
 3.500  137.5  90  45  54 -10.938 330.0  30.0
 3.500  140.0  90  45  54 -10.938 330.0  30.0
 3.500  142.5  90  45  54 -10.938 330.0  30.0
 3.500  145.0  90  45  54 -10.938 330.0  30.0
 3.500  147.5  90  45  54 -10.938 330.0  30.0
 3.500  150.0  90  45  54 -10.938 330.0  30.0
 3.500  152.5  90  45  54 -10.938 330.0  30.0
 3.500  155.0  90  45  54 -10.938 330.0  30.0
 3.500  157.5  90  45  54 -10.938 330.0  30.0
 3.500  160.0  90  45  54 -10.938 330.0  30.0
 3.500  162.5  90  45  54 -10.938 330.0  30.0
 3.500  165.0  90  45  54 -10.938 330.0  30.0
 3.500  167.5  90  45  54 -10.938 330.0  30.0
 3.500  170.0  90  45  54 -10.938 330.0  30.0
 3.500  172.5  90  45  54 -10.938 330.0  30.0
 3.500  175.0  90  45  54 -10.938 330.0  30.0
 3.500  177.5  90  45  54 -10.938 330.0  30.0
 3.500  180.0  90  45  54 -10.938 330.0  30.0
 3.500  182.5  90  45  54 -10.938 330.0  30.0
 3.500  185.0  90  45  54 -10.938 330.0  30.0
 3.500  187.5  90  45  54 -10.938 330.0  30.0
 3.500  190.0  90  45  54 -10.938 330.0  30.0
 3.500  192.5  90  45  54 -10.938 330.0  30.0
 3.500  195.0  90  45  54 -10.938 330.0  30.0
 3.500  197.5  90  45  54 -10.938 330.0  30.0
 3.500  200.0  90  45  54 -10.938 330.0  30.0
 3.500  202.5  90  45  54 -10.938 330.0  30.0
 3.500  205.0  90  45  54 -10.938 330.0  30.0
 3.500  210.0  90  45  54 -10.938 330.0  30.0
 3.500  212.5  90  45  54 -10.938 330.0  30.0
 3.500  215.0  90  45  54 -10.938 330.0  30.0
 3.500  220.0  90  45  54 -10.938 330.0  30.0
 3.500  320.0  90  45  57   1.563   0.0   0.0
 3.500   80.0 -90  39  48 -10.938 330.0  30.0
 3.500   82.5 -90  39  48 -10.938 330.0  30.0
 3.500   85.0 -90  39  48 -10.938  90.0  30.0
 3.500   87.5 -90  39  48 -10.938  90.0  30.0
 3.500   90.0 -90  39  48 -10.938  90.0  30.0
 3.500   92.5 -90  39  48 -10.938 330.0  30.0
 3.500   95.0 -90  39  48 -10.938 330.0  30.0
 3.500   97.5 -90  39  48 -10.938 330.0  30.0
 3.500  100.0 -90  39  48 -10.938  90.0  30.0
 3.500  105.0 -90  39  48 -10.938  90.0  30.0
 3.500  107.5 -90  39  48 -10.938  90.0  30.0
 3.500  110.0 -90  39  48 -10.938  90.0  30.0
 3.500  112.5 -90  39  48 -10.938 330.0  30.0
 3.500  115.0 -90  39  48 -10.938  90.0  30.0
 3.500  117.5 -90  39  48 -10.938  90.0  30.0
 3.500  120.0 -90  39  48 -10.938 330.0  30.0
 3.500  127.5 -90  39  48 -10.938 330.0  30.0
 3.500  132.5 -90  39  48 -10.938 330.0  30.0
 3.500  137.5 -90  39  48 -10.938 330.0  30.0
 3.500  145.0 -90  39  48 -10.938 330.0  30.0
 3.500  152.5 -90  39  48 -10.938 330.0  30.0
 3.500  190.0 -90  39  51  -1.563 330.0  30.0
 3.500  312.5 -90  39  54  -1.563   0.0   0.0
 3.500  320.0 -90  39  48  -1.563 330.0  30.0
 3.500  722.5 -90  39  48 -10.938 210.0  30.0
 3.500  725.0 -90  39  48 -10.938 210.0  30.0
 3.500  732.5 -90  39  48   1.563 210.0  30.0
 3.525   80.0  90  51  60 -10.938 330.0  30.0
 3.525   82.5  90  51  60 -10.938 330.0  30.0
 3.525   85.0  90  51  60 -10.938 330.0  30.0
 3.525   87.5  90  51  60 -10.938 330.0  30.0
 3.525   90.0  90  51  60 -10.938 330.0  30.0
 3.525   95.0  90  51  60 -10.938 330.0  30.0
 3.525  107.5  90  51  60 -10.938 330.0  30.0
 3.525  115.0  90  51  60 -10.938 330.0  30.0
 3.525  117.5  90  51  60 -10.938 330.0  30.0
 3.525  130.0  90  51  60 -10.938 330.0  30.0
 3.525  135.0  90  51  60 -10.938 330.0  30.0
 3.525  142.5  90  51  60 -10.938 330.0  30.0
 3.525  145.0  90  51  60 -10.938 330.0  30.0
 3.525  157.5  90  51  60 -10.938 330.0  30.0
 3.525  170.0  90  51  60 -10.938 330.0  30.0
 3.525  172.5  90  51  60 -10.938 330.0  30.0
 3.525   80.0 -90  48  57 -10.938 330.0  30.0
 3.525   82.5 -90  48  57 -10.938 330.0  30.0
 3.525   85.0 -90  48  57 -10.938 330.0  30.0
 3.525   87.5 -90  48  57 -10.938 330.0  30.0
 3.525   90.0 -90  48  57 -10.938 330.0  30.0
 3.525   92.5 -90  48  57 -10.938 330.0  30.0
 3.525   95.0 -90  48  57 -10.938 330.0  30.0
 3.525   97.5 -90  48  57 -10.938 330.0  30.0
 3.525  100.0 -90  48  57 -10.938 330.0  30.0
 3.525  102.5 -90  48  57 -10.938 330.0  30.0
 3.525  105.0 -90  48  57 -10.938 330.0  30.0
 3.525  107.5 -90  48  57 -10.938 330.0  30.0
 3.525  110.0 -90  48  57 -10.938  30.0  30.0
 3.525  112.5 -90  48  57 -10.938 330.0  30.0
 3.525  115.0 -90  48  57 -10.938 330.0  30.0
 3.525  117.5 -90  48  57 -10.938 330.0  30.0
 3.525  122.5 -90  48  57 -10.938 330.0  30.0
 3.525  125.0 -90  48  57 -10.938 330.0  30.0
 3.525  127.5 -90  48  57 -10.938 330.0  30.0
 3.525  130.0 -90  48  57 -10.938 330.0  30.0
 3.525  132.5 -90  48  57 -10.938 330.0  30.0
 3.525  135.0 -90  48  57 -10.938 330.0  30.0
 3.525  137.5 -90  48  57 -10.938 330.0  30.0
 3.525  140.0 -90  48  57 -10.938 330.0  30.0
 3.525  147.5 -90  48  57 -10.938 330.0  30.0
 3.525  150.0 -90  48  57 -10.938 330.0  30.0
 3.525  152.5 -90  48  57 -10.938 330.0  30.0
 3.525  155.0 -90  48  57 -10.938 330.0  30.0
 3.525  165.0 -90  48  57 -10.938 330.0  30.0
 3.525  167.5 -90  48  57 -10.938 330.0  30.0
 3.525  190.0 -90  48  57 -10.938 330.0  30.0
 3.525  197.5 -90  48  57 -10.938 330.0  30.0
 3.525  215.0 -90  48  57 -10.938 330.0  30.0
 3.525  220.0 -90  48  57 -10.938 330.0  30.0
 3.525  312.5 -90  48  57   1.563   0.0   0.0
 3.525  867.5 -90  48  57 -10.938  30.0  30.0
 3.550   80.0  90  42  54 -10.938 330.0  30.0
 3.550   82.5  90  42  54 -10.938 330.0  30.0
 3.550   85.0  90  42  54 -10.938 330.0  30.0
 3.550   87.5  90  42  51 -10.938 330.0  30.0
 3.550   90.0  90  42  51 -10.938 330.0  30.0
 3.550   92.5  90  42  51 -10.938 330.0  30.0
 3.550   95.0  90  42  54 -10.938 330.0  30.0
 3.550   97.5  90  42  54 -10.938 330.0  30.0
 3.550  100.0  90  42  54 -10.938 330.0  30.0
 3.550  102.5  90  42  54 -10.938 330.0  30.0
 3.550  105.0  90  42  51 -10.938 330.0  30.0
 3.550  107.5  90  42  54 -10.938 330.0  30.0
 3.550  110.0  90  42  54 -10.938 330.0  30.0
 3.550  112.5  90  42  54 -10.938 330.0  30.0
 3.550  115.0  90  42  54 -10.938 330.0  30.0
 3.550  117.5  90  42  54 -10.938 330.0  30.0
 3.550  120.0  90  42  54 -10.938 330.0  30.0
 3.550  122.5  90  42  51 -10.938 330.0  30.0
 3.550  125.0  90  42  54 -10.938 330.0  30.0
 3.550  127.5  90  42  54 -10.938 330.0  30.0
 3.550  130.0  90  42  54 -10.938 330.0  30.0
 3.550  132.5  90  42  54 -10.938 330.0  30.0
 3.550  135.0  90  42  54 -10.938 330.0  30.0
 3.550  137.5  90  42  54 -10.938 330.0  30.0
 3.550  140.0  90  42  54 -10.938 330.0  30.0
 3.550  142.5  90  42  54 -10.938 330.0  30.0
 3.550  145.0  90  42  54 -10.938 330.0  30.0
 3.550  147.5  90  42  54 -10.938 330.0  30.0
 3.550  150.0  90  42  51 -10.938 330.0  30.0
 3.550  152.5  90  42  54 -10.938 330.0  30.0
 3.550  155.0  90  42  54 -10.938 330.0  30.0
 3.550  157.5  90  42  54 -10.938 330.0  30.0
 3.550  160.0  90  42  54 -10.938 330.0  30.0
 3.550  162.5  90  42  51 -10.938 330.0  30.0
 3.550  165.0  90  42  54 -10.938 330.0  30.0
 3.550  167.5  90  42  54 -10.938 330.0  30.0
 3.550  170.0  90  42  54 -10.938 330.0  30.0
 3.550  172.5  90  42  54 -10.938 330.0  30.0
 3.550  175.0  90  42  54 -10.938 330.0  30.0
 3.550  177.5  90  42  54 -10.938 330.0  30.0
 3.550  180.0  90  42  51 -10.938 330.0  30.0
 3.550  182.5  90  42  54 -10.938 330.0  30.0
 3.550  185.0  90  42  54 -10.938 330.0  30.0
 3.550  187.5  90  42  54 -10.938 330.0  30.0
 3.550  190.0  90  42  54 -10.938 330.0  30.0
 3.550  192.5  90  42  51 -10.938 330.0  30.0
 3.550  195.0  90  42  51 -10.938 330.0  30.0
 3.550  197.5  90  42  54 -10.938 330.0  30.0
 3.550  200.0  90  42  54 -10.938 330.0  30.0
 3.550  202.5  90  42  54 -10.938 330.0  30.0
 3.550  205.0  90  42  51 -10.938 330.0  30.0
 3.550  207.5  90  42  54 -10.938 330.0  30.0
 3.550  210.0  90  42  51 -10.938 330.0  30.0
 3.550  212.5  90  42  51 -10.938 330.0  30.0
 3.550  215.0  90  42  54 -10.938 330.0  30.0
 3.550  217.5  90  42  51 -10.938 330.0  30.0
 3.550  220.0  90  42  51 -10.938 270.0  30.0
 3.550  222.5  90  42  51 -10.938 330.0  30.0
 3.550  225.0  90  42  51 -10.938 330.0  30.0
 3.550  227.5  90  42  51 -10.938 330.0  30.0
 3.550  230.0  90  42  51 -10.938 330.0  30.0
 3.550  232.5  90  42  51 -10.938 270.0  30.0
 3.550  235.0  90  42  51 -10.938 270.0  30.0
 3.550  237.5  90  42  51 -10.938 330.0  30.0
 3.550  240.0  90  42  51 -10.938 330.0  30.0
 3.550  242.5  90  42  51 -10.938 330.0  30.0
 3.550  245.0  90  42  51 -10.938 330.0  30.0
 3.550  247.5  90  42  51 -10.938 270.0  30.0
 3.550  252.5  90  42  51 -10.938 330.0  30.0
 3.550  255.0  90  42  51 -10.938 330.0  30.0
 3.550  257.5  90  42  51 -10.938 330.0  30.0
 3.550  260.0  90  42  51 -10.938 270.0  30.0
 3.550  262.5  90  42  51  10.938 270.0  30.0
 3.550  270.0  90  42  51 -10.938 330.0  30.0
 3.550  272.5  90  42  51 -10.938 330.0  30.0
 3.550  275.0  90  42  51 -10.938 330.0  30.0
 3.550  277.5  90  42  51 -10.938 270.0  30.0
 3.550  287.5  90  42  51 -10.938 330.0  30.0
 3.550  290.0  90  42  51 -10.938 270.0  30.0
 3.550  305.0  90  42  51 -10.938 270.0  30.0
 3.550  312.5  90  42  51   1.563 210.0  30.0
 3.550  320.0  90  42  57  -1.563   0.0   0.0
 3.550  322.5  90  42  51   1.563   0.0   0.0
 3.550   80.0 -90  42  51 -10.938 330.0  30.0
 3.550   82.5 -90  42  51 -10.938 330.0  30.0
 3.550   85.0 -90  42  51 -10.938 330.0  30.0
 3.550   87.5 -90  42  51 -10.938 330.0  30.0
 3.550   90.0 -90  42  54 -10.938 330.0  30.0
 3.550   92.5 -90  42  51 -10.938 330.0  30.0
 3.550   95.0 -90  42  51 -10.938 330.0  30.0
 3.550   97.5 -90  42  51 -10.938 330.0  30.0
 3.550  100.0 -90  42  51 -10.938 330.0  30.0
 3.550  102.5 -90  42  51 -10.938 330.0  30.0
 3.550  105.0 -90  42  51 -10.938 330.0  30.0
 3.550  107.5 -90  42  51 -10.938 330.0  30.0
 3.550  110.0 -90  42  54 -10.938 330.0  30.0
 3.550  112.5 -90  42  51 -10.938 330.0  30.0
 3.550  115.0 -90  42  51 -10.938 330.0  30.0
 3.550  117.5 -90  42  51 -10.938 330.0  30.0
 3.550  120.0 -90  42  51 -10.938 330.0  30.0
 3.550  122.5 -90  42  51 -10.938 330.0  30.0
 3.550  125.0 -90  42  51 -10.938 330.0  30.0
 3.550  127.5 -90  42  51 -10.938 330.0  30.0
 3.550  130.0 -90  42  51 -10.938 330.0  30.0
 3.550  132.5 -90  42  51 -10.938 330.0  30.0
 3.550  135.0 -90  42  51 -10.938 330.0  30.0
 3.550  137.5 -90  42  51 -10.938 330.0  30.0
 3.550  140.0 -90  42  51 -10.938 330.0  30.0
 3.550  142.5 -90  42  51 -10.938 330.0  30.0
 3.550  145.0 -90  42  51 -10.938 330.0  30.0
 3.550  147.5 -90  42  51 -10.938 330.0  30.0
 3.550  150.0 -90  42  51 -10.938  90.0  30.0
 3.550  152.5 -90  42  51 -10.938 330.0  30.0
 3.550  155.0 -90  42  51 -10.938 330.0  30.0
 3.550  157.5 -90  42  51 -10.938 330.0  30.0
 3.550  160.0 -90  42  51 -10.938 330.0  30.0
 3.550  162.5 -90  42  51 -10.938 330.0  30.0
 3.550  165.0 -90  42  51 -10.938 330.0  30.0
 3.550  167.5 -90  42  51 -10.938 330.0  30.0
 3.550  170.0 -90  42  51 -10.938 330.0  30.0
 3.550  172.5 -90  42  51 -10.938 330.0  30.0
 3.550  175.0 -90  42  51 -10.938 330.0  30.0
 3.550  177.5 -90  42  51 -10.938 330.0  30.0
 3.550  182.5 -90  42  51 -10.938 330.0  30.0
 3.550  185.0 -90  42  51 -10.938 330.0  30.0
 3.550  187.5 -90  42  51 -10.938 330.0  30.0
 3.550  190.0 -90  42  51 -10.938 330.0  30.0
 3.550  192.5 -90  42  51 -10.938 330.0  30.0
 3.550  200.0 -90  42  51 -10.938 330.0  30.0
 3.550  202.5 -90  42  51 -10.938 330.0  30.0
 3.550  312.5 -90  42  54   1.563   0.0   0.0
 3.575  320.0  90  42  54  -1.563   0.0   0.0
 3.575  322.5  90  42  54  -1.563   0.0   0.0
 3.575  312.5 -90  42  54  -1.563   0.0   0.0
 3.600  315.0  90  42  51   1.563 210.0  30.0
 3.600  320.0  90  42  51  -1.563   0.0   0.0
 3.600  322.5  90  42  54  -1.563   0.0   0.0
 3.600  312.5 -90  39  51  -1.563   0.0   0.0
 3.600  315.0 -90  39  51  -1.563   0.0   0.0
 3.625   85.0  90  45  54  -4.688  90.0  30.0
 3.625  315.0  90  45  54   1.563 210.0  30.0
 3.625  322.5  90  45  57  -1.563   0.0   0.0
 3.625  312.5 -90  42  51   1.563   0.0   0.0
 3.625  315.0 -90  42  54  -1.563   0.0   0.0
 3.650  315.0  90  39  54  -1.563 210.0  30.0
 3.650  322.5  90  39  57  -1.563   0.0   0.0
 3.650  325.0  90  39  51   1.563   0.0   0.0
 3.650  185.0 -90  36  45  -1.563 330.0  30.0
 3.650  312.5 -90  36  45   1.563   0.0   0.0
 3.650  315.0 -90  36  57  -1.563   0.0   0.0
 3.650  322.5 -90  36  45  -1.563 330.0  30.0
 3.675  315.0  90  39  54  -1.563 210.0  30.0
 3.675  322.5  90  39  54   1.563   0.0   0.0
 3.675  325.0  90  39  54  -1.563   0.0   0.0
 3.675  245.0 -90  39  48 -10.938 330.0  30.0
 3.675  315.0 -90  39  57  -1.563   0.0   0.0
 3.675  317.5 -90  39  51  -1.563   0.0   0.0
 3.675  325.0 -90  39  48  -1.563 330.0  30.0
 3.700  315.0  90  42  51  -1.563 210.0  30.0
 3.700  317.5  90  42  51  -1.563 210.0  30.0
 3.700  322.5  90  42  51   1.563   0.0   0.0
 3.700  325.0  90  42  54  -1.563   0.0   0.0
 3.700  315.0 -90  45  57   1.563   0.0   0.0
 3.700  317.5 -90  45  54   1.563   0.0   0.0
 3.725  325.0  90  42  57  -1.563   0.0   0.0
 3.725   82.5 -90  39  48 -10.938 330.0  30.0
 3.725  315.0 -90  39  54  -1.563   0.0   0.0
 3.725  317.5 -90  39  54  -1.563   0.0   0.0
 3.725 1282.5 -90  39  48  10.938 330.0  30.0
 3.750  315.0  90  36  45  -1.563 210.0  30.0
 3.750  317.5  90  36  51   1.563 210.0  30.0
 3.750  325.0  90  36  54  -1.563   0.0   0.0
 3.750  327.5  90  36  51   1.563   0.0   0.0
 3.750  657.5  90  36  45  -1.563   0.0   0.0
 3.750  660.0  90  36  45   1.563   0.0   0.0
 3.750  315.0 -90  36  51  -1.563   0.0   0.0
 3.750  317.5 -90  36  57  -1.563   0.0   0.0
 3.750  692.5 -90  36  45  -4.688 330.0  30.0
 3.750  707.5 -90  36  45   1.563 330.0  30.0
 3.775  317.5 -90  45  57  -1.563   0.0   0.0
 3.800  317.5 -90  51  60   1.563  90.0  30.0
 3.875   80.0  90  48  57  -4.688  30.0  30.0
 3.875   97.5  90  48  57  -4.688  30.0  30.0
 3.950  332.5  90  45  54   1.563   0.0   0.0
 4.225   87.5  90  51  60   7.813 270.0  30.0
 4.225   92.5  90  51  60   7.813 270.0  30.0
 4.375  110.0 -90  51  60  -4.688  90.0  30.0
 4.400  332.5  90  36  48  -1.563   0.0   0.0
 4.400  345.0  90  36  54  -1.563   0.0   0.0
 4.400  347.5  90  36  45  -1.563   0.0   0.0
 4.400  330.0 -90  36  51  -1.563   0.0   0.0
 4.400  332.5 -90  36  54  -1.563   0.0   0.0
 4.425  332.5  90  36  48  -1.563   0.0   0.0
 4.425  345.0  90  36  51  -1.563   0.0   0.0
 4.425  347.5  90  36  51  -1.563   0.0   0.0
 4.425  700.0  90  36  45   1.563   0.0   0.0
 4.425  705.0  90  36  45   1.563   0.0   0.0
 4.425  330.0 -90  36  45  -1.563   0.0   0.0
 4.425  332.5 -90  36  54  -1.563   0.0   0.0
 4.450  332.5  90  39  48  -1.563   0.0   0.0
 4.450  345.0  90  39  48  -1.563   0.0   0.0
 4.450  347.5  90  39  54  -1.563   0.0   0.0
 4.450  697.5  90  39  48  -1.563   0.0   0.0
 4.450  332.5 -90  39  54   1.563   0.0   0.0
 4.475  347.5  90  42  54  -1.563   0.0   0.0
 4.475  332.5 -90  39  54  -1.563   0.0   0.0
 4.475  335.0 -90  39  48  -1.563   0.0   0.0
 4.500  332.5  90  36  45  -1.563   0.0   0.0
 4.500  335.0  90  36  45   1.563   0.0   0.0
 4.500  347.5  90  36  51  -1.563   0.0   0.0
 4.500  350.0  90  36  51  -1.563   0.0   0.0
 4.500  697.5  90  36  45   1.563   0.0   0.0
 4.500  700.0  90  36  48  -1.563   0.0   0.0
 4.500  702.5  90  36  45   1.563   0.0   0.0
 4.500  332.5 -90  36  48  -1.563   0.0   0.0
 4.500  335.0 -90  36  54  -1.563   0.0   0.0
 4.525  350.0  90  45  54  -1.563   0.0   0.0
 4.525  335.0 -90  45  54  -1.563   0.0   0.0
 4.675  355.0  90  48  57  -1.563   0.0   0.0
 4.700  340.0  90  36  45  -1.563   0.0   0.0
 4.700  355.0  90  36  57  -1.563   0.0   0.0
 4.700  357.5  90  36  54  -1.563   0.0   0.0
 4.700  715.0  90  36  45   1.563   0.0   0.0
 4.700  730.0  90  36  45  -1.563   0.0   0.0
 4.700  732.5  90  36  45  -1.563   0.0   0.0
 4.700  337.5 -90  36  45   1.563   0.0   0.0
 4.700  340.0 -90  36  54  -1.563   0.0   0.0
 4.725  340.0  90  36  48  -1.563   0.0   0.0
 4.725  355.0  90  36  51  -1.563   0.0   0.0
 4.725  357.5  90  36  57  -1.563   0.0   0.0
 4.725  715.0  90  36  48  -1.563   0.0   0.0
 4.725  717.5  90  36  45  -1.563   0.0   0.0
 4.725  340.0 -90  36  54  -1.563   0.0   0.0
 4.725  342.5 -90  36  45  -1.563   0.0   0.0
 4.750  357.5  90  45  57   1.563   0.0   0.0
 4.750  340.0 -90  42  51  -1.563   0.0   0.0
 4.775  342.5  90  39  48  -1.563   0.0   0.0
 4.775  357.5  90  39  54  -1.563   0.0   0.0
 4.775  360.0  90  39  57  -1.563   0.0   0.0
 4.775  340.0 -90  39  48  -1.563   0.0   0.0
 4.775  342.5 -90  39  54  -1.563   0.0   0.0
 4.800  357.5  90  39  48  -1.563   0.0   0.0
 4.800  360.0  90  39  57  -1.563   0.0   0.0
 4.800  342.5 -90  39  54  -1.563   0.0   0.0
 4.825  360.0  90  39  57  -1.563   0.0   0.0
 4.825  362.5  90  39  54  -1.563   0.0   0.0
 4.825  725.0  90  39  48  -1.563   0.0   0.0
 4.825  342.5 -90  39  54  -1.563   0.0   0.0
 4.825  345.0 -90  39  48   1.563   0.0   0.0
 4.850  360.0  90  39  51  -1.563   0.0   0.0
 4.850  362.5  90  39  57  -1.563   0.0   0.0
 4.850  725.0  90  39  48  -1.563   0.0   0.0
 4.850  342.5 -90  39  51  -1.563   0.0   0.0
 4.850  345.0 -90  39  54  -1.563   0.0   0.0
 4.875  345.0  90  39  48   1.563   0.0   0.0
 4.875  362.5  90  39  57  -1.563   0.0   0.0
 4.875  365.0  90  39  51  -1.563   0.0   0.0
 4.875  727.5  90  39  51  -1.563   0.0   0.0
 4.875  345.0 -90  39  54  -1.563   0.0   0.0
 5.000  365.0  90  51  60 -10.938 330.0  30.0
 5.025  370.0  90  45  54  -1.563   0.0   0.0
 5.025  740.0  90  45  54  -1.563   0.0   0.0
 5.025 1267.5  90  45  54 -10.938 330.0  30.0
 5.025  350.0 -90  45  54  -1.563   0.0   0.0
 5.050  350.0  90  42  51  -1.563   0.0   0.0
 5.050  370.0  90  42  54  -1.563   0.0   0.0
 5.050  742.5  90  42  51  -1.563   0.0   0.0
 5.050  350.0 -90  42  57  -1.563   0.0   0.0
 5.075  350.0  90  39  48  -1.563  90.0  30.0
 5.075  370.0  90  39  48  -1.563   0.0   0.0
 5.075  372.5  90  39  51  -1.563   0.0   0.0
 5.075  745.0  90  39  48  -1.563   0.0   0.0
 5.075  350.0 -90  39  54  -1.563   0.0   0.0
 5.075  352.5 -90  39  54  -1.563   0.0   0.0
 5.100  352.5  90  39  48   1.563   0.0   0.0
 5.100  372.5  90  39  54  -1.563   0.0   0.0
 5.100  350.0 -90  39  48   1.563   0.0   0.0
 5.100  352.5 -90  39  54  -1.563   0.0   0.0
 5.125  372.5  90  42  51  -1.563   0.0   0.0
 5.125  375.0  90  42  54  -1.563   0.0   0.0
 5.125  352.5 -90  39  57  -1.563   0.0   0.0
 5.150  375.0  90  45  57  -1.563   0.0   0.0
 5.150  352.5 -90  45  54  -1.563   0.0   0.0
 5.150  355.0 -90  45  54  -1.563   0.0   0.0
 5.175  377.5  90  45  54  -1.563   0.0   0.0
 5.300  232.5 -90  45  54   4.688 210.0  30.0
 5.300  237.5 -90  45  54   4.688 210.0  30.0
 5.325  360.0 -90  45  54   1.563   0.0   0.0
 5.325 1275.0 -90  45  54 -10.938 270.0  30.0
 5.325 1280.0 -90  45  54  10.938 270.0  30.0
 5.350  385.0  90  42  54  -1.563   0.0   0.0
 5.350  360.0 -90  42  54  -1.563   0.0   0.0
 5.375  387.5  90  42  54  -1.563   0.0   0.0
 5.375  360.0 -90  39  48  -1.563   0.0   0.0
 5.375  362.5 -90  39  51  -1.563   0.0   0.0
 5.400  362.5  90  39  48  -1.563   0.0   0.0
 5.400  387.5  90  39  51  -1.563   0.0   0.0
 5.400  390.0  90  39  51  -1.563   0.0   0.0
 5.400 1270.0  90  39  48   7.813 270.0  30.0
 5.400  362.5 -90  39  54  -1.563   0.0   0.0
 5.425  390.0  90  45  54  -1.563   0.0   0.0
 5.425 1242.5  90  45  54   4.688 270.0  30.0
 5.425 1262.5  90  45  54   4.688 270.0  30.0
 5.425 1267.5  90  45  54   4.688 270.0  30.0
 5.425 1272.5  90  45  54   7.813 270.0  30.0
 5.425 1277.5  90  45  54   4.688 270.0  30.0
 5.425 1282.5  90  45  54   4.688 270.0  30.0
 5.425   80.0 -90  45  54   4.688   0.0   0.0
 5.425  362.5 -90  45  54  -1.563   0.0   0.0
 5.450   80.0  90  36  45   4.688 270.0  30.0
 5.450   85.0  90  36  45   4.688 270.0  30.0
 5.450   87.5  90  36  45   4.688 150.0  30.0
 5.450  102.5  90  36  45   4.688 270.0  30.0
 5.450  365.0  90  36  45  -1.563  90.0  30.0
 5.450  390.0  90  36  48  -1.563   0.0   0.0
 5.450  392.5  90  36  51  -1.563   0.0   0.0
 5.450  785.0  90  36  45  -1.563   0.0   0.0
 5.450  787.5  90  36  45  -1.563   0.0   0.0
 5.450 1265.0  90  36  45   7.813 210.0  30.0
 5.450   80.0 -90  36  45   4.688 270.0  30.0
 5.450   90.0 -90  36  45   4.688 270.0  30.0
 5.450   95.0 -90  36  45   4.688 270.0  30.0
 5.450  112.5 -90  36  45   4.688 270.0  30.0
 5.450  362.5 -90  36  48   1.563   0.0   0.0
 5.450  365.0 -90  36  54  -1.563   0.0   0.0
 5.475  392.5  90  42  54  -1.563   0.0   0.0
 5.475  365.0 -90  39  54  -1.563   0.0   0.0
 5.475  367.5 -90  39  48   1.563   0.0   0.0
 5.500  395.0  90  42  54  -1.563   0.0   0.0
 5.500  365.0 -90  39  54  -1.563   0.0   0.0
 5.500  367.5 -90  39  54  -1.563   0.0   0.0
 5.500  737.5 -90  39  48  -1.563   0.0   0.0
 5.525  367.5  90  39  48  -1.563 210.0  30.0
 5.525  395.0  90  39  51  -1.563   0.0   0.0
 5.525  397.5  90  39  51  -1.563   0.0   0.0
 5.525  367.5 -90  39  57  -1.563   0.0   0.0
 5.525  397.5 -90  39  48  -1.563   0.0   0.0
 5.525  737.5 -90  39  48  -1.563   0.0   0.0
 5.550  367.5  90  39  48   1.563 210.0  30.0
 5.550  397.5  90  39  54  -1.563   0.0   0.0
 5.550  400.0  90  39  48   1.563   0.0   0.0
 5.550  367.5 -90  39  54  -1.563   0.0   0.0
 5.550  370.0 -90  39  54  -1.563   0.0   0.0
 5.575  370.0  90  42  51  -1.563 210.0  30.0
 5.575  400.0  90  42  54  -1.563   0.0   0.0
 5.575  367.5 -90  42  51  -1.563   0.0   0.0
 5.575  370.0 -90  42  57  -1.563   0.0   0.0
 5.600  370.0  90  36  51  -1.563 210.0  30.0
 5.600  400.0  90  36  51  -1.563   0.0   0.0
 5.600  402.5  90  36  54  -1.563   0.0   0.0
 5.600  370.0 -90  36  57  -1.563   0.0   0.0
 5.600  372.5 -90  36  51  -1.563   0.0   0.0
 5.600  400.0 -90  36  45  -1.563   0.0   0.0
 5.625  370.0  90  36  45  -1.563 210.0  30.0
 5.625  372.5  90  36  48  -1.563 210.0  30.0
 5.625  402.5  90  36  54  -1.563   0.0   0.0
 5.625  405.0  90  36  48  -1.563   0.0   0.0
 5.625  810.0  90  36  45  -1.563   0.0   0.0
 5.625  812.5  90  36  45  -1.563   0.0   0.0
 5.625  370.0 -90  36  54  -1.563   0.0   0.0
 5.625  372.5 -90  36  57  -1.563   0.0   0.0
 5.625  745.0 -90  36  45  -1.563   0.0   0.0
 5.625  755.0 -90  36  48  -1.563   0.0   0.0
 5.625  757.5 -90  36  45  -1.563   0.0   0.0
 5.650  372.5  90  36  51  -1.563  90.0  30.0
 5.650  402.5  90  36  45  -1.563   0.0   0.0
 5.650  405.0  90  36  54  -1.563   0.0   0.0
 5.650  407.5  90  36  48  -1.563   0.0   0.0
 5.650  810.0  90  36  45  -1.563   0.0   0.0
 5.650  812.5  90  36  51  -1.563   0.0   0.0
 5.650  815.0  90  36  45  -1.563   0.0   0.0
 5.650  370.0 -90  36  45   1.563   0.0   0.0
 5.650  372.5 -90  36  57  -1.563   0.0   0.0
 5.650  375.0 -90  36  45  -1.563   0.0   0.0
 5.650  405.0 -90  36  45  -1.563   0.0   0.0
 5.650  747.5 -90  36  45  -1.563   0.0   0.0
 5.650  755.0 -90  36  48  -1.563   0.0   0.0
 5.675  372.5  90  36  48  -1.563  90.0  30.0
 5.675  375.0  90  36  45  -1.563  90.0  30.0
 5.675  405.0  90  36  51  -1.563   0.0   0.0
 5.675  407.5  90  36  54  -1.563   0.0   0.0
 5.675  410.0  90  36  45   1.563   0.0   0.0
 5.675  820.0  90  36  45  -1.563   0.0   0.0
 5.675  372.5 -90  36  54  -1.563   0.0   0.0
 5.675  375.0 -90  36  54  -1.563   0.0   0.0
 5.675  407.5 -90  36  45  -1.563   0.0   0.0
 5.675  750.0 -90  36  45  -1.563   0.0   0.0
 5.675  755.0 -90  36  45  -1.563   0.0   0.0
 5.700  375.0  90  36  48  -1.563 210.0  30.0
 5.700  407.5  90  36  54  -1.563   0.0   0.0
 5.700  410.0  90  36  54  -1.563   0.0   0.0
 5.700  752.5  90  36  45  -1.563  90.0  30.0
 5.700  820.0  90  36  45  -1.563   0.0   0.0
 5.700  372.5 -90  36  45  -1.563   0.0   0.0
 5.700  375.0 -90  36  57  -1.563   0.0   0.0
 5.700  377.5 -90  36  45  -1.563   0.0   0.0
 5.700  407.5 -90  36  45   1.563   0.0   0.0
 5.700  410.0 -90  36  45   1.563   0.0   0.0
 5.700  752.5 -90  36  48  -1.563   0.0   0.0
 5.700  755.0 -90  36  45  -1.563   0.0   0.0
 5.725  410.0  90  45  57  -1.563   0.0   0.0
 5.725  412.5  90  45  54  -1.563   0.0   0.0
 5.725  375.0 -90  45  57  -1.563   0.0   0.0
 5.750  412.5  90  51  60  -1.563   0.0   0.0
 5.800  415.0  90  45  54  -1.563   0.0   0.0
 5.800  417.5  90  45  57  -1.563   0.0   0.0
 5.800  380.0 -90  45  54  -1.563   0.0   0.0
 5.800 1235.0 -90  45  54   4.688 150.0  30.0
 5.800 1237.5 -90  45  54   4.688 150.0  30.0
 5.800 1242.5 -90  45  54   4.688 150.0  30.0
 5.800 1245.0 -90  45  54   4.688 150.0  30.0
 5.800 1252.5 -90  45  54   4.688 150.0  30.0
 5.825  417.5  90  48  57  -1.563   0.0   0.0
 5.825  420.0  90  48  57  -1.563   0.0   0.0
 5.825  380.0 -90  45  54  -1.563   0.0   0.0
 5.900  425.0  90  42  51   1.563   0.0   0.0
 5.900  385.0 -90  42  51   1.563   0.0   0.0
 5.950  430.0  90  45  54  -1.563   0.0   0.0
 5.950  387.5 -90  42  51   1.563   0.0   0.0
 5.975  432.5  90  42  54  -1.563   0.0   0.0
 5.975  435.0  90  42  51  -1.563   0.0   0.0
 5.975  387.5 -90  39  48  -1.563   0.0   0.0
 6.000  432.5  90  39  48  -1.563   0.0   0.0
 6.000  435.0  90  39  54  -1.563   0.0   0.0
 6.000  437.5  90  39  51  -1.563   0.0   0.0
 6.000  387.5 -90  36  45  -1.563   0.0   0.0
 6.000  390.0 -90  36  48   1.563   0.0   0.0
 6.000  435.0 -90  36  45  -1.563   0.0   0.0
 6.000  437.5 -90  36  45  -1.563   0.0   0.0
 6.025  437.5  90  42  54  -1.563   0.0   0.0
 6.025  440.0  90  42  51  -1.563   0.0   0.0
 6.025  872.5  90  42  51  -1.563   0.0   0.0
 6.025  875.0  90  42  51  -1.563   0.0   0.0
 6.025  390.0 -90  36  48  -1.563   0.0   0.0
 6.025  392.5 -90  36  45  -1.563   0.0   0.0
 6.025  437.5 -90  36  45  -1.563   0.0   0.0
 6.025  440.0 -90  36  45  -1.563 210.0  30.0
 6.025  782.5 -90  36  45  -1.563   0.0   0.0
 6.025  785.0 -90  36  45  -1.563   0.0   0.0
 6.025  927.5 -90  36  45 -10.938   0.0   0.0
 6.100  395.0 -90  42  51  -1.563   0.0   0.0
 6.125  447.5  90  42  51   1.563   0.0   0.0
 6.125  450.0  90  42  54  -1.563   0.0   0.0
 6.125  397.5 -90  39  48  -1.563   0.0   0.0
 6.125  795.0 -90  39  48  -1.563   0.0   0.0
 6.150  447.5  90  39  51  -1.563   0.0   0.0
 6.150  450.0  90  39  57  -1.563   0.0   0.0
 6.150  452.5  90  39  54  -1.563   0.0   0.0
 6.150  397.5 -90  39  51  -1.563   0.0   0.0
 6.150  797.5 -90  39  48  -1.563   0.0   0.0
 6.150  800.0 -90  39  51  -1.563   0.0   0.0
 6.175  452.5  90  45  54  -1.563   0.0   0.0
 6.175  400.0 -90  42  51  -1.563   0.0   0.0
 6.175  800.0 -90  42  51  -1.563   0.0   0.0
 6.175  802.5 -90  42  54  -1.563   0.0   0.0
 6.275  405.0 -90  42  51  -1.563   0.0   0.0
 6.275  407.5 -90  42  54  -1.563   0.0   0.0
 6.300  407.5 -90  45  54  -1.563   0.0   0.0
 6.525  425.0 -90  42  57  -1.563   0.0   0.0
 6.525  427.5 -90  42  51  -1.563   0.0   0.0
 6.550  427.5  90  36  45   1.563  90.0  30.0
 6.550  425.0 -90  36  48  -1.563   0.0   0.0
 6.550  427.5 -90  36  57  -1.563   0.0   0.0
 6.550  430.0 -90  36  51  -1.563   0.0   0.0
 6.550  855.0 -90  36  45  -1.563   0.0   0.0
 6.575  430.0  90  36  45  -1.563  90.0  30.0
 6.575  427.5 -90  36  51  -1.563   0.0   0.0
 6.575  430.0 -90  36  57  -1.563   0.0   0.0
 6.575  432.5 -90  36  48  -1.563   0.0   0.0
 6.575  862.5 -90  36  48  -1.563   0.0   0.0
 6.600  432.5  90  36  45  -1.563  90.0  30.0
 6.600  430.0 -90  36  51  -1.563   0.0   0.0
 6.600  432.5 -90  36  57  -1.563   0.0   0.0
 6.600  435.0 -90  36  48  -1.563   0.0   0.0
 6.625  432.5 -90  36  48  -1.563   0.0   0.0
 6.625  435.0 -90  36  54  -1.563   0.0   0.0
 6.625  437.5 -90  36  48  -1.563   0.0   0.0
 6.625  875.0 -90  36  45  -1.563   0.0   0.0
 6.650  435.0 -90  36  48  -1.563   0.0   0.0
 6.650  437.5 -90  36  54  -1.563   0.0   0.0
 6.650  440.0 -90  36  48  -1.563   0.0   0.0
 6.675  437.5 -90  36  48  -1.563   0.0   0.0
 6.675  440.0 -90  36  54  -1.563   0.0   0.0
 6.675  442.5 -90  36  48  -1.563   0.0   0.0
 6.700  442.5  90  36  45  -1.563  90.0  30.0
 6.700  870.0  90  36  45   4.688 270.0  30.0
 6.700  440.0 -90  36  48  -1.563   0.0   0.0
 6.700  442.5 -90  36  54  -1.563   0.0   0.0
 6.700  445.0 -90  36  51  -1.563   0.0   0.0
 6.700  892.5 -90  36  45  -1.563   0.0   0.0
 6.700  895.0 -90  36  45  -1.563   0.0   0.0
 6.725  445.0 -90  39  54  -1.563   0.0   0.0
 6.725  447.5 -90  39  51  -1.563   0.0   0.0
 6.750  447.5 -90  45  54  -1.563   0.0   0.0
 6.750  450.0 -90  45  54  -1.563   0.0   0.0
 6.775   80.0 -90  48  57   1.563 150.0  30.0
 6.775   82.5 -90  48  57  10.938 150.0  30.0
 6.775   85.0 -90  48  60  10.938 150.0  30.0
 6.775   87.5 -90  48  60  10.938 150.0  30.0
 6.775   90.0 -90  48  57  10.938 150.0  30.0
 6.775   92.5 -90  48  60  10.938 150.0  30.0
 6.775   95.0 -90  48  57  10.938 150.0  30.0
 6.775   97.5 -90  48  57  10.938 150.0  30.0
 6.775  100.0 -90  48  60 -10.938 150.0  30.0
 6.775  102.5 -90  48  60  10.938 150.0  30.0
 6.775  105.0 -90  48  57 -10.938 150.0  30.0
 6.775  107.5 -90  48  60  10.938 150.0  30.0
 6.775  110.0 -90  48  60  10.938 150.0  30.0
 6.775  112.5 -90  48  60 -10.938 150.0  30.0
 6.775  115.0 -90  48  60 -10.938 150.0  30.0
 6.775  117.5 -90  48  57 -10.938 150.0  30.0
 6.775  120.0 -90  48  57 -10.938 150.0  30.0
 6.775  122.5 -90  48  60  10.938 150.0  30.0
 6.775  125.0 -90  48  57  10.938 150.0  30.0
 6.775  127.5 -90  48  57  10.938 150.0  30.0
 6.775  130.0 -90  48  57  10.938 150.0  30.0
 6.775  132.5 -90  48  57  10.938 150.0  30.0
 6.775  135.0 -90  48  57  10.938 150.0  30.0
 6.775  137.5 -90  48  57  10.938 150.0  30.0
 6.775  140.0 -90  48  57  10.938 150.0  30.0
 6.775  142.5 -90  48  57  10.938 150.0  30.0
 6.775  145.0 -90  48  57  10.938 150.0  30.0
 6.775  147.5 -90  48  57  10.938 150.0  30.0
 6.775  150.0 -90  48  57  10.938 150.0  30.0
 6.775  152.5 -90  48  57  10.938 150.0  30.0
 6.775  155.0 -90  48  57  10.938 150.0  30.0
 6.775  157.5 -90  48  57  10.938 150.0  30.0
 6.775  160.0 -90  48  57 -10.938 150.0  30.0
 6.775  162.5 -90  48  57 -10.938 150.0  30.0
 6.775  165.0 -90  48  57  10.938 150.0  30.0
 6.775  167.5 -90  48  57  10.938 150.0  30.0
 6.775  170.0 -90  48  57  10.938 150.0  30.0
 6.775  172.5 -90  48  57 -10.938 150.0  30.0
 6.775  175.0 -90  48  57 -10.938 150.0  30.0
 6.775  177.5 -90  48  57 -10.938 150.0  30.0
 6.775  180.0 -90  48  57  10.938 150.0  30.0
 6.775  182.5 -90  48  57  10.938 150.0  30.0
 6.775  185.0 -90  48  57  10.938 150.0  30.0
 6.775  187.5 -90  48  57  10.938 150.0  30.0
 6.775  190.0 -90  48  57 -10.938 150.0  30.0
 6.775  192.5 -90  48  57  10.938 150.0  30.0
 6.775  195.0 -90  48  57  10.938 150.0  30.0
 6.775  197.5 -90  48  57  10.938 150.0  30.0
 6.775  200.0 -90  48  57  10.938 150.0  30.0
 6.775  202.5 -90  48  57  10.938 150.0  30.0
 6.775  205.0 -90  48  57 -10.938 150.0  30.0
 6.775  207.5 -90  48  57  10.938 150.0  30.0
 6.775  210.0 -90  48  57  10.938 150.0  30.0
 6.775  212.5 -90  48  57  10.938 150.0  30.0
 6.775  215.0 -90  48  57 -10.938 150.0  30.0
 6.775  217.5 -90  48  57  10.938 150.0  30.0
 6.775  220.0 -90  48  57  10.938 150.0  30.0
 6.775  222.5 -90  48  57  10.938 150.0  30.0
 6.775  227.5 -90  48  57 -10.938 150.0  30.0
 6.775  230.0 -90  48  57 -10.938 150.0  30.0
 6.775  232.5 -90  48  57  10.938 150.0  30.0
 6.775  235.0 -90  48  57  10.938 150.0  30.0
 6.775 1160.0 -90  48  57 -10.938 150.0  30.0
 6.775 1162.5 -90  48  57 -10.938 150.0  30.0
 6.775 1165.0 -90  48  57  10.938 150.0  30.0
 6.775 1175.0 -90  48  57  10.938 150.0  30.0
 6.775 1177.5 -90  48  57 -10.938 150.0  30.0
 6.775 1180.0 -90  48  57  10.938 150.0  30.0
 6.775 1185.0 -90  48  57  10.938 150.0  30.0
 6.775 1187.5 -90  48  57  10.938 150.0  30.0
 6.775 1190.0 -90  48  57 -10.938 150.0  30.0
 6.775 1192.5 -90  48  57 -10.938 150.0  30.0
 6.775 1195.0 -90  48  57 -10.938 150.0  30.0
 6.775 1197.5 -90  48  57  10.938 150.0  30.0
 6.775 1205.0 -90  48  57 -10.938 150.0  30.0
 6.775 1207.5 -90  48  57 -10.938 150.0  30.0
 6.775 1210.0 -90  48  57 -10.938 150.0  30.0
 6.775 1215.0 -90  48  57  10.938 150.0  30.0
 6.775 1220.0 -90  48  57 -10.938 150.0  30.0
 6.775 1222.5 -90  48  57 -10.938 150.0  30.0
 6.775 1225.0 -90  48  57 -10.938 150.0  30.0
 6.775 1227.5 -90  48  57 -10.938 150.0  30.0
 6.775 1230.0 -90  48  57  10.938 150.0  30.0
 6.775 1232.5 -90  48  57 -10.938 150.0  30.0
 6.775 1235.0 -90  48  57 -10.938 150.0  30.0
 6.775 1237.5 -90  48  57 -10.938 150.0  30.0
 6.775 1240.0 -90  48  57 -10.938 150.0  30.0
 6.775 1242.5 -90  48  57 -10.938 150.0  30.0
 6.775 1245.0 -90  48  57 -10.938 150.0  30.0
 6.775 1247.5 -90  48  57 -10.938 150.0  30.0
 6.775 1250.0 -90  48  57 -10.938 150.0  30.0
 6.775 1252.5 -90  48  57 -10.938 150.0  30.0
 6.775 1255.0 -90  48  57 -10.938 150.0  30.0
 6.775 1257.5 -90  48  57 -10.938 150.0  30.0
 6.775 1260.0 -90  48  57 -10.938 150.0  30.0
 6.775 1262.5 -90  48  57 -10.938 150.0  30.0
 6.775 1265.0 -90  48  57   1.563 150.0  30.0
 6.775 1267.5 -90  48  57 -10.938 150.0  30.0
 6.775 1270.0 -90  48  57 -10.938 150.0  30.0
 6.775 1272.5 -90  48  57 -10.938 150.0  30.0
 6.775 1275.0 -90  48  57 -10.938 150.0  30.0
 6.775 1277.5 -90  48  57 -10.938 150.0  30.0
 6.775 1280.0 -90  48  57 -10.938 150.0  30.0
 6.775 1282.5 -90  48  57 -10.938 150.0  30.0
 6.800  455.0 -90  45  54   1.563   0.0   0.0
 6.850  460.0 -90  42  51  -1.563   0.0   0.0
 6.850  462.5 -90  42  51  -1.563   0.0   0.0
 6.850  465.0 -90  42  51  -1.563   0.0   0.0
 6.850 1227.5 -90  42  51 -10.938 330.0  30.0
 6.875  462.5 -90  36  45  -1.563   0.0   0.0
 6.875  465.0 -90  36  54  -1.563   0.0   0.0
 6.875  467.5 -90  36  51  -1.563   0.0   0.0
 6.875  470.0 -90  36  45  -1.563   0.0   0.0
 6.875  930.0 -90  36  45  -1.563   0.0   0.0
 6.900  467.5 -90  36  48  -1.563   0.0   0.0
 6.900  470.0 -90  36  51  -1.563   0.0   0.0
 6.900  472.5 -90  36  45  -1.563   0.0   0.0
 6.900  940.0 -90  36  45  -1.563   0.0   0.0
 6.925  472.5 -90  36  51  -1.563   0.0   0.0
 6.925  475.0 -90  36  51  -1.563   0.0   0.0
 6.925  477.5 -90  36  45  -1.563   0.0   0.0
 6.950 1117.5  90  51  60  -1.563   0.0   0.0
 6.950 1165.0  90  51  60   1.563 150.0  30.0
 6.950 1167.5  90  51  60   1.563   0.0   0.0
 6.950 1170.0  90  51  60   4.688   0.0   0.0
 6.950 1172.5  90  51  60   1.563   0.0   0.0
 6.950 1175.0  90  51  60   4.688   0.0   0.0
 6.950 1177.5  90  51  60   4.688   0.0   0.0
 6.950 1180.0  90  51  60   4.688   0.0   0.0
 6.950 1182.5  90  51  60   7.813   0.0   0.0
 6.950 1185.0  90  51  60   7.813   0.0   0.0
 6.950 1187.5  90  51  60   7.813   0.0   0.0
 6.950 1190.0  90  51  60  -1.563 150.0  30.0
 6.950 1192.5  90  51  60  -1.563   0.0   0.0
 6.950 1197.5  90  51  60  -1.563   0.0   0.0
 6.950 1200.0  90  51  60  -1.563   0.0   0.0
 6.950 1215.0  90  51  60  -1.563 150.0  30.0
 6.950 1255.0  90  51  60   1.563   0.0   0.0
 6.950  370.0 -90  48  57  10.938 210.0  30.0
 6.950  422.5 -90  48  57   7.813 150.0  30.0
 6.950  425.0 -90  48  57   7.813 150.0  30.0
 6.950  427.5 -90  48  57   7.813   0.0   0.0
 6.950  430.0 -90  48  57   7.813 150.0  30.0
 6.950  437.5 -90  48  57   7.813 150.0  30.0
 6.950  455.0 -90  48  57  -1.563   0.0   0.0
 6.950  457.5 -90  48  57  -1.563   0.0   0.0
 6.950  460.0 -90  48  57   1.563   0.0   0.0
 6.950  462.5 -90  48  57   1.563   0.0   0.0
 6.950  495.0 -90  48  57  -4.688 150.0  30.0
 6.950  497.5 -90  48  57   4.688 210.0  30.0
 6.950  500.0 -90  48  57   4.688 210.0  30.0
 6.950  502.5 -90  48  57  -7.813 150.0  30.0
 6.950  505.0 -90  48  57  -7.813   0.0   0.0
 6.950  507.5 -90  48  57   1.563 210.0  30.0
 6.950  510.0 -90  48  57   4.688 150.0  30.0
 6.950  512.5 -90  48  57   4.688 150.0  30.0
 6.950  515.0 -90  48  57   1.563 330.0  30.0
 6.950  517.5 -90  48  57   1.563 330.0  30.0
 6.950 1182.5 -90  48  57  -1.563 210.0  30.0
 6.950 1185.0 -90  48  57  -1.563 150.0  30.0
 6.950 1200.0 -90  48  57  -1.563 150.0  30.0
 6.975  487.5 -90  57  66  -1.563   0.0   0.0
 6.975  490.0 -90  57  66  -1.563   0.0   0.0
 6.975  495.0 -90  57  66  -1.563 150.0  30.0
 6.975  497.5 -90  57  66  -1.563 210.0  30.0
 6.975  500.0 -90  57  66  -1.563 210.0  30.0
 6.975  502.5 -90  57  66  -1.563 150.0  30.0
 6.975  505.0 -90  57  66  -1.563 210.0  30.0
 6.975  507.5 -90  57  66  -1.563 210.0  30.0
 6.975  595.0 -90  57  66 -10.938 150.0  30.0
 6.975 1140.0 -90  57  66  10.938 210.0  30.0
 6.975 1142.5 -90  57  66  10.938 210.0  30.0
 6.975 1145.0 -90  57  66 -10.938 150.0  30.0
 6.975 1147.5 -90  57  66 -10.938 150.0  30.0
 6.975 1235.0 -90  57  66  -1.563   0.0   0.0
 6.975 1240.0 -90  57  66   1.563 330.0  30.0
 6.975 1242.5 -90  57  66   1.563 150.0  30.0
 6.975 1250.0 -90  57  66  -1.563 150.0  30.0
 6.975 1252.5 -90  57  66  -1.563 150.0  30.0
 6.975 1255.0 -90  57  66  -1.563 210.0  30.0
 6.975 1257.5 -90  57  66  -1.563 150.0  30.0
 6.975 1260.0 -90  57  66  -1.563   0.0   0.0
 7.225  545.0 -90  39  48   1.563   0.0   0.0
 7.225  547.5 -90  39  51  -1.563   0.0   0.0
 7.225  557.5 -90  39  48  -1.563   0.0   0.0
 7.225  560.0 -90  39  51  -1.563   0.0   0.0
 7.225  565.0 -90  39  48  -1.563   0.0   0.0
 7.250  565.0 -90  42  51  -1.563   0.0   0.0
 7.250  567.5 -90  42  54  -1.563   0.0   0.0
 7.250  570.0 -90  42  54  -1.563   0.0   0.0
 7.250  572.5 -90  42  54  -1.563   0.0   0.0
 7.250  575.0 -90  42  51  -1.563   0.0   0.0
 7.275   80.0  90  45  54  -7.813 270.0  30.0
 7.275   85.0  90  45  54 -10.938 270.0  30.0
 7.275   87.5  90  45  54 -10.938 270.0  30.0
 7.275   92.5  90  45  54 -10.938 270.0  30.0
 7.275   97.5  90  45  54 -10.938 270.0  30.0
 7.275  100.0  90  45  54  -7.813 270.0  30.0
 7.275  102.5  90  45  54 -10.938 270.0  30.0
 7.275  110.0  90  45  54  -7.813 270.0  30.0
 7.275  112.5  90  45  54 -10.938 270.0  30.0
 7.275  115.0  90  45  54 -10.938 270.0  30.0
 7.275  117.5  90  45  54 -10.938 270.0  30.0
 7.275  120.0  90  45  54  -7.813 270.0  30.0
 7.275  122.5  90  45  54 -10.938 270.0  30.0
 7.275  125.0  90  45  54  -7.813 270.0  30.0
 7.275  127.5  90  45  54 -10.938 270.0  30.0
 7.275  130.0  90  45  54 -10.938 270.0  30.0
 7.275  135.0  90  45  54  -7.813 270.0  30.0
 7.275  140.0  90  45  54 -10.938 270.0  30.0
 7.275  142.5  90  45  54 -10.938 270.0  30.0
 7.275  147.5  90  45  54  -7.813 270.0  30.0
 7.275  150.0  90  45  54 -10.938 270.0  30.0
 7.275  155.0  90  45  54 -10.938 270.0  30.0
 7.275  157.5  90  45  54  -7.813 270.0  30.0
 7.275  160.0  90  45  54 -10.938 270.0  30.0
 7.275  180.0  90  45  54 -10.938 270.0  30.0
 7.275   97.5 -90  42  51   4.688   0.0   0.0
 7.275  565.0 -90  42  51  -1.563   0.0   0.0
 7.275  567.5 -90  42  51  -1.563   0.0   0.0
 7.275  572.5 -90  42  54  -1.563   0.0   0.0
 7.275  575.0 -90  42  54  -1.563   0.0   0.0
 7.275  577.5 -90  42  54  -1.563   0.0   0.0
 7.275  580.0 -90  42  51   1.563   0.0   0.0
 7.400 1277.5 -90  48  57  -7.813   0.0   0.0
 7.425  122.5  90  51  60  10.938 210.0  30.0
 7.425  132.5  90  51  60  10.938 210.0  30.0
 7.425  167.5  90  51  60  10.938 210.0  30.0
 7.425  192.5  90  51  60   4.688 150.0  30.0
 7.425  202.5  90  51  60   4.688 210.0  30.0
 7.425  212.5  90  51  60   1.563 210.0  30.0
 7.425 1190.0  90  51  60  -4.688 210.0  30.0
 7.425  722.5 -90  48  57  -7.813 150.0  30.0
 7.450  580.0  90  60  69  10.938 210.0  30.0
 7.475 1147.5  90  63  72 -10.938 210.0  30.0
 7.475 1207.5  90  63  72  -7.813 210.0  30.0
 7.475 1210.0  90  63  72  -7.813 210.0  30.0
 7.475  645.0 -90  63  72  -4.688 150.0  30.0
 7.625  187.5  90  48  57  -4.688  90.0  30.0
 7.625  190.0  90  48  57  -1.563  90.0  30.0
 7.700  322.5 -90  48  57 -10.938 150.0  30.0
 7.700  330.0 -90  48  57 -10.938 150.0  30.0
 7.700  347.5 -90  48  57   4.688 150.0  30.0
 7.700 1132.5 -90  48  57   4.688 210.0  30.0
 7.925  312.5 -90  45  54   7.813 330.0  30.0
 8.325 1225.0  90  45  54   1.563 330.0  30.0
 8.325 1227.5  90  45  54   1.563 330.0  30.0
 8.325 1235.0  90  45  54   1.563 330.0  30.0
 8.325 1237.5  90  45  54   1.563 330.0  30.0
 8.325 1240.0  90  45  54   1.563 330.0  30.0
 8.400  102.5 -90  48  57  -4.688 150.0  30.0
 8.400  107.5 -90  48  57  -4.688 330.0  30.0
 8.400  120.0 -90  48  57  -4.688 150.0  30.0
 8.400  125.0 -90  48  57  -4.688 330.0  30.0
 8.400  130.0 -90  48  57  -4.688 330.0  30.0
 8.400  135.0 -90  48  57  -4.688 330.0  30.0
 8.400  140.0 -90  48  57  -4.688 330.0  30.0
 8.400  142.5 -90  48  57  -4.688 150.0  30.0
 8.400  145.0 -90  48  57  -4.688 330.0  30.0
 8.400  147.5 -90  48  57  -4.688 330.0  30.0
 8.400  150.0 -90  48  57  -4.688 150.0  30.0
 8.400  152.5 -90  48  57  -4.688 150.0  30.0
 8.400  157.5 -90  48  57  -4.688 330.0  30.0
 8.400  162.5 -90  48  57  -4.688 150.0  30.0
 8.400  167.5 -90  48  57  -4.688 330.0  30.0
 8.400  172.5 -90  48  57  -4.688 330.0  30.0
 8.450 1237.5  90  51  60  -1.563 330.0  30.0
 8.450 1245.0  90  51  60  -4.688 330.0  30.0
 8.450 1255.0  90  51  60  -4.688 330.0  30.0
 8.450 1265.0  90  51  60  -4.688 330.0  30.0
 8.450 1270.0  90  51  60  -4.688 330.0  30.0
 8.450 1272.5  90  51  60  -1.563 330.0  30.0
 8.450 1275.0  90  51  60  -4.688 330.0  30.0
 8.450 1280.0  90  51  60  -4.688   0.0   0.0
 8.450 1282.5  90  51  60  -4.688 330.0  30.0
 8.450   80.0 -90  48  60   1.563 330.0  30.0
 8.450   82.5 -90  48  57  -7.813 150.0  30.0
 8.450   85.0 -90  48  57 -10.938 150.0  30.0
 8.450   87.5 -90  48  57 -10.938 150.0  30.0
 8.450   90.0 -90  48  60 -10.938 150.0  30.0
 8.450   92.5 -90  48  57   1.563 150.0  30.0
 8.450   95.0 -90  48  57   4.688 330.0  30.0
 8.450   97.5 -90  48  57   1.563 150.0  30.0
 8.450  100.0 -90  48  57   4.688 330.0  30.0
 8.450  102.5 -90  48  57 -10.938 150.0  30.0
 8.450  105.0 -90  48  57 -10.938 150.0  30.0
 8.450  107.5 -90  48  57 -10.938 150.0  30.0
 8.450  110.0 -90  48  57 -10.938 330.0  30.0
 8.450  112.5 -90  48  57 -10.938 330.0  30.0
 8.450  117.5 -90  48  57   1.563 330.0  30.0
 8.450  120.0 -90  48  57  -7.813 330.0  30.0
 8.450  122.5 -90  48  57   1.563 330.0  30.0
 8.450  125.0 -90  48  57 -10.938 150.0  30.0
 8.450  127.5 -90  48  57   1.563 150.0  30.0
 8.450  130.0 -90  48  57 -10.938 150.0  30.0
 8.450  137.5 -90  48  57   1.563 330.0  30.0
 8.575   80.0  90  45  54 -10.938 210.0  30.0
 8.575   82.5  90  45  54 -10.938 210.0  30.0
 8.575   85.0  90  45  54 -10.938 210.0  30.0
 8.925  982.5  90  33  42  10.938   0.0   0.0
 9.150   80.0  90  36  48  -4.688   0.0   0.0
 9.150   82.5  90  36  48  -4.688   0.0   0.0
 9.150   85.0  90  36  48  -4.688   0.0   0.0
 9.150   87.5  90  36  48  -4.688   0.0   0.0
 9.150   90.0  90  36  48  -4.688   0.0   0.0
 9.150   92.5  90  36  48  -4.688   0.0   0.0
 9.150   95.0  90  36  48  -4.688   0.0   0.0
 9.150   97.5  90  36  48  -4.688   0.0   0.0
 9.150  100.0  90  36  48  -4.688   0.0   0.0
 9.150  102.5  90  36  48  -4.688   0.0   0.0
 9.150  105.0  90  36  48  -4.688   0.0   0.0
 9.150  107.5  90  36  48  -4.688   0.0   0.0
 9.150  110.0  90  36  48  -4.688   0.0   0.0
 9.150  112.5  90  36  48  -4.688   0.0   0.0
 9.150  115.0  90  36  48  -4.688   0.0   0.0
 9.150  117.5  90  36  48  -4.688   0.0   0.0
 9.150  120.0  90  36  48  -4.688   0.0   0.0
 9.150  122.5  90  36  48  -4.688   0.0   0.0
 9.150  125.0  90  36  48  -4.688   0.0   0.0
 9.150  127.5  90  36  48  -4.688   0.0   0.0
 9.150  130.0  90  36  48  -4.688   0.0   0.0
 9.150  132.5  90  36  48  -4.688   0.0   0.0
 9.150  135.0  90  36  48  -4.688   0.0   0.0
 9.150  137.5  90  36  48  -4.688   0.0   0.0
 9.150  140.0  90  36  48  -4.688   0.0   0.0
 9.150  142.5  90  36  48  -4.688   0.0   0.0
 9.150  145.0  90  36  48  -4.688   0.0   0.0
 9.150  147.5  90  36  48  -4.688   0.0   0.0
 9.150  150.0  90  36  48  -4.688   0.0   0.0
 9.150  152.5  90  36  48  -4.688   0.0   0.0
 9.150  155.0  90  36  48  -4.688   0.0   0.0
 9.150  157.5  90  36  48  -4.688   0.0   0.0
 9.150  160.0  90  36  48  -4.688   0.0   0.0
 9.150  162.5  90  36  48  -4.688   0.0   0.0
 9.150  165.0  90  36  48  -4.688   0.0   0.0
 9.150  167.5  90  36  48  -4.688   0.0   0.0
 9.150  170.0  90  36  48  -4.688   0.0   0.0
 9.150  172.5  90  36  48  -4.688   0.0   0.0
 9.150  175.0  90  36  48  -4.688   0.0   0.0
 9.150  177.5  90  36  48  -4.688   0.0   0.0
 9.150  180.0  90  36  48  -4.688   0.0   0.0
 9.150  182.5  90  36  48  -4.688   0.0   0.0
 9.150  185.0  90  36  48  -4.688   0.0   0.0
 9.150  187.5  90  36  45  -4.688   0.0   0.0
 9.150  190.0  90  36  48  -4.688   0.0   0.0
 9.150  192.5  90  36  48  -4.688   0.0   0.0
 9.150  195.0  90  36  48  -4.688   0.0   0.0
 9.150  197.5  90  36  48  -4.688   0.0   0.0
 9.150  200.0  90  36  48  -4.688   0.0   0.0
 9.150  202.5  90  36  48  -4.688   0.0   0.0
 9.150  205.0  90  36  45  -4.688   0.0   0.0
 9.150  207.5  90  36  45  -4.688   0.0   0.0
 9.150  210.0  90  36  45  -4.688   0.0   0.0
 9.150  212.5  90  36  45  -4.688   0.0   0.0
 9.150  215.0  90  36  45  -4.688   0.0   0.0
 9.150  217.5  90  36  45  -4.688   0.0   0.0
 9.150  220.0  90  36  45  -4.688   0.0   0.0
 9.150  222.5  90  36  45  -4.688   0.0   0.0
 9.150  225.0  90  36  45  -4.688   0.0   0.0
 9.150  227.5  90  36  45  -4.688   0.0   0.0
 9.150  230.0  90  36  45  -4.688   0.0   0.0
 9.150  232.5  90  36  48  -4.688   0.0   0.0
 9.150  235.0  90  36  45  -4.688   0.0   0.0
 9.150  237.5  90  36  45  -4.688   0.0   0.0
 9.150  240.0  90  36  45  -4.688   0.0   0.0
 9.150  242.5  90  36  45  -4.688   0.0   0.0
 9.150  245.0  90  36  45  -4.688   0.0   0.0
 9.150  247.5  90  36  45  -4.688   0.0   0.0
 9.150  250.0  90  36  48  -4.688   0.0   0.0
 9.150  252.5  90  36  45  -4.688   0.0   0.0
 9.150  255.0  90  36  45  -4.688   0.0   0.0
 9.150  262.5  90  36  45  -4.688   0.0   0.0
 9.150  265.0  90  36  45  -4.688   0.0   0.0
 9.150  267.5  90  36  45  -4.688   0.0   0.0
 9.150  270.0  90  36  45  -4.688   0.0   0.0
 9.150  272.5  90  36  45  -4.688   0.0   0.0
 9.150  275.0  90  36  45  -4.688   0.0   0.0
 9.150  277.5  90  36  45  -4.688   0.0   0.0
 9.150  280.0  90  36  45  -4.688   0.0   0.0
 9.150  282.5  90  36  45  -4.688   0.0   0.0
 9.150  287.5  90  36  45  -4.688   0.0   0.0
 9.150  292.5  90  36  45  -4.688   0.0   0.0
 9.150  302.5  90  36  45  -4.688   0.0   0.0
 9.150  310.0  90  36  45  -4.688   0.0   0.0
 9.150 1070.0  90  36  45  -4.688   0.0   0.0
 9.150 1075.0  90  36  45  -4.688   0.0   0.0
 9.150 1092.5  90  36  45  -4.688   0.0   0.0
 9.150 1097.5  90  36  45  -4.688   0.0   0.0
 9.150 1102.5  90  36  45  -4.688   0.0   0.0
 9.150 1105.0  90  36  45  -4.688   0.0   0.0
 9.150 1107.5  90  36  45  -4.688   0.0   0.0
 9.150 1110.0  90  36  45  -4.688   0.0   0.0
 9.150 1112.5  90  36  45  -4.688   0.0   0.0
 9.150 1115.0  90  36  45  -4.688   0.0   0.0
 9.150 1117.5  90  36  45  -4.688   0.0   0.0
 9.150 1120.0  90  36  45  -4.688   0.0   0.0
 9.150 1122.5  90  36  45  -4.688   0.0   0.0
 9.150 1125.0  90  36  45  -4.688   0.0   0.0
 9.150 1127.5  90  36  45  -4.688   0.0   0.0
 9.150 1130.0  90  36  45  -4.688   0.0   0.0
 9.150 1132.5  90  36  45  -4.688   0.0   0.0
 9.150 1135.0  90  36  45  -4.688   0.0   0.0
 9.150 1137.5  90  36  45  -4.688   0.0   0.0
 9.150 1140.0  90  36  45  -4.688   0.0   0.0
 9.150 1142.5  90  36  45  -4.688   0.0   0.0
 9.150 1145.0  90  36  45  -4.688   0.0   0.0
 9.150 1147.5  90  36  45  -4.688   0.0   0.0
 9.150 1150.0  90  36  45  -4.688   0.0   0.0
 9.150 1152.5  90  36  45  -4.688   0.0   0.0
 9.150 1155.0  90  36  45  -4.688   0.0   0.0
 9.150 1157.5  90  36  45  -4.688   0.0   0.0
 9.150 1160.0  90  36  45  -4.688   0.0   0.0
 9.150 1162.5  90  36  45  -4.688   0.0   0.0
 9.150 1165.0  90  36  45  -4.688   0.0   0.0
 9.150 1167.5  90  36  45  -4.688   0.0   0.0
 9.150 1170.0  90  36  48  -4.688   0.0   0.0
 9.150 1172.5  90  36  48  -4.688   0.0   0.0
 9.150 1175.0  90  36  45  -4.688   0.0   0.0
 9.150 1177.5  90  36  45  -4.688   0.0   0.0
 9.150 1180.0  90  36  45  -4.688   0.0   0.0
 9.150 1182.5  90  36  48  -4.688   0.0   0.0
 9.150 1185.0  90  36  48  -4.688   0.0   0.0
 9.150 1187.5  90  36  48  -4.688   0.0   0.0
 9.150 1190.0  90  36  45  -4.688   0.0   0.0
 9.150 1192.5  90  36  48  -4.688   0.0   0.0
 9.150 1195.0  90  36  45  -4.688   0.0   0.0
 9.150 1197.5  90  36  48  -4.688   0.0   0.0
 9.150 1200.0  90  36  48  -4.688   0.0   0.0
 9.150 1202.5  90  36  48  -4.688   0.0   0.0
 9.150 1205.0  90  36  48  -4.688   0.0   0.0
 9.150 1207.5  90  36  45  -4.688   0.0   0.0
 9.150 1210.0  90  36  48  -4.688   0.0   0.0
 9.150 1212.5  90  36  48  -4.688   0.0   0.0
 9.150 1215.0  90  36  48  -4.688   0.0   0.0
 9.150 1217.5  90  36  48  -4.688   0.0   0.0
 9.150 1220.0  90  36  48  -4.688   0.0   0.0
 9.150 1222.5  90  36  48  -4.688   0.0   0.0
 9.150 1225.0  90  36  48  -4.688   0.0   0.0
 9.150 1227.5  90  36  48  -4.688   0.0   0.0
 9.150 1230.0  90  36  48  -4.688   0.0   0.0
 9.150 1232.5  90  36  48  -4.688   0.0   0.0
 9.150 1235.0  90  36  48  -4.688   0.0   0.0
 9.150 1237.5  90  36  48  -4.688   0.0   0.0
 9.150 1240.0  90  36  48  -4.688   0.0   0.0
 9.150 1242.5  90  36  48  -4.688   0.0   0.0
 9.150 1245.0  90  36  48  -4.688   0.0   0.0
 9.150 1247.5  90  36  48  -4.688   0.0   0.0
 9.150 1250.0  90  36  48  -4.688   0.0   0.0
 9.150 1252.5  90  36  48  -4.688   0.0   0.0
 9.150 1255.0  90  36  48  -4.688   0.0   0.0
 9.150 1257.5  90  36  48  -4.688   0.0   0.0
 9.150 1260.0  90  36  48  -4.688   0.0   0.0
 9.150 1262.5  90  36  48  -4.688   0.0   0.0
 9.150 1265.0  90  36  48  -4.688   0.0   0.0
 9.150 1267.5  90  36  48  -4.688   0.0   0.0
 9.150 1270.0  90  36  48  -4.688   0.0   0.0
 9.150 1272.5  90  36  48  -4.688   0.0   0.0
 9.150 1275.0  90  36  48  -4.688   0.0   0.0
 9.150 1277.5  90  36  48  -4.688   0.0   0.0
 9.150 1280.0  90  36  48  -4.688   0.0   0.0
 9.150 1282.5  90  36  48  -4.688   0.0   0.0
 9.150   80.0 -90  36  48  -4.688   0.0   0.0
 9.150   82.5 -90  36  45  -4.688   0.0   0.0
 9.150   85.0 -90  36  45  -4.688   0.0   0.0
 9.150   87.5 -90  36  45  -4.688   0.0   0.0
 9.150   90.0 -90  36  48  -4.688   0.0   0.0
 9.150   92.5 -90  36  45  -4.688   0.0   0.0
 9.150   95.0 -90  36  48  -4.688   0.0   0.0
 9.150   97.5 -90  36  48  -4.688   0.0   0.0
 9.150  100.0 -90  36  45  -4.688   0.0   0.0
 9.150  102.5 -90  36  45  -4.688   0.0   0.0
 9.150  105.0 -90  36  48  -4.688   0.0   0.0
 9.150  107.5 -90  36  45  -4.688   0.0   0.0
 9.150  110.0 -90  36  48  -4.688   0.0   0.0
 9.150  112.5 -90  36  48  -4.688   0.0   0.0
 9.150  115.0 -90  36  48  -4.688   0.0   0.0
 9.150  117.5 -90  36  45  -4.688   0.0   0.0
 9.150  120.0 -90  36  45  -4.688   0.0   0.0
 9.150  122.5 -90  36  45  -4.688   0.0   0.0
 9.150  125.0 -90  36  45  -4.688   0.0   0.0
 9.150  127.5 -90  36  45  -4.688   0.0   0.0
 9.150  130.0 -90  36  48  -4.688   0.0   0.0
 9.150  132.5 -90  36  45  -4.688   0.0   0.0
 9.150  135.0 -90  36  45  -4.688   0.0   0.0
 9.150  137.5 -90  36  45  -4.688   0.0   0.0
 9.150  140.0 -90  36  45  -4.688   0.0   0.0
 9.150  142.5 -90  36  45  -4.688   0.0   0.0
 9.150  145.0 -90  36  45  -4.688  90.0  30.0
 9.150  147.5 -90  36  45  -4.688   0.0   0.0
 9.150  150.0 -90  36  45  -4.688   0.0   0.0
 9.150  152.5 -90  36  45  -4.688   0.0   0.0
 9.150  155.0 -90  36  45  -4.688   0.0   0.0
 9.150  157.5 -90  36  45  -4.688   0.0   0.0
 9.150  160.0 -90  36  45  -4.688   0.0   0.0
 9.150  162.5 -90  36  45  -4.688   0.0   0.0
 9.150  165.0 -90  36  45  -4.688   0.0   0.0
 9.150  167.5 -90  36  45  -4.688  90.0  30.0
 9.150  170.0 -90  36  45  -4.688   0.0   0.0
 9.150  172.5 -90  36  45  -4.688   0.0   0.0
 9.150  175.0 -90  36  45  -4.688   0.0   0.0
 9.150  177.5 -90  36  45  -4.688   0.0   0.0
 9.150  180.0 -90  36  45  -4.688   0.0   0.0
 9.150  182.5 -90  36  45  -4.688   0.0   0.0
 9.150  185.0 -90  36  45  -4.688   0.0   0.0
 9.150  187.5 -90  36  45  -4.688   0.0   0.0
 9.150  190.0 -90  36  45  -4.688   0.0   0.0
 9.150  192.5 -90  36  45  -4.688   0.0   0.0
 9.150  195.0 -90  36  45  -4.688   0.0   0.0
 9.150  197.5 -90  36  45  -4.688   0.0   0.0
 9.150  200.0 -90  36  45  -4.688  90.0  30.0
 9.150  205.0 -90  36  45  -4.688   0.0   0.0
 9.150  207.5 -90  36  45  -4.688   0.0   0.0
 9.150  210.0 -90  36  45  -4.688   0.0   0.0
 9.150  215.0 -90  36  45  -4.688  90.0  30.0
 9.150  220.0 -90  36  45  -4.688   0.0   0.0
 9.150  222.5 -90  36  45  -4.688   0.0   0.0
 9.150  225.0 -90  36  45  -4.688   0.0   0.0
 9.150  227.5 -90  36  45  -4.688   0.0   0.0
 9.150  232.5 -90  36  45  -4.688   0.0   0.0
 9.150  235.0 -90  36  45  -4.688   0.0   0.0
 9.150  237.5 -90  36  45  -4.688   0.0   0.0
 9.150  255.0 -90  36  45  -4.688   0.0   0.0
 9.150 1130.0 -90  36  45  -4.688   0.0   0.0
 9.150 1142.5 -90  36  45  -4.688   0.0   0.0
 9.150 1150.0 -90  36  45  -4.688  90.0  30.0
 9.150 1152.5 -90  36  45  -4.688   0.0   0.0
 9.150 1160.0 -90  36  45  -4.688   0.0   0.0
 9.150 1165.0 -90  36  45  -4.688   0.0   0.0
 9.150 1167.5 -90  36  45  -4.688   0.0   0.0
 9.150 1170.0 -90  36  45  -4.688   0.0   0.0
 9.150 1177.5 -90  36  45  -4.688   0.0   0.0
 9.150 1180.0 -90  36  45  -4.688   0.0   0.0
 9.150 1182.5 -90  36  45  -4.688   0.0   0.0
 9.150 1185.0 -90  36  45  -4.688   0.0   0.0
 9.150 1187.5 -90  36  45  -4.688   0.0   0.0
 9.150 1190.0 -90  36  45  -4.688   0.0   0.0
 9.150 1192.5 -90  36  45  -4.688   0.0   0.0
 9.150 1195.0 -90  36  45  -4.688   0.0   0.0
 9.150 1197.5 -90  36  45  -4.688   0.0   0.0
 9.150 1200.0 -90  36  45  -4.688   0.0   0.0
 9.150 1202.5 -90  36  45  -4.688   0.0   0.0
 9.150 1205.0 -90  36  45  -4.688   0.0   0.0
 9.150 1207.5 -90  36  45  -4.688   0.0   0.0
 9.150 1210.0 -90  36  45  -4.688   0.0   0.0
 9.150 1212.5 -90  36  45  -4.688   0.0   0.0
 9.150 1215.0 -90  36  45  -4.688   0.0   0.0
 9.150 1217.5 -90  36  45  -4.688   0.0   0.0
 9.150 1220.0 -90  36  45  -4.688   0.0   0.0
 9.150 1222.5 -90  36  45  -4.688   0.0   0.0
 9.150 1225.0 -90  36  45  -4.688   0.0   0.0
 9.150 1227.5 -90  36  45  -4.688   0.0   0.0
 9.150 1230.0 -90  36  45  -4.688   0.0   0.0
 9.150 1232.5 -90  36  45  -4.688   0.0   0.0
 9.150 1235.0 -90  36  45  -4.688   0.0   0.0
 9.150 1237.5 -90  36  45  -4.688   0.0   0.0
 9.150 1240.0 -90  36  45  -4.688   0.0   0.0
 9.150 1242.5 -90  36  45  -4.688   0.0   0.0
 9.150 1245.0 -90  36  45  -4.688   0.0   0.0
 9.150 1247.5 -90  36  48  -4.688   0.0   0.0
 9.150 1250.0 -90  36  48  -4.688   0.0   0.0
 9.150 1252.5 -90  36  45  -4.688   0.0   0.0
 9.150 1255.0 -90  36  45  -4.688   0.0   0.0
 9.150 1257.5 -90  36  45  -4.688   0.0   0.0
 9.150 1260.0 -90  36  45  -4.688   0.0   0.0
 9.150 1262.5 -90  36  45  -4.688  90.0  30.0
 9.150 1265.0 -90  36  48  -4.688   0.0   0.0
 9.150 1267.5 -90  36  45  -4.688   0.0   0.0
 9.150 1270.0 -90  36  45  -4.688   0.0   0.0
 9.150 1272.5 -90  36  45  -4.688   0.0   0.0
 9.150 1275.0 -90  36  48  -4.688   0.0   0.0
 9.150 1277.5 -90  36  45  -4.688   0.0   0.0
 9.150 1280.0 -90  36  48  -4.688   0.0   0.0
 9.150 1282.5 -90  36  48  -4.688   0.0   0.0
 9.300  477.5  90  33  42  -7.813   0.0   0.0
 9.350 1215.0  90  33  42  -4.688 210.0  30.0
 9.425  702.5  90  60  69   7.813 210.0  30.0
 9.425 1275.0  90  60  69  -7.813 210.0  30.0
 9.425 1277.5  90  60  69  -7.813 210.0  30.0
 9.500 1270.0 -90  51  60   7.813  30.0  30.0
 9.500 1272.5 -90  51  60   7.813  30.0  30.0
 9.500 1275.0 -90  51  60   7.813  30.0  30.0
 9.500 1277.5 -90  51  60   7.813  30.0  30.0
 9.500 1280.0 -90  51  60   7.813  30.0  30.0
 9.500 1282.5 -90  51  60   7.813  30.0  30.0
 9.525   80.0  90  51  60  10.938  30.0  30.0
 9.525   82.5  90  51  60  10.938  30.0  30.0
 9.525   85.0  90  51  60  10.938  30.0  30.0
 9.525   87.5  90  51  60  10.938  30.0  30.0
 9.525   90.0  90  51  60  10.938  30.0  30.0
 9.525  112.5  90  51  60  10.938  30.0  30.0
 9.525  115.0  90  51  60  10.938  30.0  30.0
 9.525  117.5  90  51  60  10.938  30.0  30.0
 9.525  120.0  90  51  60  10.938  30.0  30.0
 9.525  122.5  90  51  60  10.938  30.0  30.0
 9.525  125.0  90  51  60  10.938  30.0  30.0
 9.525  127.5  90  51  60  10.938  30.0  30.0
 9.525  130.0  90  51  60  10.938  30.0  30.0
 9.525  132.5  90  51  60  10.938  30.0  30.0
 9.525  135.0  90  51  60  10.938  30.0  30.0
 9.525  137.5  90  51  60  10.938  30.0  30.0
 9.525  140.0  90  51  60  10.938  30.0  30.0
 9.525  142.5  90  51  60  10.938  30.0  30.0
 9.525  185.0  90  51  60  10.938  30.0  30.0
 9.525  187.5  90  51  60  10.938  30.0  30.0
 9.525  190.0  90  51  60  10.938  30.0  30.0
 9.525  192.5  90  51  60  10.938  30.0  30.0
 9.525  195.0  90  51  60  10.938  30.0  30.0
 9.525  197.5  90  51  60  10.938  30.0  30.0
 9.525  200.0  90  51  60  10.938  30.0  30.0
 9.525 1177.5  90  51  60   7.813  30.0  30.0
 9.525 1180.0  90  51  60   7.813  30.0  30.0
 9.525 1182.5  90  51  60   7.813  30.0  30.0
 9.525 1185.0  90  51  60   7.813  30.0  30.0
 9.525 1187.5  90  51  60   7.813  30.0  30.0
 9.525 1190.0  90  51  60   7.813  30.0  30.0
 9.525 1192.5  90  51  60   7.813  30.0  30.0
 9.525 1230.0  90  51  60   4.688  30.0  30.0
 9.525 1232.5  90  51  60   4.688  30.0  30.0
 9.525 1235.0  90  51  60   4.688  30.0  30.0
 9.525 1237.5  90  51  60   4.688  30.0  30.0
 9.525 1240.0  90  51  60   4.688  30.0  30.0
 9.525 1242.5  90  51  60   4.688  30.0  30.0
 9.525 1245.0  90  51  60   4.688  30.0  30.0
 9.525 1247.5  90  51  60   4.688  30.0  30.0
 9.525 1250.0  90  51  60   4.688  30.0  30.0
 9.525 1252.5  90  51  60   4.688  30.0  30.0
 9.525 1255.0  90  51  60   4.688  30.0  30.0
 9.525 1257.5  90  51  60   4.688  30.0  30.0
 9.525 1260.0  90  51  60   4.688  30.0  30.0
 9.525 1262.5  90  51  60   4.688  30.0  30.0
 9.525 1265.0  90  51  60   4.688  30.0  30.0
 9.525 1267.5  90  51  60   4.688  30.0  30.0
 9.525 1270.0  90  51  60   4.688  30.0  30.0
 9.525 1272.5  90  51  60   4.688  30.0  30.0
 9.525 1275.0  90  51  60   4.688  30.0  30.0
 9.525 1277.5  90  51  60   4.688  30.0  30.0
 9.525 1280.0  90  51  60   4.688  30.0  30.0
 9.525 1282.5  90  51  60   4.688  30.0  30.0
 9.725 1250.0  90  48  57  -7.813  30.0  30.0
 9.725 1280.0  90  48  57  -7.813  30.0  30.0
 9.775   80.0  90  33  42  -7.813   0.0   0.0
 9.850   97.5  90  45  54  -7.813 150.0  30.0
 9.850  107.5  90  45  54   1.563 150.0  30.0
 9.850  110.0  90  45  54   1.563 150.0  30.0
