2024.06.28 (180) 00:00:10.000
Station name: Gakona
URSI code: GA762
Ionosonde model: DPS-4D
  Freq  Range Pol MPA Amp Doppler    Az    Zn  PGH
 0.525   80.0 -90  33  48   7.813 330.0  30.0
 0.550   80.0 -90  30  51 -10.938 210.0  30.0
 0.575   80.0  90  33  42  -7.813 270.0  30.0
 0.575   80.0 -90  33  42  -7.813 150.0  30.0
 0.600   80.0  90  36  45  -4.688  30.0  30.0
 0.600   82.5  90  36  48  -7.813  30.0  30.0
 0.600   85.0  90  36  45  -4.688  30.0  30.0
 0.600   87.5  90  36  48  -7.813  30.0  30.0
 0.600   90.0  90  36  48  -4.688  30.0  30.0
 0.600   92.5  90  36  48  -4.688  30.0  30.0
 0.600   95.0  90  36  45  -4.688  90.0  30.0
 0.600  100.0  90  36  45  -4.688  30.0  30.0
 0.600  102.5  90  36  45  -7.813  30.0  30.0
 0.600  112.5  90  36  45  -7.813  90.0  30.0
 0.600  115.0  90  36  45  -7.813  30.0  30.0
 0.600   82.5 -90  36  45  -4.688  30.0  30.0
 0.600   85.0 -90  36  45  -7.813  30.0  30.0
 0.600   87.5 -90  36  48  -4.688   0.0   0.0
 0.600   90.0 -90  36  48  -4.688  90.0  30.0
 0.600   92.5 -90  36  45  -4.688  30.0  30.0
 0.600   95.0 -90  36  45  -4.688  90.0  30.0
 0.600  102.5 -90  36  45  -7.813  90.0  30.0
 0.600  112.5 -90  36  45  -7.813  90.0  30.0
 0.625   87.5  90  36  45  -7.813 210.0  30.0
 0.625   90.0  90  36  51  -7.813 330.0  30.0
 0.625   92.5  90  36  54  -7.813 330.0  30.0
 0.625   95.0  90  36  51  -7.813 270.0  30.0
 0.625   97.5  90  36  51  -7.813 330.0  30.0
 0.625  100.0  90  36  54  -7.813 330.0  30.0
 0.625  102.5  90  36  54  -7.813  30.0  30.0
 0.625  105.0  90  36  51  -7.813  30.0  30.0
 0.625  107.5  90  36  51  -7.813 330.0  30.0
 0.625  110.0  90  36  48  -7.813  30.0  30.0
 0.625  112.5  90  36  45  -7.813   0.0   0.0
 0.625  117.5  90  36  48  -7.813  30.0  30.0
 0.625  120.0  90  36  51  -7.813  30.0  30.0
 0.625  122.5  90  36  54  -7.813  30.0  30.0
 0.625  125.0  90  36  54  -7.813  30.0  30.0
 0.625  127.5  90  36  51  -7.813  30.0  30.0
 0.625  130.0  90  36  51  -7.813  30.0  30.0
 0.625  135.0  90  36  45   1.563 330.0  30.0
 0.625  137.5  90  36  48  -7.813 330.0  30.0
 0.625  150.0  90  36  45   4.688 270.0  30.0
 0.625   80.0 -90  36  45  10.938  90.0  30.0
 0.625   90.0 -90  36  48  -7.813 330.0  30.0
 0.625   92.5 -90  36  51  -7.813 270.0  30.0
 0.625   95.0 -90  36  48  -7.813   0.0   0.0
 0.625   97.5 -90  36  48  -7.813   0.0   0.0
 0.625  100.0 -90  36  51  -7.813   0.0   0.0
 0.625  102.5 -90  36  51  -7.813   0.0   0.0
 0.625  105.0 -90  36  51  -7.813  30.0  30.0
 0.625  107.5 -90  36  48  -7.813   0.0   0.0
 0.625  110.0 -90  36  48  -7.813   0.0   0.0
 0.625  112.5 -90  36  45  -7.813 330.0  30.0
 0.625  117.5 -90  36  48  -7.813  90.0  30.0
 0.625  120.0 -90  36  48  -7.813  30.0  30.0
 0.625  122.5 -90  36  51  -7.813  30.0  30.0
 0.625  125.0 -90  36  54  -7.813  30.0  30.0
 0.625  127.5 -90  36  48  -7.813  90.0  30.0
 0.625  130.0 -90  36  48  -7.813  30.0  30.0
 0.625  132.5 -90  36  45  -7.813  30.0  30.0
 0.625  147.5 -90  36  45   1.563  30.0  30.0
 0.650   80.0  90  30  51 -10.938  30.0  30.0
 0.650   87.5  90  30  42 -10.938 150.0  30.0
 0.650   90.0  90  30  45 -10.938  90.0  30.0
 0.650   92.5  90  30  42 -10.938 210.0  30.0
 0.650   95.0  90  30  39 -10.938 330.0  30.0
 0.650  100.0  90  30  42 -10.938   0.0   0.0
 0.650  102.5  90  30  45 -10.938   0.0   0.0
 0.650  105.0  90  30  42 -10.938   0.0   0.0
 0.650  107.5  90  30  39 -10.938  30.0  30.0
 0.650  110.0  90  30  42 -10.938  90.0  30.0
 0.650  115.0  90  30  45 -10.938  90.0  30.0
 0.650  120.0  90  30  39 -10.938  30.0  30.0
 0.650  125.0  90  30  42 -10.938  90.0  30.0
 0.650  127.5  90  30  42 -10.938  30.0  30.0
 0.650  130.0  90  30  45 -10.938  90.0  30.0
 0.650  132.5  90  30  42 -10.938  30.0  30.0
 0.650  135.0  90  30  48 -10.938  30.0  30.0
 0.650  137.5  90  30  39 -10.938  90.0  30.0
 0.650  140.0  90  30  42 -10.938  90.0  30.0
 0.650  142.5  90  30  39 -10.938   0.0   0.0
 0.650  145.0  90  30  39 -10.938  30.0  30.0
 0.650  147.5  90  30  39   4.688 210.0  30.0
 0.650  150.0  90  30  39   4.688   0.0   0.0
 0.650  152.5  90  30  39  10.938  30.0  30.0
 0.650  155.0  90  30  39   4.688  30.0  30.0
 0.650  157.5  90  30  39  10.938  90.0  30.0
 0.650  160.0  90  30  42 -10.938  90.0  30.0
 0.650  162.5  90  30  39 -10.938  90.0  30.0
 0.650  172.5  90  30  39   1.563  90.0  30.0
 0.650  177.5  90  30  39  -1.563  90.0  30.0
 0.650  185.0  90  30  39  10.938  30.0  30.0
 0.650   80.0 -90  39  51   1.563  30.0  30.0
 0.650  137.5 -90  39  48 -10.938  90.0  30.0
 0.650  687.5 -90  39  48   1.563  30.0  30.0
 0.650  995.0 -90  39  48   4.688  30.0  30.0
 0.650 1020.0 -90  39  48   7.813  30.0  30.0
 0.650 1275.0 -90  39  48  -1.563  30.0  30.0
 0.650 1280.0 -90  39  48   7.813  30.0  30.0
 0.675   80.0  90  33  54  -4.688 150.0  30.0
 0.675  102.5  90  33  42   1.563  90.0  30.0
 0.675  122.5  90  33  42 -10.938 210.0  30.0
 0.675  127.5  90  33  42   4.688 150.0  30.0
 0.675  132.5  90  33  42  10.938   0.0   0.0
 0.675  140.0  90  33  42  -4.688 150.0  30.0
 0.675  142.5  90  33  42 -10.938 150.0  30.0
 0.675  147.5  90  33  42   7.813  90.0  30.0
 0.675  152.5  90  33  45  10.938   0.0   0.0
 0.675  162.5  90  33  42  -1.563  90.0  30.0
 0.675  167.5  90  33  42   1.563  30.0  30.0
 0.675  170.0  90  33  45  10.938 150.0  30.0
 0.675  172.5  90  33  45  10.938  30.0  30.0
 0.675  180.0  90  33  42   1.563 150.0  30.0
 0.675  182.5  90  33  42  -7.813  90.0  30.0
 0.675  190.0  90  33  42  -4.688  90.0  30.0
 0.675  195.0  90  33  42 -10.938 150.0  30.0
 0.675  197.5  90  33  42   7.813 150.0  30.0
 0.675  205.0  90  33  45   1.563  90.0  30.0
 0.675  207.5  90  33  45 -10.938 150.0  30.0
 0.675  215.0  90  33  42 -10.938 150.0  30.0
 0.675  157.5 -90  36  48   4.688 150.0  30.0
 0.700   80.0 -90  39  48  10.938  30.0  30.0
 0.700  145.0 -90  39  48  10.938 150.0  30.0
 0.700  152.5 -90  39  48   4.688 210.0  30.0
 0.700  155.0 -90  39  48   4.688 210.0  30.0
 0.725   80.0  90  42  66 -10.938  30.0  30.0
 0.725  152.5  90  42  51  10.938  90.0  30.0
 0.725  155.0  90  42  51   7.813  90.0  30.0
 0.725   80.0 -90  42  66 -10.938   0.0   0.0
 0.725  172.5 -90  42  51   7.813 150.0  30.0
 0.725  187.5 -90  42  51  -1.563 150.0  30.0
 0.750   80.0  90  39  57   4.688 210.0  30.0
 0.750   82.5  90  39  51   7.813 150.0  30.0
 0.750   85.0  90  39  51   4.688 150.0  30.0
 0.750   87.5  90  39  51   4.688 150.0  30.0
 0.750   90.0  90  39  51   4.688 150.0  30.0
 0.750   92.5  90  39  51   4.688 150.0  30.0
 0.750   95.0  90  39  48   7.813 150.0  30.0
 0.750   97.5  90  39  51   4.688 150.0  30.0
 0.750  100.0  90  39  51   4.688 150.0  30.0
 0.750  102.5  90  39  48   4.688 210.0  30.0
 0.750  105.0  90  39  48   7.813 150.0  30.0
 0.750  107.5  90  39  51   4.688 150.0  30.0
 0.750  110.0  90  39  51   7.813 150.0  30.0
 0.750  112.5  90  39  51   7.813 150.0  30.0
 0.750  115.0  90  39  51   4.688 150.0  30.0
 0.750  117.5  90  39  54   4.688 150.0  30.0
 0.750  120.0  90  39  51   4.688 150.0  30.0
 0.750  122.5  90  39  51   4.688 150.0  30.0
 0.750  125.0  90  39  51   1.563 150.0  30.0
 0.750  132.5  90  39  48   7.813 150.0  30.0
 0.750  140.0  90  39  48  10.938 150.0  30.0
 0.750  142.5  90  39  51   4.688 150.0  30.0
 0.750  145.0  90  39  48   7.813  90.0  30.0
 0.750  147.5  90  39  51   7.813 150.0  30.0
 0.750  150.0  90  39  48   7.813 150.0  30.0
 0.750  155.0  90  39  48  -7.813 150.0  30.0
 0.750  157.5  90  39  54   7.813 150.0  30.0
 0.750  160.0  90  39  60   7.813 150.0  30.0
 0.750  162.5  90  39  60   7.813 150.0  30.0
 0.750  165.0  90  39  54   7.813 150.0  30.0
 0.750  167.5  90  39  54   7.813 150.0  30.0
 0.750  170.0  90  39  60   7.813 150.0  30.0
 0.750  172.5  90  39  57   7.813 150.0  30.0
 0.750  175.0  90  39  54   7.813 150.0  30.0
 0.750  177.5  90  39  48   4.688  90.0  30.0
 0.750  180.0  90  39  51   7.813 150.0  30.0
 0.750  182.5  90  39  54   7.813 150.0  30.0
 0.750  185.0  90  39  57   7.813 150.0  30.0
 0.750  187.5  90  39  57   7.813 150.0  30.0
 0.750  190.0  90  39  51   7.813 150.0  30.0
 0.750  192.5  90  39  54   7.813 150.0  30.0
 0.750  195.0  90  39  51   7.813 150.0  30.0
 0.750  197.5  90  39  54   7.813 150.0  30.0
 0.750  200.0  90  39  57   7.813 150.0  30.0
 0.750  202.5  90  39  57   7.813 150.0  30.0
 0.750  205.0  90  39  57   7.813 150.0  30.0
 0.750  207.5  90  39  57   7.813 150.0  30.0
 0.750  210.0  90  39  57   7.813 150.0  30.0
 0.750  212.5  90  39  57   7.813 150.0  30.0
 0.750  215.0  90  39  57   7.813 150.0  30.0
 0.750  217.5  90  39  54   4.688 150.0  30.0
 0.750  220.0  90  39  54   4.688 150.0  30.0
 0.750  222.5  90  39  54   4.688 150.0  30.0
 0.750  225.0  90  39  57   4.688 150.0  30.0
 0.750  227.5  90  39  57   4.688 150.0  30.0
 0.750  230.0  90  39  54   7.813 150.0  30.0
 0.750  232.5  90  39  54   7.813 150.0  30.0
 0.750  235.0  90  39  54   4.688 150.0  30.0
 0.750  237.5  90  39  54   7.813 150.0  30.0
 0.750  240.0  90  39  54   4.688 150.0  30.0
 0.750  242.5  90  39  51   4.688 150.0  30.0
 0.750  245.0  90  39  51   4.688 150.0  30.0
 0.750  247.5  90  39  51   4.688 150.0  30.0
 0.750  250.0  90  39  48   4.688 150.0  30.0
 0.750   80.0 -90  36  60   7.813 270.0  30.0
 0.750   82.5 -90  36  48   4.688 150.0  30.0
 0.750   85.0 -90  36  48   4.688 150.0  30.0
 0.750   87.5 -90  36  48   4.688  90.0  30.0
 0.750   90.0 -90  36  51   4.688 150.0  30.0
 0.750   92.5 -90  36  48   4.688 150.0  30.0
 0.750   95.0 -90  36  51   7.813 150.0  30.0
 0.750   97.5 -90  36  48   4.688 150.0  30.0
 0.750  100.0 -90  36  48   4.688 150.0  30.0
 0.750  102.5 -90  36  48   1.563 150.0  30.0
 0.750  105.0 -90  36  51   7.813 150.0  30.0
 0.750  107.5 -90  36  51   4.688 150.0  30.0
 0.750  110.0 -90  36  51   7.813 150.0  30.0
 0.750  112.5 -90  36  54   4.688 150.0  30.0
 0.750  115.0 -90  36  54   4.688 150.0  30.0
 0.750  117.5 -90  36  54   4.688 150.0  30.0
 0.750  120.0 -90  36  51   4.688 150.0  30.0
 0.750  122.5 -90  36  51   4.688 150.0  30.0
 0.750  125.0 -90  36  45  10.938 150.0  30.0
 0.750  127.5 -90  36  48   7.813 150.0  30.0
 0.750  130.0 -90  36  48   4.688 150.0  30.0
 0.750  132.5 -90  36  48   7.813 150.0  30.0
 0.750  135.0 -90  36  48   4.688 150.0  30.0
 0.750  137.5 -90  36  48   7.813 150.0  30.0
 0.750  140.0 -90  36  48   7.813 150.0  30.0
 0.750  142.5 -90  36  48   1.563 150.0  30.0
 0.750  147.5 -90  36  48   1.563 150.0  30.0
 0.750  150.0 -90  36  48   4.688 150.0  30.0
 0.750  152.5 -90  36  48   7.813 150.0  30.0
 0.750  155.0 -90  36  48   4.688 150.0  30.0
 0.750  157.5 -90  36  57   4.688 150.0  30.0
 0.750  160.0 -90  36  60   4.688 150.0  30.0
 0.750  162.5 -90  36  54   4.688 150.0  30.0
 0.750  165.0 -90  36  51   7.813 150.0  30.0
 0.750  167.5 -90  36  54   4.688 150.0  30.0
 0.750  170.0 -90  36  57   4.688 150.0  30.0
 0.750  172.5 -90  36  54   4.688 150.0  30.0
 0.750  175.0 -90  36  45   4.688 150.0  30.0
 0.750  177.5 -90  36  51   7.813 150.0  30.0
 0.750  180.0 -90  36  48   7.813 150.0  30.0
 0.750  182.5 -90  36  54   7.813 150.0  30.0
 0.750  185.0 -90  36  57   4.688 150.0  30.0
 0.750  187.5 -90  36  54   7.813 150.0  30.0
 0.750  190.0 -90  36  51   4.688 150.0  30.0
 0.750  192.5 -90  36  54   4.688 150.0  30.0
 0.750  195.0 -90  36  54   4.688 150.0  30.0
 0.750  197.5 -90  36  54   4.688 150.0  30.0
 0.750  200.0 -90  36  54   4.688 150.0  30.0
 0.750  202.5 -90  36  54   4.688 150.0  30.0
 0.750  205.0 -90  36  57   7.813 150.0  30.0
 0.750  207.5 -90  36  54   4.688 150.0  30.0
 0.750  210.0 -90  36  54   4.688 150.0  30.0
 0.750  212.5 -90  36  57   4.688 150.0  30.0
 0.750  215.0 -90  36  57   4.688 150.0  30.0
 0.750  217.5 -90  36  54   4.688 150.0  30.0
 0.750  220.0 -90  36  54   4.688 150.0  30.0
 0.750  222.5 -90  36  51   4.688 150.0  30.0
 0.750  225.0 -90  36  54   4.688 150.0  30.0
 0.750  227.5 -90  36  54   4.688 150.0  30.0
 0.750  230.0 -90  36  57   4.688 150.0  30.0
 0.750  232.5 -90  36  51   4.688 150.0  30.0
 0.750  235.0 -90  36  51   4.688 150.0  30.0
 0.750  237.5 -90  36  51   4.688 150.0  30.0
 0.750  240.0 -90  36  51   4.688 150.0  30.0
 0.750  242.5 -90  36  51   4.688 150.0  30.0
 0.750  245.0 -90  36  48   4.688 150.0  30.0
 0.750  247.5 -90  36  48   4.688 150.0  30.0
 0.750  380.0 -90  36  45   7.813 210.0  30.0
 0.750 1170.0 -90  36  45   1.563 150.0  30.0
 0.750 1205.0 -90  36  45   1.563 150.0  30.0
 0.750 1222.5 -90  36  45  -1.563 150.0  30.0
 0.750 1230.0 -90  36  45   1.563 150.0  30.0
 0.750 1282.5 -90  36  45  10.938 150.0  30.0
 0.775  192.5  90  57  66   4.688  90.0  30.0
 0.775  195.0  90  57  66   1.563 150.0  30.0
 0.775  197.5  90  57  66   1.563 150.0  30.0
 0.775  200.0  90  57  66   4.688  90.0  30.0
 0.775  202.5  90  57  66   1.563 150.0  30.0
 0.775  150.0 -90  54  63   1.563 150.0  30.0
 0.775  157.5 -90  54  63   1.563 150.0  30.0
 0.775  160.0 -90  54  63   1.563 150.0  30.0
 0.775  192.5 -90  54  63   4.688  90.0  30.0
 0.775  195.0 -90  54  63   4.688 150.0  30.0
 0.775  197.5 -90  54  63   1.563 150.0  30.0
 0.775  200.0 -90  54  66   1.563 150.0  30.0
 0.775  202.5 -90  54  66   1.563 150.0  30.0
 0.775  207.5 -90  54  63   1.563 150.0  30.0
 0.775  230.0 -90  54  63   1.563 150.0  30.0
 0.775  237.5 -90  54  63   1.563 150.0  30.0
 0.775 1047.5 -90  54  63   1.563 150.0  30.0
 0.875   80.0  90  33  51   4.688  30.0  30.0
 0.875  207.5 -90  30  39  -1.563 210.0  30.0
 0.925   80.0  90  33  42   7.813 150.0  30.0
 0.925   80.0 -90  33  48   4.688 150.0  30.0
 0.950  782.5 -90  36  45   7.813 210.0  30.0
 0.975   80.0  90  39  48   7.813  90.0  30.0
 0.975  687.5  90  39  48   1.563 210.0  30.0
 0.975  245.0 -90  39  48  10.938 210.0  30.0
 0.975  250.0 -90  39  48   7.813 330.0  30.0
 0.975  255.0 -90  39  48   7.813 330.0  30.0
 1.000   80.0  90  36  51  -7.813 150.0  30.0
 1.000   80.0 -90  36  60 -10.938   0.0   0.0
 1.025   82.5  90  27  36  10.938   0.0   0.0
 1.025  640.0  90  27  36  -1.563   0.0   0.0
 1.025  655.0  90  27  36  -1.563 210.0  30.0
 1.025   80.0 -90  27  39 -10.938  90.0  30.0
 1.025   82.5 -90  27  36  -7.813   0.0   0.0
 1.025   85.0 -90  27  36  -7.813 210.0  30.0
 1.025   95.0 -90  27  36  -4.688  30.0  30.0
 1.025  100.0 -90  27  36   1.563   0.0   0.0
 1.050   80.0  90  33  57   1.563  90.0  30.0
 1.050  110.0  90  33  42  -1.563  30.0  30.0
 1.050  112.5  90  33  42  -1.563  30.0  30.0
 1.050  115.0  90  33  42  -1.563  30.0  30.0
 1.050  120.0  90  33  42  -1.563  30.0  30.0
 1.050  125.0  90  33  42  -1.563  30.0  30.0
 1.050  127.5  90  33  42  -1.563  30.0  30.0
 1.050  132.5  90  33  42  -1.563  30.0  30.0
 1.050  137.5  90  33  42  -1.563  30.0  30.0
 1.050   80.0 -90  30  57   7.813 210.0  30.0
 1.050  112.5 -90  30  42  -1.563  30.0  30.0
 1.050  115.0 -90  30  42  -1.563  30.0  30.0
 1.050  117.5 -90  30  42  -1.563  30.0  30.0
 1.050  120.0 -90  30  39  -1.563  30.0  30.0
 1.050  122.5 -90  30  42  -1.563  30.0  30.0
 1.050  125.0 -90  30  39   1.563  30.0  30.0
 1.050  127.5 -90  30  39  -1.563  30.0  30.0
 1.050  130.0 -90  30  42  -1.563  30.0  30.0
 1.050  132.5 -90  30  42  -1.563  30.0  30.0
 1.050  135.0 -90  30  42  -1.563  30.0  30.0
 1.050  137.5 -90  30  39  -1.563  30.0  30.0
 1.050  140.0 -90  30  39  -1.563  30.0  30.0
 1.050  147.5 -90  30  39  -1.563  30.0  30.0
 1.050  152.5 -90  30  39   1.563  30.0  30.0
 1.075   80.0  90  36  57   4.688  90.0  30.0
 1.075   92.5  90  36  45   7.813  30.0  30.0
 1.075   95.0  90  36  45   7.813  30.0  30.0
 1.075  105.0  90  36  45   7.813  90.0  30.0
 1.075  107.5  90  36  45   7.813  90.0  30.0
 1.075  110.0  90  36  48   4.688  30.0  30.0
 1.075  112.5  90  36  48   4.688  30.0  30.0
 1.075  115.0  90  36  48   4.688  30.0  30.0
 1.075  117.5  90  36  48   4.688  30.0  30.0
 1.075  120.0  90  36  48   4.688  30.0  30.0
 1.075  122.5  90  36  48   4.688  30.0  30.0
 1.075  125.0  90  36  51   4.688  30.0  30.0
 1.075  127.5  90  36  51   4.688  30.0  30.0
 1.075  130.0  90  36  51   4.688  30.0  30.0
 1.075  132.5  90  36  51   4.688  30.0  30.0
 1.075  135.0  90  36  51   4.688  30.0  30.0
 1.075  137.5  90  36  51   4.688  30.0  30.0
 1.075  140.0  90  36  51   4.688  30.0  30.0
 1.075  142.5  90  36  51   4.688  30.0  30.0
 1.075  145.0  90  36  51   4.688  30.0  30.0
 1.075  147.5  90  36  51   4.688  30.0  30.0
 1.075  150.0  90  36  51   4.688  30.0  30.0
 1.075  152.5  90  36  51   4.688  30.0  30.0
 1.075  155.0  90  36  48   4.688  30.0  30.0
 1.075  157.5  90  36  45   4.688  30.0  30.0
 1.075  160.0  90  36  45   4.688  30.0  30.0
 1.075  162.5  90  36  45   7.813  30.0  30.0
 1.075  165.0  90  36  45   7.813  30.0  30.0
 1.075  167.5  90  36  45   7.813  30.0  30.0
 1.075  170.0  90  36  45   4.688  30.0  30.0
 1.075  172.5  90  36  45   4.688  30.0  30.0
 1.075  175.0  90  36  45   4.688  30.0  30.0
 1.075  177.5  90  36  45   4.688  30.0  30.0
 1.075  180.0  90  36  45   4.688  30.0  30.0
 1.075   80.0 -90  36  60   4.688  30.0  30.0
 1.075   90.0 -90  36  45   4.688  30.0  30.0
 1.075   92.5 -90  36  45   4.688  30.0  30.0
 1.075  107.5 -90  36  45   4.688  90.0  30.0
 1.075  110.0 -90  36  48   4.688  30.0  30.0
 1.075  112.5 -90  36  48   4.688  30.0  30.0
 1.075  115.0 -90  36  48   4.688  30.0  30.0
 1.075  117.5 -90  36  45   4.688   0.0   0.0
 1.075  120.0 -90  36  45   4.688  30.0  30.0
 1.075  122.5 -90  36  45   4.688  30.0  30.0
 1.075  125.0 -90  36  48   4.688  30.0  30.0
 1.075  127.5 -90  36  48   4.688  30.0  30.0
 1.075  130.0 -90  36  48   4.688  30.0  30.0
 1.075  132.5 -90  36  48   4.688  30.0  30.0
 1.075  135.0 -90  36  48   4.688  30.0  30.0
 1.075  137.5 -90  36  48   4.688  30.0  30.0
 1.075  140.0 -90  36  48   4.688  30.0  30.0
 1.075  142.5 -90  36  48   4.688  30.0  30.0
 1.075  145.0 -90  36  48   4.688  30.0  30.0
 1.075  147.5 -90  36  48   4.688  30.0  30.0
 1.075  150.0 -90  36  48   4.688  30.0  30.0
 1.075  152.5 -90  36  48   4.688  30.0  30.0
 1.075  155.0 -90  36  48   4.688  30.0  30.0
 1.075  157.5 -90  36  48   4.688  30.0  30.0
 1.075  160.0 -90  36  48   4.688  30.0  30.0
 1.075  162.5 -90  36  45   4.688  30.0  30.0
 1.075  165.0 -90  36  45   4.688  30.0  30.0
 1.075  167.5 -90  36  45   4.688  30.0  30.0
 1.075  172.5 -90  36  45   4.688  30.0  30.0
 1.075  175.0 -90  36  45   4.688  30.0  30.0
 1.075  177.5 -90  36  45   4.688  30.0  30.0
 1.075  180.0 -90  36  45   4.688  30.0  30.0
 1.075  182.5 -90  36  45   4.688  30.0  30.0
 1.100   80.0  90  36  51  -7.813 270.0  30.0
 1.100  117.5  90  36  45   4.688  30.0  30.0
 1.100   80.0 -90  36  57  10.938 270.0  30.0
 1.125  115.0  90  33  42  -7.813  30.0  30.0
 1.125  125.0  90  33  42  10.938   0.0   0.0
 1.125   87.5 -90  30  39   7.813   0.0   0.0
 1.125   90.0 -90  30  39   7.813   0.0   0.0
 1.125  355.0 -90  30  39  -1.563   0.0   0.0
 1.125  395.0 -90  30  39   1.563  30.0  30.0
 1.150  290.0  90  36  45   4.688   0.0   0.0
 1.150  545.0  90  36  45 -10.938   0.0   0.0
 1.175   80.0  90  42  51  -1.563   0.0   0.0
 1.175   80.0 -90  42  51  10.938 210.0  30.0
 1.250  292.5  90  42  51   7.813 150.0  30.0
 1.250   80.0 -90  39  48  -1.563   0.0   0.0
 1.250  192.5 -90  39  48   1.563   0.0   0.0
 1.250  590.0 -90  39  48  -1.563 210.0  30.0
 1.250  602.5 -90  39  48   7.813   0.0   0.0
 1.250  605.0 -90  39  51   1.563   0.0   0.0
 1.250  607.5 -90  39  48  -1.563   0.0   0.0
 1.250 1090.0 -90  39  48   1.563   0.0   0.0
 1.250 1107.5 -90  39  48   1.563   0.0   0.0
 1.250 1120.0 -90  39  48  -4.688   0.0   0.0
 1.275  240.0 -90  39  48  -4.688   0.0   0.0
 1.275 1215.0 -90  39  48  -7.813 210.0  30.0
 1.300  585.0  90  42  51   7.813 210.0  30.0
 1.325  367.5  90  42  51 -10.938 210.0  30.0
 1.325  515.0  90  42  51 -10.938 210.0  30.0
 1.350 1022.5  90  39  48  -1.563 150.0  30.0
 1.350  575.0 -90  39  48  -4.688 210.0  30.0
 1.350  587.5 -90  39  48   4.688 210.0  30.0
 1.350  802.5 -90  39  48   4.688 210.0  30.0
 1.375   80.0 -90  39  48 -10.938 210.0  30.0
 1.375   90.0 -90  39  48  -4.688 210.0  30.0
 1.475  230.0  90  36  45   7.813 210.0  30.0
 1.475  245.0  90  36  45 -10.938 210.0  30.0
 1.475  892.5  90  36  45   1.563 210.0  30.0
 1.475  902.5  90  36  45   1.563   0.0   0.0
 1.475 1107.5  90  36  45   7.813 150.0  30.0
 1.475  347.5 -90  36  45   4.688 210.0  30.0
 1.475  362.5 -90  36  45  -1.563 210.0  30.0
 1.500  237.5  90  39  48   4.688   0.0   0.0
 1.500  260.0  90  39  48  -7.813   0.0   0.0
 1.550  760.0  90  33  42  -1.563   0.0   0.0
 1.550  792.5  90  33  42  10.938   0.0   0.0
 1.550  847.5  90  33  42  -7.813   0.0   0.0
 1.550   80.0 -90  33  42  10.938  30.0  30.0
 1.550  147.5 -90  33  42  10.938   0.0   0.0
 1.550  180.0 -90  33  42   1.563   0.0   0.0
 1.550  605.0 -90  33  42  -7.813   0.0   0.0
 1.550  607.5 -90  33  42 -10.938   0.0   0.0
 1.550  615.0 -90  33  42  -1.563   0.0   0.0
 1.550  657.5 -90  33  42 -10.938 210.0  30.0
 1.650 1175.0 -90  39  48  -4.688  90.0  30.0
 1.650 1180.0 -90  39  48  10.938  90.0  30.0
 1.675 1242.5  90  39  48  -1.563   0.0   0.0
 1.750   80.0  90  30  39   7.813 150.0  30.0
 1.750   85.0  90  30  39  10.938 270.0  30.0
 1.750  470.0  90  30  39   1.563  90.0  30.0
 1.775  110.0  90  33  42   4.688   0.0   0.0
 1.775   97.5 -90  33  45  -1.563   0.0   0.0
 1.850   97.5 -90  27  42   1.563   0.0   0.0
 1.850  100.0 -90  27  42   1.563 150.0  30.0
 1.850 1170.0 -90  27  36   1.563   0.0   0.0
 1.875   97.5 -90  33  42   1.563 150.0  30.0
 1.925  535.0  90  36  45 -10.938   0.0   0.0
 1.925  100.0 -90  36  45  -1.563   0.0   0.0
 1.950   97.5 -90  30  42  -1.563   0.0   0.0
 1.950  100.0 -90  30  39  -1.563 150.0  30.0
 2.025   97.5 -90  30  39   1.563  30.0  30.0
 2.025  100.0 -90  30  39  -1.563 150.0  30.0
 2.050   85.0  90  30  39   7.813 270.0  30.0
 2.050  100.0  90  30  39   1.563  30.0  30.0
 2.050 1237.5  90  30  39  -4.688 330.0  30.0
 2.050  100.0 -90  30  42   1.563 150.0  30.0
 2.050  185.0 -90  30  39 -10.938 330.0  30.0
 2.100  135.0  90  33  42   4.688   0.0   0.0
 2.100  137.5  90  33  42   7.813   0.0   0.0
 2.100  150.0  90  33  42  -4.688   0.0   0.0
 2.100  707.5  90  33  42  10.938   0.0   0.0
 2.100  710.0  90  33  42  10.938   0.0   0.0
 2.100  712.5  90  33  42  10.938   0.0   0.0
 2.100  715.0  90  33  42  10.938  30.0  30.0
 2.125  100.0 -90  33  42  -1.563   0.0   0.0
 2.150   82.5 -90  33  42   1.563  30.0  30.0
 2.150  100.0 -90  33  42   1.563   0.0   0.0
 2.300  675.0 -90  33  42  -7.813   0.0   0.0
 2.325  100.0 -90  27  36   1.563 210.0  30.0
 2.350 1260.0  90  30  39   1.563 150.0  30.0
 2.525  297.5  90  27  36   4.688   0.0   0.0
 2.575  662.5 -90  27  36  -1.563   0.0   0.0
 2.600  632.5 -90  30  39  10.938   0.0   0.0
 2.600  770.0 -90  30  39  -1.563 330.0  30.0
 2.700  287.5  90  30  39  10.938  90.0  30.0
 2.700  947.5  90  30  39  -7.813  90.0  30.0
 2.700  507.5 -90  30  39  -4.688  90.0  30.0
 2.800  107.5  90  27  36   1.563 210.0  30.0
 3.050  110.0  90  30  39  -1.563   0.0   0.0
 3.075  110.0  90  30  39   1.563  30.0  30.0
 3.125  112.5  90  30  39  -1.563  30.0  30.0
 3.125  115.0  90  30  39  -4.688   0.0   0.0
 3.150  112.5  90  30  39   1.563   0.0   0.0
 3.175  112.5  90  30  39   1.563   0.0   0.0
 3.200  112.5  90  30  42  -1.563   0.0   0.0
 3.225 1207.5  90  30  39  -1.563 270.0  30.0
 3.250  115.0  90  30  39  -1.563   0.0   0.0
 3.250  160.0  90  30  39 -10.938   0.0   0.0
 3.275  687.5  90  27  36  -4.688   0.0   0.0
 3.375  117.5  90  30  39  -1.563   0.0   0.0
 3.375  120.0  90  30  39  -1.563 210.0  30.0
 3.375  220.0  90  30  39   4.688   0.0   0.0
 3.375   82.5 -90  30  39 -10.938   0.0   0.0
 3.375  212.5 -90  30  39  -4.688   0.0   0.0
 3.525  107.5  90  33  42   1.563   0.0   0.0
 3.525  110.0  90  33  45  -1.563   0.0   0.0
 3.525  112.5  90  33  42  -1.563   0.0   0.0
 3.525  115.0  90  33  45   1.563   0.0   0.0
 3.550  107.5  90  30  42  -1.563   0.0   0.0
 3.550  110.0  90  30  48  -1.563   0.0   0.0
 3.550  112.5  90  30  39   1.563   0.0   0.0
 3.550  662.5  90  30  39  -1.563   0.0   0.0
 3.550  685.0  90  30  39  10.938  30.0  30.0
 3.550  757.5  90  30  39  -1.563   0.0   0.0
 3.575  107.5  90  30  42  -1.563   0.0   0.0
 3.575  110.0  90  30  48  -1.563   0.0   0.0
 3.575  112.5  90  30  42   1.563  30.0  30.0
 3.575  112.5 -90  30  39   1.563 150.0  30.0
 3.600  107.5  90  33  42  -1.563  30.0  30.0
 3.600  110.0  90  33  42   1.563   0.0   0.0
 3.600  112.5 -90  33  42   1.563  90.0  30.0
 3.625  107.5  90  33  42  -1.563   0.0   0.0
 3.625  110.0  90  33  45   1.563   0.0   0.0
 3.650  107.5  90  30  39   1.563   0.0   0.0
 3.650  110.0  90  30  45  -1.563  30.0  30.0
 3.650  120.0  90  30  39  -1.563  30.0  30.0
 3.650  122.5  90  30  45  -1.563   0.0   0.0
 3.650  110.0 -90  30  39  -1.563 150.0  30.0
 3.675  107.5  90  27  36   1.563  30.0  30.0
 3.675  110.0  90  27  36  -1.563  90.0  30.0
 3.675  112.5  90  27  39  -1.563  90.0  30.0
 3.675  115.0  90  27  42  -1.563 150.0  30.0
 3.675  117.5  90  27  42   1.563  30.0  30.0
 3.675  120.0  90  27  42   1.563 150.0  30.0
 3.675  122.5  90  27  42  -1.563 150.0  30.0
 3.675  125.0  90  27  36  -1.563   0.0   0.0
 3.675  112.5 -90  27  36  -1.563 150.0  30.0
 3.675  115.0 -90  27  39  -1.563 150.0  30.0
 3.675  117.5 -90  27  39  -1.563  90.0  30.0
 3.700  107.5  90  30  39  -1.563  30.0  30.0
 3.700  110.0  90  30  45  -1.563   0.0   0.0
 3.700  112.5  90  30  42  -1.563  90.0  30.0
 3.700  115.0  90  30  48  -1.563  30.0  30.0
 3.700  117.5  90  30  45   1.563   0.0   0.0
 3.700  120.0  90  30  42   1.563   0.0   0.0
 3.700  122.5  90  30  39   1.563   0.0   0.0
 3.700  112.5 -90  30  39  -1.563 150.0  30.0
 3.700  115.0 -90  30  39  -1.563  30.0  30.0
 3.725  110.0  90  33  48   1.563   0.0   0.0
 3.725  112.5  90  33  48   1.563   0.0   0.0
 3.725  115.0  90  33  48   1.563   0.0   0.0
 3.725  117.5  90  33  42   1.563 150.0  30.0
 3.725  120.0  90  33  42  -1.563  30.0  30.0
 3.750  110.0  90  33  45  -1.563   0.0   0.0
 3.750  115.0  90  33  48  -1.563   0.0   0.0
 3.750  117.5  90  33  42  -1.563  90.0  30.0
 3.750  120.0  90  33  42   1.563  30.0  30.0
 3.750  115.0 -90  33  42  -1.563 150.0  30.0
 3.775  107.5  90  33  42   1.563   0.0   0.0
 3.775  110.0  90  33  45   1.563   0.0   0.0
 3.775  112.5  90  33  42  -1.563   0.0   0.0
 3.775  117.5  90  33  42  -1.563  90.0  30.0
 3.775  120.0  90  33  45   1.563 150.0  30.0
 3.775  122.5  90  33  42  -1.563   0.0   0.0
 3.775 1175.0  90  33  42  -1.563 330.0  30.0
 3.775 1185.0  90  33  42   4.688 330.0  30.0
 3.775   85.0 -90  30  39  10.938   0.0   0.0
 3.800  110.0  90  33  42   1.563   0.0   0.0
 3.800  112.5  90  33  48  -1.563  30.0  30.0
 3.800  115.0  90  33  45  -1.563  90.0  30.0
 3.800  117.5  90  33  45  -1.563  30.0  30.0
 3.800  120.0  90  33  45  -1.563 150.0  30.0
 3.800  112.5 -90  30  39  -1.563 150.0  30.0
 3.800  127.5 -90  30  39  10.938   0.0   0.0
 3.825  112.5  90  33  45  -1.563  30.0  30.0
 3.825  115.0  90  33  51  -1.563  30.0  30.0
 3.825  117.5  90  33  45  -1.563 150.0  30.0
 3.825  120.0  90  33  45  -1.563  30.0  30.0
 3.825  122.5  90  33  42  -1.563 150.0  30.0
 3.825  130.0  90  33  42  -1.563   0.0   0.0
 3.825  115.0 -90  33  42  -1.563  90.0  30.0
 3.825  117.5 -90  33  42  -1.563 150.0  30.0
 3.850  110.0  90  27  42  -1.563   0.0   0.0
 3.850  112.5  90  27  42  -1.563   0.0   0.0
 3.850  115.0  90  27  48   1.563   0.0   0.0
 3.850  117.5  90  27  42  -1.563  90.0  30.0
 3.850  120.0  90  27  39  -1.563  30.0  30.0
 3.850  122.5  90  27  36   1.563  30.0  30.0
 3.850  125.0  90  27  36   1.563 150.0  30.0
 3.850  217.5  90  27  36  -1.563   0.0   0.0
 3.850  222.5  90  27  39   1.563   0.0   0.0
 3.850  232.5  90  27  36  -1.563   0.0   0.0
 3.850  115.0 -90  30  42   1.563  90.0  30.0
 3.875  110.0  90  27  39  -1.563   0.0   0.0
 3.875  112.5  90  27  45   1.563   0.0   0.0
 3.875  115.0  90  27  48  -1.563  30.0  30.0
 3.875  117.5  90  27  36  -1.563  30.0  30.0
 3.875  122.5  90  27  36  -1.563  90.0  30.0
 3.875  115.0 -90  27  42  -1.563 150.0  30.0
 3.900  112.5  90  30  39  -1.563  30.0  30.0
 3.900  115.0  90  30  45  -1.563  30.0  30.0
 3.900  117.5  90  30  39  -1.563  90.0  30.0
 3.900  125.0  90  30  39  -1.563  90.0  30.0
 3.900  222.5  90  30  42  -1.563   0.0   0.0
 3.900  225.0  90  30  39  -1.563   0.0   0.0
 3.925  115.0  90  30  42  -1.563  30.0  30.0
 3.925  117.5  90  30  39  -1.563  30.0  30.0
 3.925  120.0  90  30  39  -1.563  30.0  30.0
 3.925  122.5  90  30  39  -1.563  90.0  30.0
 3.925  220.0  90  30  42   1.563   0.0   0.0
 3.925  222.5  90  30  42  -1.563   0.0   0.0
 3.925  225.0  90  30  39  -1.563   0.0   0.0
 3.925  230.0  90  30  39  -1.563   0.0   0.0
 3.925  747.5  90  30  39   1.563   0.0   0.0
 3.950  117.5  90  27  36  -1.563  90.0  30.0
 3.950  120.0  90  27  36  -1.563  90.0  30.0
 3.950  122.5  90  27  36  -1.563  90.0  30.0
 3.950  130.0  90  27  36  -1.563  90.0  30.0
 3.950  220.0  90  27  42  -1.563   0.0   0.0
 3.950  222.5  90  27  45  -1.563   0.0   0.0
 3.950  225.0  90  27  45  -1.563   0.0   0.0
 3.950  227.5  90  27  42  -1.563   0.0   0.0
 3.950  227.5 -90  27  36  -1.563  90.0  30.0
 3.975  110.0  90  27  36  -1.563  90.0  30.0
 3.975  112.5  90  27  45  -1.563  90.0  30.0
 3.975  115.0  90  27  45  -1.563 150.0  30.0
 3.975  117.5  90  27  42  -1.563  30.0  30.0
 3.975  120.0  90  27  39  -1.563  90.0  30.0
 3.975  122.5  90  27  36   1.563  90.0  30.0
 3.975  135.0  90  27  36  -1.563  90.0  30.0
 3.975  220.0  90  27  36  -1.563  30.0  30.0
 3.975  222.5  90  27  42  -1.563   0.0   0.0
 3.975  225.0  90  27  36  -1.563  30.0  30.0
 3.975  115.0 -90  27  36  -1.563  90.0  30.0
 3.975 1110.0 -90  27  36   4.688 150.0  30.0
 4.000  112.5  90  30  39  -1.563 150.0  30.0
 4.000  115.0  90  30  42  -1.563  30.0  30.0
 4.000  117.5  90  30  42  -1.563  30.0  30.0
 4.000  222.5  90  30  42  -1.563   0.0   0.0
 4.000  225.0  90  30  39   1.563   0.0   0.0
 4.000  227.5  90  30  42   1.563   0.0   0.0
 4.000  230.0  90  30  42  -1.563   0.0   0.0
 4.000  232.5  90  30  39  -1.563   0.0   0.0
 4.025  112.5  90  27  39   1.563  90.0  30.0
 4.025  115.0  90  27  36  -1.563  30.0  30.0
 4.025  120.0  90  27  39  -1.563  90.0  30.0
 4.025  122.5  90  27  39  -1.563  90.0  30.0
 4.025  125.0  90  27  36  -1.563 150.0  30.0
 4.025  130.0  90  27  36  -1.563  90.0  30.0
 4.025  227.5  90  27  39  -1.563   0.0   0.0
 4.025  230.0  90  27  36   1.563   0.0   0.0
 4.025  232.5  90  27  42  -1.563  30.0  30.0
 4.050  112.5  90  24  36  -1.563 150.0  30.0
 4.050  115.0  90  24  33  -1.563  30.0  30.0
 4.050  117.5  90  24  33  -1.563  30.0  30.0
 4.050  120.0  90  24  33   1.563 150.0  30.0
 4.050  125.0  90  24  36  -1.563  90.0  30.0
 4.050  137.5  90  24  36  -1.563  90.0  30.0
 4.050  225.0  90  24  36  -1.563   0.0   0.0
 4.050  227.5  90  24  45  -1.563   0.0   0.0
 4.050  230.0  90  24  42  -1.563   0.0   0.0
 4.050  232.5  90  24  39  -1.563   0.0   0.0
 4.050   92.5 -90  24  33   4.688   0.0   0.0
 4.075  122.5  90  27  36  -1.563  90.0  30.0
 4.075  127.5  90  27  36  -1.563  90.0  30.0
 4.075  225.0  90  27  39  -1.563   0.0   0.0
 4.075  227.5  90  27  39   1.563   0.0   0.0
 4.075  230.0  90  27  51   1.563   0.0   0.0
 4.075  232.5  90  27  45  -1.563   0.0   0.0
 4.100  125.0  90  27  36  -1.563  90.0  30.0
 4.100  127.5  90  27  39  -1.563  90.0  30.0
 4.100  225.0  90  27  39   1.563   0.0   0.0
 4.100  227.5  90  27  42   1.563   0.0   0.0
 4.100  230.0  90  27  51   1.563   0.0   0.0
 4.100  232.5  90  27  45   1.563   0.0   0.0
 4.100  235.0  90  27  39   1.563   0.0   0.0
 4.100  995.0  90  27  36   4.688   0.0   0.0
 4.125  112.5  90  27  42  -1.563  90.0  30.0
 4.125  115.0  90  27  42  -1.563  90.0  30.0
 4.125  117.5  90  27  36  -1.563  90.0  30.0
 4.125  120.0  90  27  39  -1.563  90.0  30.0
 4.125  125.0  90  27  36  -1.563  90.0  30.0
 4.125  127.5  90  27  36  -1.563  30.0  30.0
 4.125  132.5  90  27  36  -1.563  90.0  30.0
 4.125  137.5  90  27  36  -1.563  90.0  30.0
 4.125  230.0  90  27  36   1.563 210.0  30.0
 4.125  232.5  90  27  39   1.563   0.0   0.0
 4.125  235.0  90  27  36   1.563   0.0   0.0
 4.125  237.5  90  27  42   1.563   0.0   0.0
 4.125  607.5  90  27  36  10.938   0.0   0.0
 4.125  650.0  90  27  36   7.813   0.0   0.0
 4.150   80.0  90  24  33  10.938 210.0  30.0
 4.150  112.5  90  24  45  -1.563  90.0  30.0
 4.150  115.0  90  24  42  -1.563  90.0  30.0
 4.150  117.5  90  24  39  -1.563  90.0  30.0
 4.150  120.0  90  24  39  -1.563  90.0  30.0
 4.150  122.5  90  24  39  -1.563  90.0  30.0
 4.150  125.0  90  24  42  -1.563  90.0  30.0
 4.150  127.5  90  24  39  -1.563  90.0  30.0
 4.150  130.0  90  24  39  -1.563  90.0  30.0
 4.150  132.5  90  24  36  -1.563  90.0  30.0
 4.150  135.0  90  24  39  -1.563  90.0  30.0
 4.150  137.5  90  24  39  -1.563  90.0  30.0
 4.150  160.0  90  24  33  10.938   0.0   0.0
 4.150  230.0  90  24  33   1.563  30.0  30.0
 4.150  232.5  90  24  39   1.563   0.0   0.0
 4.150  235.0  90  24  45  -1.563   0.0   0.0
 4.150  237.5  90  24  42  -1.563   0.0   0.0
 4.150  240.0  90  24  33  -1.563   0.0   0.0
 4.150  112.5 -90  24  36  -1.563 150.0  30.0
 4.150  115.0 -90  24  36  -1.563  90.0  30.0
 4.150  120.0 -90  24  33  -1.563 150.0  30.0
 4.150  230.0 -90  24  36  -1.563   0.0   0.0
 4.150  232.5 -90  24  36  -1.563 150.0  30.0
 4.150  235.0 -90  24  39  -1.563 150.0  30.0
 4.150  237.5 -90  24  39  -1.563 150.0  30.0
 4.175  112.5  90  30  42  -1.563  90.0  30.0
 4.175  115.0  90  30  42  -1.563  90.0  30.0
 4.175  120.0  90  30  42  -1.563  90.0  30.0
 4.175  122.5  90  30  39   1.563  90.0  30.0
 4.175  132.5  90  30  39  -1.563  90.0  30.0
 4.175  135.0  90  30  39  -1.563  30.0  30.0
 4.175  235.0  90  30  42   1.563   0.0   0.0
 4.175  237.5  90  30  42  -1.563   0.0   0.0
 4.175  242.5  90  30  39   1.563   0.0   0.0
 4.175  235.0 -90  27  39   1.563 150.0  30.0
 4.175  237.5 -90  27  39  -1.563 150.0  30.0
 4.200  120.0  90  30  39  -1.563  90.0  30.0
 4.200  122.5  90  30  45  -1.563  90.0  30.0
 4.200  125.0  90  30  42  -1.563  90.0  30.0
 4.200  130.0  90  30  42  -1.563  90.0  30.0
 4.200  132.5  90  30  42  -1.563  90.0  30.0
 4.200  135.0  90  30  39  -1.563  90.0  30.0
 4.200  237.5  90  30  42  -1.563   0.0   0.0
 4.200  240.0  90  30  42  -1.563   0.0   0.0
 4.200  242.5  90  30  42  -1.563   0.0   0.0
 4.200  245.0  90  30  39  -1.563   0.0   0.0
 4.200 1232.5  90  30  39   7.813   0.0   0.0
 4.200 1235.0  90  30  39   4.688   0.0   0.0
 4.200  240.0 -90  30  39  -1.563  90.0  30.0
 4.200  242.5 -90  30  39  -1.563 150.0  30.0
 4.250  120.0  90  30  39  -1.563  90.0  30.0
 4.250  122.5  90  30  42  -1.563  90.0  30.0
 4.250  125.0  90  30  42  -1.563  90.0  30.0
 4.250  127.5  90  30  42  -1.563  90.0  30.0
 4.250  130.0  90  30  45  -1.563  90.0  30.0
 4.250  132.5  90  30  42  -1.563  90.0  30.0
 4.250  242.5  90  30  39  -1.563   0.0   0.0
 4.250  245.0  90  30  42  -1.563   0.0   0.0
 4.250  897.5  90  30  39 -10.938  30.0  30.0
 4.250  912.5  90  30  39  -4.688  30.0  30.0
 4.250  930.0  90  30  39 -10.938  30.0  30.0
 4.250  942.5  90  30  39   7.813  30.0  30.0
 4.250  945.0  90  30  39  -1.563  30.0  30.0
 4.250  952.5  90  30  39   4.688  30.0  30.0
 4.250  955.0  90  30  39  -7.813  30.0  30.0
 4.250  957.5  90  30  39 -10.938  30.0  30.0
 4.250  990.0  90  30  39 -10.938  30.0  30.0
 4.250  997.5  90  30  39  -7.813  30.0  30.0
 4.250  242.5 -90  27  42  -1.563 150.0  30.0
 4.250  245.0 -90  27  36  -1.563  90.0  30.0
 4.275  122.5  90  30  39  -1.563  90.0  30.0
 4.275  127.5  90  30  39  -1.563  30.0  30.0
 4.275  130.0  90  30  39  -1.563  30.0  30.0
 4.275  245.0  90  30  42  -1.563   0.0   0.0
 4.275  247.5  90  30  42  -1.563   0.0   0.0
 4.300  125.0  90  30  39  -1.563 150.0  30.0
 4.300  127.5  90  30  45  -1.563  90.0  30.0
 4.300  130.0  90  30  42  -1.563  90.0  30.0
 4.300  135.0  90  30  39  -1.563  90.0  30.0
 4.300  245.0  90  30  39   1.563 210.0  30.0
 4.300  247.5  90  30  42   1.563   0.0   0.0
 4.300  250.0  90  30  39  -1.563   0.0   0.0
 4.300  245.0 -90  30  39  -1.563 150.0  30.0
 4.325  127.5  90  30  39  -1.563  90.0  30.0
 4.325  130.0  90  30  39  -1.563  90.0  30.0
 4.325  247.5  90  30  45  -1.563   0.0   0.0
 4.325  250.0  90  30  45   1.563   0.0   0.0
 4.325  252.5  90  30  39   1.563   0.0   0.0
 4.325  247.5 -90  30  39  -1.563 150.0  30.0
 4.325  250.0 -90  30  39   1.563  90.0  30.0
 4.350  122.5  90  27  36  -1.563  90.0  30.0
 4.350  125.0  90  27  36  -1.563  90.0  30.0
 4.350  127.5  90  27  39  -1.563  90.0  30.0
 4.350  130.0  90  27  39  -1.563  90.0  30.0
 4.350  135.0  90  27  39  -1.563  90.0  30.0
 4.350  137.5  90  27  39  -1.563  90.0  30.0
 4.350  140.0  90  27  36  -1.563  90.0  30.0
 4.350  250.0  90  27  39   1.563   0.0   0.0
 4.350  255.0  90  27  39  -1.563   0.0   0.0
 4.350  257.5  90  27  39   1.563   0.0   0.0
 4.350  260.0  90  27  36   1.563   0.0   0.0
 4.350  437.5  90  27  36   4.688   0.0   0.0
 4.350  252.5 -90  27  36   1.563 210.0  30.0
 4.375  122.5  90  27  36  -1.563 150.0  30.0
 4.375  127.5  90  27  42  -1.563  90.0  30.0
 4.375  130.0  90  27  42  -1.563  90.0  30.0
 4.375  132.5  90  27  42  -1.563  90.0  30.0
 4.375  135.0  90  27  42  -1.563  90.0  30.0
 4.375  137.5  90  27  39  -1.563  90.0  30.0
 4.375  140.0  90  27  39  -1.563  90.0  30.0
 4.375  247.5  90  27  36   1.563   0.0   0.0
 4.375  252.5  90  27  36  -1.563   0.0   0.0
 4.375  257.5  90  27  36  -1.563   0.0   0.0
 4.375  262.5  90  27  42   1.563   0.0   0.0
 4.375  265.0  90  27  39   1.563   0.0   0.0
 4.375  252.5 -90  27  36   1.563 150.0  30.0
 4.400  125.0  90  27  36  -1.563  90.0  30.0
 4.400  135.0  90  27  36  -1.563  90.0  30.0
 4.400  255.0  90  27  36  -1.563   0.0   0.0
 4.400  257.5  90  27  36   1.563   0.0   0.0
 4.400  262.5  90  27  42   1.563   0.0   0.0
 4.400  265.0  90  27  39   1.563  30.0  30.0
 4.400  267.5  90  27  39   1.563   0.0   0.0
 4.425  127.5  90  27  36  -1.563  90.0  30.0
 4.425  132.5  90  27  36  -1.563  90.0  30.0
 4.425  135.0  90  27  36  -1.563  90.0  30.0
 4.425  255.0  90  27  36   1.563   0.0   0.0
 4.425  257.5  90  27  36  -1.563   0.0   0.0
 4.425  262.5  90  27  36  -1.563   0.0   0.0
 4.425  265.0  90  27  36  -1.563   0.0   0.0
 4.425  267.5  90  27  36  -1.563   0.0   0.0
 4.425  270.0  90  27  39   1.563   0.0   0.0
 4.425  272.5  90  27  39   1.563   0.0   0.0
 4.425  117.5 -90  27  36  -1.563   0.0   0.0
 4.425  270.0 -90  27  36   1.563 150.0  30.0
 4.450  132.5  90  27  36  -1.563  90.0  30.0
 4.450  135.0  90  27  36  -1.563  90.0  30.0
 4.450  267.5  90  27  39   1.563   0.0   0.0
 4.450  270.0  90  27  36  -1.563  30.0  30.0
 4.450  267.5 -90  24  36  -1.563 150.0  30.0
 4.475  127.5  90  27  36  -1.563  90.0  30.0
 4.475  132.5  90  27  36  -1.563  90.0  30.0
 4.475  135.0  90  27  36  -1.563  90.0  30.0
 4.475  265.0  90  27  36  -1.563   0.0   0.0
 4.475  267.5  90  27  36  -1.563   0.0   0.0
 4.475  270.0  90  27  36   1.563   0.0   0.0
 4.475  272.5  90  27  36   1.563   0.0   0.0
 4.500  127.5  90  30  39  -1.563  90.0  30.0
 4.500  132.5  90  30  39  -1.563  90.0  30.0
 4.500  135.0  90  30  39  -1.563  90.0  30.0
 4.500  275.0  90  30  42  -1.563   0.0   0.0
 4.500  280.0  90  30  42   1.563   0.0   0.0
 4.500  277.5 -90  27  39   1.563 150.0  30.0
 4.500  280.0 -90  27  36  -1.563 150.0  30.0
 4.500 1150.0 -90  27  36   7.813   0.0   0.0
 4.525  127.5  90  30  39  -1.563  90.0  30.0
 4.525  130.0  90  30  42  -1.563  90.0  30.0
 4.525  132.5  90  30  45  -1.563  90.0  30.0
 4.525  135.0  90  30  42  -1.563  90.0  30.0
 4.525  270.0  90  30  39   1.563   0.0   0.0
 4.525  275.0  90  30  42   1.563   0.0   0.0
 4.525  277.5  90  30  42  -1.563   0.0   0.0
 4.525  280.0  90  30  39  -1.563   0.0   0.0
 4.550  127.5  90  30  39  -1.563  90.0  30.0
 4.550  132.5  90  30  39  -1.563  90.0  30.0
 4.550  135.0  90  30  42  -1.563  90.0  30.0
 4.550  287.5  90  30  39   1.563   0.0   0.0
 4.550  290.0  90  30  39  -1.563   0.0   0.0
 4.550  112.5 -90  27  36  10.938   0.0   0.0
 4.550  120.0 -90  27  36  10.938   0.0   0.0
 4.550  165.0 -90  27  36  -7.813   0.0   0.0
 4.550  192.5 -90  27  36  -4.688   0.0   0.0
 4.550  282.5 -90  27  36   1.563   0.0   0.0
 4.550  287.5 -90  27  39  -1.563 150.0  30.0
 4.550  597.5 -90  27  36  -1.563   0.0   0.0
 4.575  127.5  90  27  39  -1.563  90.0  30.0
 4.575  135.0  90  27  36  -1.563  90.0  30.0
 4.575  140.0  90  27  36   7.813   0.0   0.0
 4.575  280.0  90  27  36   1.563   0.0   0.0
 4.575  290.0  90  27  39  -1.563   0.0   0.0
 4.600  127.5  90  30  42  -1.563  90.0  30.0
 4.600  135.0  90  30  39  -1.563  90.0  30.0
 4.600  290.0  90  30  39   1.563   0.0   0.0
 4.625  127.5  90  27  42  -1.563  90.0  30.0
 4.625  130.0  90  27  36  -1.563  90.0  30.0
 4.625  290.0  90  27  36  -1.563   0.0   0.0
 4.625  292.5  90  27  36   1.563   0.0   0.0
 4.625  295.0  90  27  39   1.563   0.0   0.0
 4.625  300.0  90  27  36   1.563   0.0   0.0
 4.625  312.5  90  27  36  -1.563   0.0   0.0
 4.725  125.0  90  30  39  -1.563  90.0  30.0
 4.725  127.5  90  30  42  -1.563  90.0  30.0
 4.725  132.5  90  30  42  -1.563  90.0  30.0
 4.750  132.5  90  33  45  -1.563  90.0  30.0
 4.775  127.5  90  33  42  -1.563  90.0  30.0
 4.775 1040.0  90  33  42   7.813   0.0   0.0
 4.775 1097.5 -90  33  42   4.688   0.0   0.0
 4.800  960.0 -90  30  39  -1.563   0.0   0.0
 4.825   80.0  90  27  36 -10.938   0.0   0.0
 4.825   82.5  90  27  36  10.938   0.0   0.0
 4.825   97.5  90  27  36  -4.688   0.0   0.0
 4.825  100.0  90  27  36  10.938   0.0   0.0
 4.825  125.0  90  27  36  -1.563  90.0  30.0
 4.825  135.0  90  27  36  -1.563 150.0  30.0
 4.825  185.0  90  27  36  -7.813   0.0   0.0
 4.825  222.5  90  27  36  -1.563   0.0   0.0
 4.825  227.5  90  27  36  -4.688   0.0   0.0
 4.825  282.5  90  27  36   4.688   0.0   0.0
 4.825  347.5  90  27  36  -1.563   0.0   0.0
 4.825  350.0  90  27  39  -1.563   0.0   0.0
 4.825  390.0  90  27  36   1.563   0.0   0.0
 4.825  392.5  90  27  36   1.563   0.0   0.0
 4.825  395.0  90  27  36   1.563   0.0   0.0
 4.825  617.5  90  27  36   1.563   0.0   0.0
 4.825  640.0  90  27  36  -1.563   0.0   0.0
 4.825  657.5  90  27  36  -1.563   0.0   0.0
 4.825  125.0 -90  27  36  -1.563  90.0  30.0
 4.825  212.5 -90  27  36   7.813   0.0   0.0
 4.825  565.0 -90  27  36   4.688   0.0   0.0
 4.825  590.0 -90  27  36   7.813   0.0   0.0
 4.850  125.0  90  27  39  -1.563  90.0  30.0
 4.850  372.5  90  27  36   1.563   0.0   0.0
 4.850  390.0  90  27  36   1.563   0.0   0.0
 4.850  397.5  90  27  36   1.563   0.0   0.0
 4.850  400.0  90  27  36   1.563   0.0   0.0
 4.875  125.0  90  30  39  -1.563  90.0  30.0
 4.875  377.5  90  30  39   1.563   0.0   0.0
 4.900  127.5 -90  27  36  -1.563  90.0  30.0
 4.900  130.0 -90  27  36  -1.563  90.0  30.0
 4.925  125.0  90  27  36  -1.563  90.0  30.0
 4.925  125.0 -90  24  33  -1.563  90.0  30.0
 4.925  410.0 -90  24  33  -1.563   0.0   0.0
 4.950  292.5 -90  27  36   7.813   0.0   0.0
 5.025  125.0  90  27  36  -1.563  90.0  30.0
 5.025  537.5  90  27  36   1.563   0.0   0.0
 5.075   85.0 -90  33  42  -7.813  30.0  30.0
 5.100  417.5  90  30  39   4.688  30.0  30.0
 5.100  435.0  90  30  39  -4.688  30.0  30.0
 5.150  130.0 -90  30  39  -1.563  90.0  30.0
 5.200   97.5 -90  30  39   7.813   0.0   0.0
 5.225  120.0  90  30  39   7.813   0.0   0.0
 5.250  135.0 -90  30  39  -1.563  90.0  30.0
 5.300  582.5  90  27  36  -1.563   0.0   0.0
 5.300  590.0  90  27  36  -1.563   0.0   0.0
 5.300  282.5 -90  27  36  -1.563  30.0  30.0
 5.300  285.0 -90  27  36  -1.563   0.0   0.0
 5.325  542.5  90  27  36   1.563   0.0   0.0
 5.325  567.5  90  27  36   1.563   0.0   0.0
 5.325  580.0  90  27  36  -1.563   0.0   0.0
 5.350  535.0  90  30  39   1.563   0.0   0.0
 5.400  522.5  90  27  36   1.563   0.0   0.0
 5.400  525.0  90  27  36   1.563   0.0   0.0
 5.400  292.5 -90  27  36  -1.563   0.0   0.0
 5.425  517.5  90  27  36   1.563   0.0   0.0
 5.425  520.0  90  27  39   1.563   0.0   0.0
 5.425  530.0  90  27  39   1.563   0.0   0.0
 5.425  532.5  90  27  36   1.563   0.0   0.0
 5.425  535.0  90  27  36   1.563   0.0   0.0
 5.425  540.0  90  27  39   1.563   0.0   0.0
 5.700  510.0  90  30  39  -1.563   0.0   0.0
 5.700  522.5  90  30  42  -1.563   0.0   0.0
 5.700  525.0  90  30  42   1.563   0.0   0.0
 5.725  505.0  90  30  39  -1.563   0.0   0.0
 5.725  515.0  90  30  39  -1.563   0.0   0.0
 5.725  517.5  90  30  39  -1.563   0.0   0.0
 5.725  522.5  90  30  39  -1.563   0.0   0.0
 5.725  525.0  90  30  39  -1.563   0.0   0.0
 5.725  527.5  90  30  42  -1.563   0.0   0.0
 5.750  505.0  90  33  42   1.563   0.0   0.0
 5.750  515.0  90  33  42  -1.563   0.0   0.0
 5.750  527.5  90  33  42  -1.563 150.0  30.0
 5.750  702.5 -90  30  39  -7.813   0.0   0.0
 5.775  107.5  90  24  33  -4.688   0.0   0.0
 5.775  225.0  90  24  33  -7.813   0.0   0.0
 5.775  227.5  90  24  33   7.813   0.0   0.0
 5.775  250.0  90  24  33  -7.813   0.0   0.0
 5.775  502.5  90  24  33   1.563   0.0   0.0
 5.775  505.0  90  24  36   1.563   0.0   0.0
 5.775  507.5  90  24  36   1.563   0.0   0.0
 5.775  510.0  90  24  36   1.563   0.0   0.0
 5.775  512.5  90  24  33   1.563   0.0   0.0
 5.775  520.0  90  24  33   1.563   0.0   0.0
 5.775  522.5  90  24  36   1.563   0.0   0.0
 5.775  525.0  90  24  39   1.563   0.0   0.0
 5.775  527.5  90  24  39  -1.563   0.0   0.0
 5.775  530.0  90  24  36   1.563   0.0   0.0
 5.775  532.5  90  24  36  -1.563   0.0   0.0
 5.775  542.5  90  24  33  -1.563   0.0   0.0
 5.775  180.0 -90  24  33  10.938   0.0   0.0
 5.775  242.5 -90  24  33  -4.688   0.0   0.0
 5.775  255.0 -90  24  33  -7.813   0.0   0.0
 5.775  420.0 -90  24  33  -1.563   0.0   0.0
 5.775  440.0 -90  24  33   1.563   0.0   0.0
 5.775  517.5 -90  24  33  -1.563 150.0  30.0
 5.775  525.0 -90  24  33   1.563 270.0  30.0
 5.800  307.5  90  33  42  10.938   0.0   0.0
 5.800  350.0 -90  33  42  -4.688   0.0   0.0
 5.850  512.5  90  27  36   1.563 210.0  30.0
 5.850  532.5  90  27  36  -1.563   0.0   0.0
 5.850  537.5  90  27  36   1.563   0.0   0.0
 5.850  655.0  90  27  36   1.563   0.0   0.0
 5.850  537.5 -90  27  36   1.563 210.0  30.0
 5.875  515.0  90  27  36  -1.563   0.0   0.0
 5.875  520.0  90  27  36   1.563   0.0   0.0
 5.875  530.0  90  27  36   1.563   0.0   0.0
 5.875  545.0  90  27  36   1.563   0.0   0.0
 5.900  517.5  90  27  39   1.563   0.0   0.0
 5.900  527.5  90  27  36   1.563   0.0   0.0
 5.900  545.0  90  27  39   1.563   0.0   0.0
 5.950  527.5  90  27  39   1.563   0.0   0.0
 5.950  530.0  90  27  36   1.563   0.0   0.0
 5.950  535.0  90  27  36   1.563   0.0   0.0
 5.950  555.0  90  27  36  -1.563   0.0   0.0
 5.950  557.5  90  27  39  -1.563   0.0   0.0
 5.950  560.0  90  27  39  -1.563   0.0   0.0
 5.975 1077.5 -90  27  36   4.688   0.0   0.0
 6.000  530.0  90  30  39   1.563   0.0   0.0
 6.000  770.0 -90  27  36  10.938   0.0   0.0
 6.025  537.5  90  30  39   1.563   0.0   0.0
 6.025  540.0  90  30  39   1.563   0.0   0.0
 6.025  552.5  90  30  39   1.563   0.0   0.0
 6.025  572.5  90  30  39  -1.563   0.0   0.0
 6.050  535.0  90  27  39   1.563   0.0   0.0
 6.050  540.0  90  27  42   1.563   0.0   0.0
 6.050  542.5  90  27  36   1.563   0.0   0.0
 6.050  545.0  90  27  36  -1.563   0.0   0.0
 6.050  555.0  90  27  36   1.563   0.0   0.0
 6.050  557.5  90  27  39   1.563   0.0   0.0
 6.050  560.0  90  27  39   1.563   0.0   0.0
 6.050  567.5  90  27  36   1.563   0.0   0.0
 6.050  572.5  90  27  36  -1.563   0.0   0.0
 6.050  582.5  90  27  36   1.563  30.0  30.0
 6.075  540.0  90  30  39   1.563   0.0   0.0
 6.075  542.5  90  30  39  -1.563   0.0   0.0
 6.075  547.5  90  30  39   1.563   0.0   0.0
 6.075  550.0  90  30  39   1.563   0.0   0.0
 6.075  552.5  90  30  42   1.563   0.0   0.0
 6.075  580.0  90  30  39  -1.563   0.0   0.0
 6.075  582.5  90  30  39   1.563   0.0   0.0
 6.075  585.0  90  30  42  -1.563   0.0   0.0
 6.075  595.0  90  30  39   1.563   0.0   0.0
 6.100  447.5  90  30  39   4.688   0.0   0.0
 6.100  550.0  90  30  39   1.563   0.0   0.0
 6.100  552.5  90  30  42   1.563   0.0   0.0
 6.100  585.0  90  30  39   1.563   0.0   0.0
 6.100  595.0  90  30  39  -1.563   0.0   0.0
 6.100  597.5  90  30  39   1.563   0.0   0.0
 6.100  662.5  90  30  39  -7.813   0.0   0.0
 6.125  552.5  90  27  36   1.563   0.0   0.0
 6.125  555.0  90  27  36   1.563   0.0   0.0
 6.125  557.5  90  27  36  -1.563   0.0   0.0
 6.125  560.0  90  27  36   1.563   0.0   0.0
 6.125  562.5  90  27  36   1.563   0.0   0.0
 6.125  567.5  90  27  39   1.563   0.0   0.0
 6.150  585.0  90  30  39   1.563   0.0   0.0
 6.150  587.5  90  30  39   1.563   0.0   0.0
 6.150   85.0 -90  30  39   7.813   0.0   0.0
 6.175  582.5  90  33  42   1.563   0.0   0.0
 6.175 1090.0 -90  33  42  -1.563   0.0   0.0
 6.175 1185.0 -90  33  42 -10.938   0.0   0.0
 6.225  587.5  90  30  42   1.563   0.0   0.0
 6.225  722.5  90  30  39   4.688   0.0   0.0
 6.225  142.5 -90  30  39  -7.813   0.0   0.0
 6.250  625.0  90  30  39  -1.563   0.0   0.0
 6.250  660.0  90  30  39  -1.563   0.0   0.0
 6.250  682.5  90  30  39   1.563   0.0   0.0
 6.250   90.0 -90  27  36  -7.813   0.0   0.0
 6.250  125.0 -90  27  36  10.938   0.0   0.0
 6.250  177.5 -90  27  36   7.813   0.0   0.0
 6.250  210.0 -90  27  36   7.813   0.0   0.0
 6.250  212.5 -90  27  36   7.813   0.0   0.0
 6.250  217.5 -90  27  36  -1.563   0.0   0.0
 6.250  220.0 -90  27  36  -7.813   0.0   0.0
 6.250  242.5 -90  27  36  -7.813   0.0   0.0
 6.250  575.0 -90  27  36   1.563   0.0   0.0
 6.250  587.5 -90  27  36   4.688   0.0   0.0
 6.250  597.5 -90  27  36  10.938   0.0   0.0
 6.250  605.0 -90  27  36   1.563   0.0   0.0
 6.250  610.0 -90  27  36 -10.938   0.0   0.0
 6.250  625.0 -90  27  36   4.688   0.0   0.0
 6.250  630.0 -90  27  36 -10.938   0.0   0.0
 6.250  642.5 -90  27  36 -10.938   0.0   0.0
 6.250  672.5 -90  27  36  -1.563   0.0   0.0
 6.250  677.5 -90  27  36 -10.938   0.0   0.0
 6.275   82.5  90  30  39  -1.563   0.0   0.0
 6.275  615.0  90  30  39   1.563   0.0   0.0
 6.275  617.5  90  30  39  -1.563   0.0   0.0
 6.275  620.0  90  30  39   1.563 210.0  30.0
 6.275  635.0  90  30  39   1.563   0.0   0.0
 6.300  635.0  90  30  39  -1.563   0.0   0.0
 6.300  637.5  90  30  39   1.563   0.0   0.0
 6.325  712.5  90  27  36   1.563   0.0   0.0
 6.725 1000.0  90  30  39  10.938   0.0   0.0
 6.800  145.0  90  27  36  -4.688   0.0   0.0
 6.800  872.5 -90  27  36  -1.563   0.0   0.0
 6.900  107.5  90  27  36   7.813 210.0  30.0
 6.975  485.0  90  27  36   4.688   0.0   0.0
 6.975  247.5 -90  27  36  10.938   0.0   0.0
 7.025  525.0  90  27  36   7.813   0.0   0.0
 7.025  125.0 -90  27  36  -1.563   0.0   0.0
 7.025  690.0 -90  27  36  -1.563   0.0   0.0
 7.025  717.5 -90  27  36   1.563   0.0   0.0
 7.025 1052.5 -90  27  36  -1.563   0.0   0.0
 7.025 1107.5 -90  27  36  10.938 150.0  30.0
 7.025 1122.5 -90  27  36 -10.938   0.0   0.0
 7.025 1220.0 -90  27  36  -4.688   0.0   0.0
 7.050 1270.0 -90  27  36  -1.563   0.0   0.0
 7.075  107.5 -90  30  39  -4.688   0.0   0.0
 7.075  145.0 -90  30  39  10.938   0.0   0.0
 7.125   85.0  90  27  36   7.813   0.0   0.0
 7.125  427.5  90  27  36  -4.688   0.0   0.0
 7.150  377.5 -90  27  36   4.688   0.0   0.0
 7.200  540.0  90  30  39  -1.563   0.0   0.0
 7.200  645.0  90  30  39  -7.813   0.0   0.0
 7.200  762.5  90  30  39 -10.938   0.0   0.0
 7.275  192.5 -90  36  45   4.688 150.0  30.0
 7.275  215.0 -90  36  45   7.813 150.0  30.0
 7.275  517.5 -90  36  45   7.813 150.0  30.0
 7.325  690.0  90  27  36 -10.938   0.0   0.0
 7.350   80.0  90  27  36  -7.813   0.0   0.0
 7.350   87.5  90  27  36  -7.813   0.0   0.0
 7.350  905.0  90  27  36   4.688   0.0   0.0
 7.350 1000.0  90  27  36  10.938   0.0   0.0
 7.350 1060.0  90  27  36  10.938   0.0   0.0
 7.350 1062.5  90  27  36  10.938   0.0   0.0
 7.350 1127.5  90  27  36  -7.813   0.0   0.0
 7.350 1170.0  90  27  36  -7.813   0.0   0.0
 7.350 1210.0  90  27  39   7.813   0.0   0.0
 7.350 1220.0  90  27  36   7.813   0.0   0.0
 7.350 1247.5  90  27  36   7.813   0.0   0.0
 7.350 1250.0  90  27  36   7.813   0.0   0.0
 7.350  132.5 -90  27  36  10.938   0.0   0.0
 7.350 1140.0 -90  27  36  -4.688   0.0   0.0
 7.350 1235.0 -90  27  36 -10.938   0.0   0.0
 7.350 1277.5 -90  27  36 -10.938   0.0   0.0
 7.450  237.5  90  27  36   4.688   0.0   0.0
 7.450  570.0  90  27  36  -4.688   0.0   0.0
 7.450  592.5  90  27  36   4.688   0.0   0.0
 7.450  607.5  90  27  36  -1.563   0.0   0.0
 7.500  137.5  90  27  36   7.813   0.0   0.0
 7.500  500.0  90  27  36  -1.563   0.0   0.0
 7.500 1275.0 -90  30  39  -1.563 210.0  30.0
 7.600 1190.0 -90  30  39   7.813   0.0   0.0
 7.725   82.5 -90  27  36  -7.813   0.0   0.0
 7.725  252.5 -90  27  36  10.938   0.0   0.0
 7.725  275.0 -90  27  36   1.563   0.0   0.0
 7.725  277.5 -90  27  36   4.688   0.0   0.0
 7.725  437.5 -90  27  36   7.813   0.0   0.0
 7.725  440.0 -90  27  36   7.813   0.0   0.0
 7.725  455.0 -90  27  36  -7.813   0.0   0.0
 7.725  470.0 -90  27  36   1.563   0.0   0.0
 7.725  627.5 -90  27  36  10.938   0.0   0.0
 7.725  660.0 -90  27  36   4.688   0.0   0.0
 7.725  710.0 -90  27  36  10.938   0.0   0.0
 7.800  117.5  90  30  39   7.813   0.0   0.0
 7.800  130.0  90  30  39  -7.813   0.0   0.0
 7.800  195.0  90  30  39  -4.688   0.0   0.0
 7.800  205.0  90  30  39  -1.563   0.0   0.0
 7.800  417.5  90  30  39  10.938   0.0   0.0
 7.800  662.5  90  30  39  -4.688   0.0   0.0
 7.800  685.0  90  30  39   7.813   0.0   0.0
 7.825  407.5 -90  30  39  10.938   0.0   0.0
 7.900  410.0  90  27  36   7.813   0.0   0.0
 7.900  475.0  90  27  36 -10.938   0.0   0.0
 7.900  575.0  90  27  36 -10.938   0.0   0.0
 7.900  740.0  90  27  36  -7.813   0.0   0.0
 7.925  637.5  90  27  36   4.688   0.0   0.0
 7.950  507.5  90  27  36  -7.813   0.0   0.0
 8.050 1050.0 -90  27  36  -1.563   0.0   0.0
 8.100  390.0  90  27  36 -10.938   0.0   0.0
 8.200  282.5  90  27  36  -7.813   0.0   0.0
 8.200  582.5 -90  27  36   1.563   0.0   0.0
 8.475  662.5  90  27  36 -10.938   0.0   0.0
 8.500  277.5 -90  27  36 -10.938   0.0   0.0
 8.550  615.0 -90  27  36   7.813   0.0   0.0
 8.650  102.5  90  27  36  -7.813   0.0   0.0
 8.750  102.5 -90  27  36 -10.938   0.0   0.0
 8.750  187.5 -90  27  36   1.563   0.0   0.0
 8.750  195.0 -90  27  36  -7.813   0.0   0.0
 8.750  455.0 -90  27  36   7.813   0.0   0.0
 9.000  225.0 -90  27  36  10.938   0.0   0.0
 9.000  402.5 -90  27  36  10.938   0.0   0.0
 9.100  687.5 -90  30  39  -7.813   0.0   0.0
 9.100 1157.5 -90  30  39   1.563   0.0   0.0
 9.175  325.0  90  27  36  -7.813   0.0   0.0
 9.175  327.5  90  27  36   4.688   0.0   0.0
 9.175  332.5  90  27  36   4.688   0.0   0.0
 9.175  322.5 -90  27  36 -10.938   0.0   0.0
 9.175  337.5 -90  27  36  -4.688   0.0   0.0
 9.175  460.0 -90  27  36   4.688   0.0   0.0
 9.175  492.5 -90  27  36  -1.563   0.0   0.0
 9.200  180.0 -90  27  36   7.813   0.0   0.0
 9.200  185.0 -90  27  36  -4.688   0.0   0.0
 9.200  207.5 -90  27  36  -4.688   0.0   0.0
 9.200  217.5 -90  27  36   1.563   0.0   0.0
 9.200  245.0 -90  27  36  -1.563   0.0   0.0
 9.200  320.0 -90  27  36  10.938   0.0   0.0
 9.200  367.5 -90  27  36   4.688   0.0   0.0
 9.200  370.0 -90  27  36   4.688   0.0   0.0
 9.225  230.0  90  27  36  10.938   0.0   0.0
 9.225  232.5  90  27  36  -4.688   0.0   0.0
 9.225  305.0 -90  27  36   7.813   0.0   0.0
 9.225  340.0 -90  27  36   1.563   0.0   0.0
 9.225  362.5 -90  27  36 -10.938   0.0   0.0
 9.225  372.5 -90  27  36  10.938   0.0   0.0
 9.225  375.0 -90  27  36  -1.563   0.0   0.0
 9.225  385.0 -90  27  36  -4.688   0.0   0.0
 9.225  420.0 -90  27  36  10.938   0.0   0.0
 9.250  590.0  90  27  36   1.563   0.0   0.0
 9.300  712.5 -90  27  36 -10.938   0.0   0.0
 9.300 1175.0 -90  27  36  10.938   0.0   0.0
 9.300 1207.5 -90  27  36 -10.938   0.0   0.0
 9.325  742.5 -90  27  36  10.938   0.0   0.0
 9.350  145.0  90  24  33   1.563   0.0   0.0
 9.350  165.0  90  24  33  -7.813   0.0   0.0
 9.350  362.5  90  24  33  -1.563   0.0   0.0
 9.350  152.5 -90  24  33  10.938   0.0   0.0
 9.350  382.5 -90  24  33   7.813   0.0   0.0
 9.375  100.0  90  24  33  -7.813   0.0   0.0
 9.375  102.5  90  24  33 -10.938   0.0   0.0
 9.375  207.5  90  24  33   4.688   0.0   0.0
 9.375  292.5  90  24  33  10.938   0.0   0.0
 9.375  295.0  90  24  33   7.813   0.0   0.0
 9.375  297.5  90  24  33   4.688   0.0   0.0
 9.375  315.0  90  24  33  10.938   0.0   0.0
 9.375  317.5  90  24  33   4.688   0.0   0.0
 9.375  335.0  90  24  33  -4.688   0.0   0.0
 9.375  372.5  90  24  33   7.813   0.0   0.0
 9.375  452.5  90  24  33   1.563   0.0   0.0
 9.400  292.5  90  24  33  -1.563   0.0   0.0
 9.400  375.0 -90  24  33   7.813   0.0   0.0
 9.400  400.0 -90  24  33  -7.813   0.0   0.0
 9.400  422.5 -90  24  33   1.563   0.0   0.0
 9.400  455.0 -90  24  33  -4.688   0.0   0.0
 9.400 1152.5 -90  24  33  10.938   0.0   0.0
 9.450  235.0  90  24  33 -10.938   0.0   0.0
 9.450  252.5  90  24  33 -10.938   0.0   0.0
 9.450  272.5  90  24  33   7.813   0.0   0.0
 9.450  115.0 -90  21  30  -4.688   0.0   0.0
 9.450  132.5 -90  21  30 -10.938   0.0   0.0
 9.450  172.5 -90  21  30   7.813   0.0   0.0
 9.450  220.0 -90  21  30   7.813   0.0   0.0
 9.450  252.5 -90  21  30  10.938   0.0   0.0
 9.450  297.5 -90  21  30   1.563   0.0   0.0
 9.450  347.5 -90  21  33   4.688   0.0   0.0
 9.450  357.5 -90  21  30  -4.688   0.0   0.0
 9.450  360.0 -90  21  30   4.688   0.0   0.0
 9.450  387.5 -90  21  30  -1.563   0.0   0.0
 9.450  420.0 -90  21  30   1.563   0.0   0.0
 9.475  282.5 -90  24  33  10.938   0.0   0.0
 9.625  150.0  90  24  33   7.813   0.0   0.0
 9.625  192.5  90  24  33   1.563   0.0   0.0
 9.625  292.5  90  24  33  -4.688   0.0   0.0
 9.625  305.0  90  24  33   1.563   0.0   0.0
 9.625  307.5  90  24  33   7.813   0.0   0.0
 9.625  407.5  90  24  33  -7.813   0.0   0.0
 9.625  157.5 -90  24  33  -7.813   0.0   0.0
 9.625  267.5 -90  24  33   7.813   0.0   0.0
 9.625  282.5 -90  24  33   1.563   0.0   0.0
 9.625  285.0 -90  24  33  -1.563   0.0   0.0
 9.625  317.5 -90  24  33  -1.563   0.0   0.0
 9.625  325.0 -90  24  33   7.813   0.0   0.0
 9.625  330.0 -90  24  33   7.813   0.0   0.0
 9.625  340.0 -90  24  33  -4.688   0.0   0.0
 9.625  350.0 -90  24  33   1.563   0.0   0.0
 9.625  372.5 -90  24  36  10.938   0.0   0.0
 9.625  377.5 -90  24  33  -1.563   0.0   0.0
 9.625  382.5 -90  24  33   7.813   0.0   0.0
 9.625  397.5 -90  24  33  -1.563   0.0   0.0
 9.625  405.0 -90  24  33  -4.688   0.0   0.0
 9.625  420.0 -90  24  33   4.688   0.0   0.0
 9.625  677.5 -90  24  33   4.688   0.0   0.0
 9.700  435.0 -90  27  36   7.813   0.0   0.0
 9.725  397.5  90  27  36  -1.563   0.0   0.0
 9.850  275.0 -90  27  36   7.813   0.0   0.0
 9.850  297.5 -90  27  36   4.688   0.0   0.0
 9.850  337.5 -90  27  36  -7.813   0.0   0.0
 9.875  232.5  90  27  36  -4.688   0.0   0.0
 9.875  360.0 -90  27  36  10.938   0.0   0.0
 9.875  447.5 -90  27  36 -10.938   0.0   0.0
 9.900  425.0  90  27  36  -1.563   0.0   0.0
 9.925  445.0 -90  27  36  -4.688   0.0   0.0
 9.950  322.5  90  27  36   1.563   0.0   0.0
 9.950  415.0 -90  27  36   7.813   0.0   0.0
 9.950  460.0 -90  27  36  -4.688   0.0   0.0
10.200 1097.5 -90  33  42   7.813   0.0   0.0
10.225  685.0  90  33  42   4.688   0.0   0.0
10.225  607.5 -90  33  42  -1.563   0.0   0.0
10.225 1130.0 -90  33  42   7.813   0.0   0.0
10.250 1120.0 -90  33  42   7.813   0.0   0.0
10.300  140.0 -90  30  39   7.813   0.0   0.0
10.300  155.0 -90  30  39 -10.938   0.0   0.0
10.325  135.0 -90  30  39   4.688   0.0   0.0
10.325  150.0 -90  30  39   1.563   0.0   0.0
10.325  155.0 -90  30  39  -7.813   0.0   0.0
10.325  350.0 -90  30  39   7.813   0.0   0.0
10.325  512.5 -90  30  39  -1.563   0.0   0.0
10.350  125.0  90  30  39 -10.938   0.0   0.0
10.350  272.5  90  30  39 -10.938   0.0   0.0
10.350  285.0  90  30  39   1.563   0.0   0.0
10.350  292.5  90  30  39  -4.688   0.0   0.0
10.350  310.0  90  30  39   1.563   0.0   0.0
10.375  660.0 -90  30  39   4.688   0.0   0.0
10.375 1187.5 -90  30  39 -10.938   0.0   0.0
10.400  210.0 -90  30  39  10.938   0.0   0.0
10.400  547.5 -90  30  39   4.688   0.0   0.0
10.450 1152.5 -90  33  42 -10.938   0.0   0.0
10.550  835.0  90  30  39   4.688   0.0   0.0
10.600  285.0 -90  30  39  10.938   0.0   0.0
10.625  247.5  90  30  39  -1.563   0.0   0.0
10.625  450.0  90  30  39  -1.563   0.0   0.0
10.625  300.0 -90  30  39  -1.563   0.0   0.0
10.625  305.0 -90  30  39  -7.813   0.0   0.0
10.775  152.5 -90  30  39  -4.688   0.0   0.0
10.825  405.0 -90  30  39 -10.938   0.0   0.0
10.850  632.5 -90  30  39   1.563   0.0   0.0
10.950  702.5 -90  27  36   7.813   0.0   0.0
10.950  870.0 -90  27  36  -4.688   0.0   0.0
11.025  185.0  90  27  36  -7.813   0.0   0.0
11.025  142.5 -90  27  36 -10.938   0.0   0.0
11.050  165.0  90  27  36  10.938   0.0   0.0
11.050  395.0 -90  27  36  -7.813   0.0   0.0
11.075  267.5  90  27  36   1.563   0.0   0.0
11.075  285.0  90  27  36  -4.688   0.0   0.0
11.075  170.0 -90  24  33 -10.938   0.0   0.0
11.075  177.5 -90  24  33  -4.688   0.0   0.0
11.075  200.0 -90  24  33  -1.563   0.0   0.0
11.075  225.0 -90  24  33  10.938   0.0   0.0
11.075  227.5 -90  24  33   7.813   0.0   0.0
11.075  232.5 -90  24  33 -10.938   0.0   0.0
11.075  240.0 -90  24  33   4.688   0.0   0.0
11.075  255.0 -90  24  33  -1.563   0.0   0.0
11.075  285.0 -90  24  33  -4.688   0.0   0.0
11.075  287.5 -90  24  33 -10.938   0.0   0.0
11.075  292.5 -90  24  33  -1.563   0.0   0.0
11.075  302.5 -90  24  33  -4.688   0.0   0.0
11.075  307.5 -90  24  33   7.813   0.0   0.0
11.075  332.5 -90  24  36   1.563   0.0   0.0
11.075  345.0 -90  24  33  -1.563   0.0   0.0
11.075  350.0 -90  24  33  10.938   0.0   0.0
11.075  382.5 -90  24  33  10.938   0.0   0.0
11.075  385.0 -90  24  33 -10.938   0.0   0.0
11.075  495.0 -90  24  33   7.813   0.0   0.0
11.100  375.0 -90  27  36  -4.688   0.0   0.0
11.125  105.0 -90  27  36 -10.938   0.0   0.0
11.125  262.5 -90  27  36   1.563   0.0   0.0
11.125  265.0 -90  27  36   4.688   0.0   0.0
11.125  330.0 -90  27  36  -7.813   0.0   0.0
11.125  382.5 -90  27  36 -10.938   0.0   0.0
11.125  385.0 -90  27  36  -4.688   0.0   0.0
11.125 1237.5 -90  27  36   1.563   0.0   0.0
11.175  905.0  90  30  39  -7.813   0.0   0.0
11.175 1162.5  90  30  39  -7.813   0.0   0.0
11.175 1045.0 -90  30  39   7.813   0.0   0.0
11.200  250.0 -90  30  39  -4.688   0.0   0.0
11.225  252.5  90  30  39  -7.813   0.0   0.0
11.225  417.5  90  30  39   7.813   0.0   0.0
11.225  450.0  90  30  39 -10.938   0.0   0.0
11.225  210.0 -90  30  39  -1.563   0.0   0.0
11.250   95.0  90  27  36  -1.563   0.0   0.0
11.250  130.0  90  27  36  -4.688   0.0   0.0
11.250  147.5  90  27  36  -7.813   0.0   0.0
11.250  152.5  90  27  36   4.688   0.0   0.0
11.250  167.5  90  27  36   4.688   0.0   0.0
11.250  215.0  90  27  36   4.688   0.0   0.0
11.250  387.5  90  27  36   4.688   0.0   0.0
11.250  425.0  90  27  36  -4.688   0.0   0.0
11.250  445.0  90  27  36  -1.563   0.0   0.0
11.250  450.0  90  27  36  -1.563   0.0   0.0
11.250  460.0  90  27  36   4.688   0.0   0.0
11.250  475.0  90  27  36 -10.938   0.0   0.0
11.250  157.5 -90  30  39  10.938   0.0   0.0
11.500  285.0  90  27  36   7.813   0.0   0.0
11.500  635.0  90  27  36 -10.938   0.0   0.0
11.525   87.5  90  27  36   1.563   0.0   0.0
11.525  655.0  90  27  36  -4.688   0.0   0.0
11.525  265.0 -90  27  36  -7.813   0.0   0.0
11.525  277.5 -90  27  36   7.813   0.0   0.0
11.525  367.5 -90  27  36   1.563   0.0   0.0
11.525  412.5 -90  27  36  -7.813   0.0   0.0
11.525  427.5 -90  27  36   7.813   0.0   0.0
11.550  137.5  90  27  36   1.563   0.0   0.0
11.550  245.0  90  27  36  10.938   0.0   0.0
11.550  260.0  90  27  36   4.688   0.0   0.0
11.550  265.0  90  27  36   4.688   0.0   0.0
11.550  280.0  90  27  36   7.813   0.0   0.0
11.550  292.5  90  27  36   1.563   0.0   0.0
11.550  300.0  90  27  36   1.563   0.0   0.0
11.550  307.5  90  27  36  10.938   0.0   0.0
11.550  320.0  90  27  36   4.688   0.0   0.0
11.550  427.5  90  27  36  -7.813   0.0   0.0
11.550  465.0  90  27  36  10.938   0.0   0.0
11.550   80.0 -90  27  36  -1.563   0.0   0.0
11.550  110.0 -90  27  36   4.688   0.0   0.0
11.550  145.0 -90  27  36 -10.938   0.0   0.0
11.550  155.0 -90  27  36   1.563   0.0   0.0
11.550  240.0 -90  27  36   4.688   0.0   0.0
11.550  270.0 -90  27  36  -7.813   0.0   0.0
11.550  350.0 -90  27  36  -4.688   0.0   0.0
11.550  355.0 -90  27  36   1.563   0.0   0.0
11.550  377.5 -90  27  36 -10.938   0.0   0.0
11.550  412.5 -90  27  36  -7.813   0.0   0.0
11.550  457.5 -90  27  36   7.813   0.0   0.0
11.575  427.5  90  27  36  -1.563   0.0   0.0
11.575  185.0 -90  27  36 -10.938   0.0   0.0
11.575  230.0 -90  27  36   4.688   0.0   0.0
11.575  232.5 -90  27  36   4.688   0.0   0.0
11.575  245.0 -90  27  36 -10.938   0.0   0.0
11.575  257.5 -90  27  36   7.813   0.0   0.0
11.575  285.0 -90  27  36   7.813   0.0   0.0
11.575  305.0 -90  27  36   4.688   0.0   0.0
11.575  307.5 -90  27  36   4.688   0.0   0.0
11.575  315.0 -90  27  36   7.813   0.0   0.0
11.575  347.5 -90  27  36  -7.813   0.0   0.0
11.575  367.5 -90  27  36   7.813   0.0   0.0
11.575  467.5 -90  27  36  10.938   0.0   0.0
11.700  165.0  90  30  39  -7.813   0.0   0.0
11.700  417.5  90  30  39   1.563   0.0   0.0
11.700  705.0  90  30  39  -1.563   0.0   0.0
11.700  732.5  90  30  39   7.813   0.0   0.0
11.700  817.5  90  30  39 -10.938   0.0   0.0
11.700  182.5 -90  30  39  -1.563   0.0   0.0
11.750  155.0 -90  30  39  10.938   0.0   0.0
11.825  367.5  90  30  39   4.688   0.0   0.0
11.875  630.0 -90  30  39 -10.938   0.0   0.0
11.875  867.5 -90  30  39   7.813   0.0   0.0
11.875 1260.0 -90  30  39   1.563   0.0   0.0
11.925 1090.0 -90  30  39  10.938   0.0   0.0
11.950  715.0  90  27  36   1.563   0.0   0.0

