X Y H
570 593 926
54 552 834
185 1336 892
258 525 562
265 1102 536
199 884 595
293 732 545
256 913 956
319 740 431
514 935 261
297 618 379
253 812 729
182 548 528
204 960 321
202 518 119
213 225 1061
10 579 500
179 1197 360
515 1005 523
170 1278 498
296 914 179
279 523 308
363 698 526
208 916 616
327 751 536
370 928 754
240 937 653
490 1063 735
379 973 771
64 1054 370
449 788 483
309 471 477
175 781 405
38 710 587
146 937 361
34 703 619
142 808 370
412 801 647
319 692 664
531 1018 902
286 533 873
359 923 233
484 1129 614
88 775 661
59 744 399
462 1065 219
626 561 1093
234 820 517
198 1057 216
312 967 659
209 509 198
463 996 280
231 1095 323
78 875 585
199 886 80
432 618 757
191 953 465
394 809 675
274 864 657
488 740 143
351 591 477
300 584 82
88 655 509
92 719 744
252 522 685
334 1010 782
237 808 674
429 852 495
415 675 903
232 503 420
102 818 334
311 460 497
327 766 586
328 882 530
185 795 566
42 735 785
371 1271 461
240 678 818
621 481 991
291 702 857
193 718 570
200 970 327
346 864 242
322 859 902
120 665 555
100 434 829
31 799 538
44 1087 296
316 823 171
485 975 455
268 826 508
274 841 168
148 838 865
211 1049 498
289 961 457
105 777 516
258 1214 59
86 918 404
98 805 518
278 940 504
